1.099999999999999971e-05 5.228172566635148399e+01
1.146425416845336279e-05 5.441330618056773005e+01
1.194810214899093767e-05 5.663179155302248802e+01
1.245237089697054123e-05 5.894072400297567071e+01
1.297792226933835247e-05 6.134379013871905784e+01
1.352565449764781371e-05 6.384482775101528063e+01
1.409650372324717407e-05 6.644783177553109965e+01
1.469144559725952558e-05 6.915696012291991224e+01
1.531149694808984924e-05 7.197654032028981419e+01
1.595771751930908765e-05 7.491107616595493823e+01
1.663121178088549932e-05 7.796525376545007191e+01
1.733313081685884237e-05 8.114394974379264625e+01
1.806467429268376686e-05 8.445223940275012353e+01
1.882709250560474673e-05 8.789540481091219704e+01
1.962168852156693681e-05 9.147894358782224344e+01
2.044982040231520506e-05 9.520857822855711561e+01
2.131290352648770292e-05 9.909026462134082180e+01
2.221241300867100160e-05 1.031302014500439697e+02
2.314988622055129440e-05 1.073348400631451227e+02
2.412692541847056562e-05 1.117108939612453469e+02
2.514520048187860672e-05 1.162653492464420850e+02
2.620645176736111618e-05 1.210054765258905434e+02
2.731249308312197637e-05 1.259388425371692364e+02
2.846521478900315518e-05 1.310733223120592186e+02
2.966658702734089467e-05 1.364171127393659049e+02
3.091866309017975379e-05 1.419787453250312126e+02
3.222358292859985350e-05 1.477670992629722946e+02
3.358357681015486319e-05 1.537914155948909354e+02
3.500096913067196353e-05 1.600613113418368414e+02
3.647818238692850253e-05 1.665867927357269878e+02
3.801774131699520165e-05 1.733782726693789016e+02
3.962227721532217081e-05 1.804465878495668392e+02
4.129453242994290241e-05 1.878030160243061175e+02
4.303736504948231620e-05 1.954592941920956264e+02
4.485375378797969956e-05 2.034276375843253390e+02
4.674680307587520490e-05 2.117207586652692726e+02
4.871974836586097894e-05 2.203518872847436683e+02
5.077596166266551609e-05 2.293347915810973348e+02
5.291895728622193496e-05 2.386837972145486049e+02
5.515239787807047991e-05 2.484138097307186399e+02
5.748010066126072457e-05 2.585403403675922505e+02
5.990604396445247250e-05 2.690795307078302585e+02
6.243437402136588633e-05 2.800481780883873739e+02
6.506941205720183266e-05 2.914637611742449508e+02
6.781566167414414628e-05 3.033444680102006714e+02
7.067781654856636667e-05 3.157092252250097886e+02
7.366076845309855417e-05 3.285777279362221748e+02
7.676961561726483032e-05 3.419704673974467823e+02
8.000967144098099335e-05 3.559087539613772151e+02
8.338647357580456594e-05 3.704147582536768937e+02
8.690579338945853731e-05 3.855115482145350825e+02
9.057364582980422874e-05 4.012231252004847306e+02
9.439629970512289727e-05 4.175744614762658102e+02
9.838028839827527581e-05 4.345915392125245376e+02
1.025324210330519695e-04 4.523013911494589365e+02
1.068597941117982794e-04 4.707321428192438475e+02
1.113698036442047014e-04 4.899130546654118348e+02
1.160701577879914723e-04 5.098745397236420445e+02
1.209688900230928345e-04 5.306482111395665697e+02
1.260743728818561967e-04 5.522669508503669249e+02
1.313953322587240043e-04 5.747649605347935449e+02
1.369408623238537077e-04 5.981778113875185454e+02
1.427204410661671394e-04 6.225424840094475485e+02
1.487439464923917141e-04 6.478974319822541474e+02
1.550216735097823743e-04 6.742826457839726118e+02
1.615643515213762977e-04 7.017397132408339075e+02
1.683831627638547525e-04 7.303118558661587940e+02
1.754897614193530507e-04 7.600439381334656446e+02
1.828962935338821697e-04 7.909825858415771336e+02
1.906154177764071548e-04 8.231762666389304286e+02
1.986603270740595125e-04 8.566753595900472646e+02
2.070447711604632640e-04 8.915321709647914759e+02
2.157830800757102945e-04 9.278009763121107198e+02
2.248901886581516517e-04 9.655381620621373031e+02
2.343816620698616396e-04 1.004802310228081410e+03
2.442737223994035723e-04 1.045654269448047444e+03
2.545832763873619566e-04 1.088157104654099157e+03
2.653279443220300121e-04 1.132376204030461849e+03
2.765260901546357387e-04 1.178379451226352330e+03
2.881968528855813360e-04 1.226237316984761037e+03
3.003601792753331895e-04 1.276022894267231777e+03
3.130368579358763022e-04 1.327811730787093438e+03
3.262485548609920160e-04 1.381682083242212684e+03
3.400178504560921809e-04 1.437715101174767824e+03
3.543682781308915065e-04 1.495994923549312944e+03
3.693243645208831808e-04 1.556608603340737545e+03
3.849116714063566605e-04 1.619645925009750499e+03
4.011568394006069711e-04 1.685199804455632830e+03
4.180876334819985576e-04 1.753366441717261068e+03
4.357329904477095063e-04 1.824245405833280529e+03
4.541230683702547318e-04 1.897939294940653099e+03
4.732892981413205523e-04 1.974553675322852996e+03
4.932644371909998592e-04 2.054197604200312526e+03
5.140826254742477145e-04 2.136983746698789218e+03
5.357794438202356704e-04 2.223028377109288158e+03
5.583919747443419779e-04 2.312450619799646120e+03
5.819588658267026929e-04 2.405372765049986356e+03
6.065203957656517368e-04 2.501920801227887296e+03
6.321185432189411644e-04 2.602224486972293107e+03
6.587970585504013179e-04 2.706417114414915432e+03
6.866015386046595784e-04 2.814634480709048603e+03
7.155795046377239023e-04 2.927015698421995694e+03
7.457804835366194139e-04 3.043703542492064571e+03
7.772560924668959429e-04 3.164844465039475836e+03
8.100601270926714899e-04 3.290587683520681367e+03
8.442486535200021368e-04 3.421084052166493620e+03
8.798801041207106278e-04 3.556487436358789637e+03
9.170153774004580812e-04 3.696954864950624142e+03
9.557179420817306847e-04 3.842646392390791334e+03
9.960539455796503863e-04 3.993723293063720575e+03
1.038092327055992539e-03 4.150347665679233614e+03
1.081904935244647203e-03 4.312683778143438758e+03
1.127566651249883216e-03 4.480897973891181209e+03
1.175155516527315921e-03 4.655158144217367408e+03
1.224752866266294333e-03 4.835630911468658269e+03
1.276443468401688465e-03 5.022482417718410034e+03
1.330315668492648056e-03 5.215879273231867955e+03
1.386461540715969686e-03 5.415988247424136716e+03
1.444977045232119549e-03 5.622974732163325825e+03
1.505962192192887052e-03 5.836998984613393077e+03
1.569521212670952183e-03 6.058218448332047956e+03
1.635762736803540512e-03 6.286788129703678351e+03
1.704799979454605426e-03 6.522860038490638544e+03
1.776750933712879267e-03 6.766580067137311744e+03
1.851738572556480434e-03 7.018085123844992268e+03
1.929891059028774475e-03 7.277505874025358025e+03
2.011341965284680570e-03 7.544966391826784275e+03
2.096230500881826175e-03 7.820582994122379205e+03
2.184701750706687182e-03 8.104456763754161329e+03
2.276906922942409546e-03 8.396672696747098598e+03
2.373003607502076687e-03 8.697303759605154482e+03
2.473156045369139661e-03 9.006410032499879890e+03
2.577535409305345415e-03 9.324036885522811644e+03
2.686320096405905682e-03 9.650209305228918311e+03
2.799696033001950086e-03 9.984933130369407081e+03
2.917856992431357068e-03 1.032819577368126556e+04
3.041004926221090206e-03 1.067996501640210954e+04
3.169350309247031660e-03 1.104017449703696911e+04
3.303112499461295214e-03 1.140869353340330417e+04
3.442520112801775861e-03 1.178535329896907206e+04
3.587811413924755794e-03 1.216995189879346799e+04
3.739234723428313048e-03 1.256225299192535749e+04
3.897048842262600989e-03 1.296199492545917747e+04
4.061523494052304319e-03 1.336889555640160324e+04
4.232939786087309628e-03 1.378263826244675693e+04
4.411590689769412550e-03 1.420286967311797343e+04
4.597781541336276590e-03 1.462919516441952874e+04
4.791830563718391806e-03 1.506113489256642606e+04
4.994069410420983075e-03 1.549813033047801764e+04
5.204843732360382204e-03 1.593957213239294288e+04
5.424513768623716488e-03 1.638479999029458122e+04
5.653454962161551418e-03 1.683309037602487660e+04
5.892058601465812416e-03 1.728360174378934244e+04
6.140732489329630943e-03 1.773541031516654766e+04
6.399901639832203219e-03 1.818753049217664011e+04
6.670009004739800747e-03 1.863891565026767785e+04
6.951516230564521934e-03 1.908847440600776099e+04
7.244904447574595369e-03 1.953509656001385156e+04
7.550675092104853874e-03 1.997762668342718825e+04
7.869350763572726531e-03 2.041486145035096342e+04
8.201476117664573476e-03 2.084554425870226987e+04
8.547618797218801273e-03 2.126809470158615295e+04
8.908370402396907986e-03 2.168052963429563533e+04
9.284347501800484931e-03 2.208076680579359891e+04
9.676192686262338749e-03 2.246665331036054340e+04
1.008457566711281651e-02 2.283601318128355342e+04
1.051019442079831855e-02 2.318701103573870932e+04
1.095377638180840274e-02 2.351803473235643469e+04
1.141607968595026099e-02 2.382749077250257324e+04
1.189789446609555539e-02 2.411381171279149930e+04
1.240004420261401653e-02 2.437520562982438423e+04
1.292338713080215702e-02 2.460874183654666558e+04
1.346881770771228039e-02 2.481117189896023774e+04
1.403726814088900217e-02 2.497928113704861971e+04
1.462970998162585294e-02 2.510992821881724012e+04
1.524715578546527103e-02 2.520043602674097201e+04
1.589066084277981558e-02 2.524901065917126471e+04
1.656132498239246825e-02 2.525414201214969580e+04
1.726029445131851969e-02 2.521453878709091805e+04
1.798876387384189257e-02 2.512912237308381373e+04
1.874797829327409793e-02 2.499641202444553710e+04
1.953923529988552815e-02 2.481456000333487100e+04
2.036388724864579905e-02 2.458204473247431815e+04
2.122334357056381710e-02 2.429774233348935013e+04
2.211907318157763092e-02 2.396109158743795706e+04
2.305260699311149214e-02 2.357303876967979886e+04
2.402554052859051312e-02 2.313545226071796787e+04
2.503953665038536822e-02 2.265056801299495419e+04
2.609632840184736985e-02 2.212098313812419656e+04
2.719772196929151620e-02 2.155044472292018327e+04
2.834559976898962802e-02 2.094409212344023399e+04
2.954192366445001008e-02 2.030716679116909290e+04
3.078873831948201675e-02 1.964498346484218928e+04
3.208817469277647910e-02 1.896454175740398205e+04
3.344245367997480262e-02 1.827366190636339161e+04
3.485388990945086085e-02 1.757953058099278132e+04
3.632489569829421006e-02 1.689022988057855400e+04
3.785798517525486989e-02 1.621491550944029041e+04
3.945577857769645008e-02 1.556150000433834612e+04
4.112100672990265382e-02 1.493576276318752025e+04
4.285651571038961993e-02 1.434172764111393735e+04
4.466527171620190279e-02 1.378377778589525042e+04
4.655036613250639055e-02 1.327000784844736881e+04
4.851502081614694067e-02 1.280735903840404717e+04
5.056259360219216709e-02 1.239192087816189814e+04
5.269658404288597026e-02 1.201447744254854842e+04
5.492063938880981794e-02 1.166731237865079856e+04
5.723856082248059141e-02 1.134367146678791869e+04
5.965430995503592793e-02 1.103417161647801368e+04
6.217201559711173914e-02 1.072776052390166842e+04
6.479598081548514077e-02 1.041196244349343579e+04
6.753069028754084269e-02 1.007362350470379533e+04
7.038081796613387953e-02 9.698955014123457659e+03
7.335123506794623272e-02 9.278829956316087191e+03
7.644701839899131768e-02 8.810111589060450569e+03
7.967345903149697373e-02 8.296971680959259174e+03
8.303607134699440839e-02 7.753750227070353503e+03
8.654060246107007914e-02 7.200521612816603010e+03
9.019304204588990403e-02 6.659129754260825393e+03
9.399963256728020855e-02 6.151478150665954672e+03
9.796687995386599290e-02 5.697940799024093394e+03
1.021015647164981582e-01 5.314197579763335852e+03
1.064107535369749058e-01 5.007189029708842099e+03
1.109018113458661303e-01 4.771264162340008625e+03
1.155824139100795900e-01 4.587241840152043551e+03
1.204605609516846559e-01 4.427109962823627939e+03
1.255445898204166078e-01 4.260545885165524851e+03
1.308431897432252577e-01 4.061893520510928738e+03
1.363654166752275854e-01 3.817808835542842644e+03
1.421207087774417621e-01 3.532551413862376648e+03
1.481189025477574750e-01 3.226608271036046972e+03
1.543702496327152840e-01 2.930559389917973931e+03
1.608854343488219374e-01 2.676525508227740374e+03
1.676755919433554898e-01 2.483612747984077487e+03
1.747523276258636793e-01 2.346354412099989986e+03
1.821277364028849322e-01 2.240755261948495900e+03
1.898144237497952358e-01 2.136348216914714612e+03
1.978255271551059846e-01 2.006076941066310610e+03
2.061747385740369254e-01 1.845104993636693052e+03
2.148763278297443347e-01 1.674622015641751887e+03
2.239451670021905816e-01 1.522457289078519125e+03
2.333967558463496683e-01 1.406533436116066696e+03
2.432472482831826155e-01 1.322425184963798074e+03
2.535134800086622509e-01 1.247395547239241523e+03
2.642129972680384298e-01 1.160179331581004817e+03
2.753640868445154655e-01 1.060497816406514403e+03
2.869858073135989618e-01 9.648443022543576717e+02
2.990980216165349259e-01 8.880741940344486238e+02
3.117214310085010820e-01 8.279507017835614988e+02
3.248776104395867392e-01 7.697428647922622531e+02
3.385890454290185758e-01 7.062070916711729751e+02
3.528791704956607544e-01 6.445608626948334177e+02
3.677724092104764919e-01 5.928381568176411065e+02
3.832942159393951109e-01 5.485825071428379260e+02
3.994711193479337230e-01 5.045505744561374399e+02
4.163307677419350594e-01 4.613292912087286481e+02
4.339019763218967540e-01 4.231468093468528764e+02
4.522147764316776786e-01 3.893423270218218022e+02
4.713004668857338486e-01 3.567940305058607464e+02
4.911916674626169987e-01 3.263963431302435083e+02
5.119223746561701871e-01 2.992348757666117649e+02
5.335280197796853363e-01 2.740249307186299461e+02
5.560455295223565297e-01 2.505240456162374301e+02
5.795133890615037364e-01 2.291870960114378590e+02
6.039717078384432281e-01 2.095045297575968561e+02
6.294622881104332546e-01 1.913666806066981678e+02
6.560286963958393835e-01 1.747881805600630116e+02
6.837163379346383740e-01 1.595358062533275358e+02
7.125725342915323335e-01 1.455599536366372320e+02
7.426466042342791951e-01 1.327553680247039551e+02
7.739899480255060249e-01 1.210249285022543830e+02
8.066561352720379441e-01 1.102815285066021858e+02
8.407009964819032177e-01 1.004512457948002009e+02
8.761827184855045525e-01 9.146241138105744994e+01
9.131619438840232750e-01 8.324513479659593429e+01
9.517018746950347552e-01 7.573744631047514986e+01
9.918683803724950288e-01 6.888097008228260165e+01
1.033730110385677747e+00 6.262188068922311857e+01
1.077358611549523060e+00 5.691031083254543432e+01
1.122828450306887271e+00 5.170106090973195734e+01
1.170217340171705089e+00 4.695242195938078567e+01
1.219606274550897096e+00 4.262583467545041316e+01
1.271079665172001327e+00 3.868549405707701538e+01
1.324725486353128368e+00 3.509756172179599787e+01
1.380635425361843360e+00 3.183137125040324733e+01
1.438905039119898532e+00 2.886081678425145114e+01
1.499633917521712378e+00 2.615903038888617615e+01
1.562925853645668717e+00 2.370294794966471130e+01
1.628889021149170668e+00 2.147119595484828380e+01
1.697636159150665458e+00 1.944373008512288337e+01
1.769284764914560215e+00 1.760283972063117020e+01
1.843957294668432834e+00 1.593144916393644372e+01
1.921781372895690065e+00 1.441480526074549395e+01
2.002890010461402692e+00 1.303906608381865517e+01
2.087421831944156647e+00 1.179145800511413178e+01
2.175521312562398002e+00 1.066046205712075157e+01
2.267339025100235439e+00 9.635433035702099858e+00
2.363031897254762370e+00 8.706689630410400227e+00
2.462763479844650050e+00 7.865522533593519938e+00
2.566704226338520023e+00 7.103917135454930865e+00
2.675031784180752492e+00 6.414517887727318346e+00
2.787931298412673620e+00 5.790615376553174265e+00
2.905595728108097298e+00 5.226165648832248323e+00
3.028226176163961281e+00 4.715679409896337049e+00
3.156032233009751220e+00 4.254112819492164022e+00
3.289232334823204873e+00 3.836875641924707647e+00
3.428054136864408186e+00 3.459804110768031293e+00
3.572734902566505610e+00 3.119109493785734877e+00
3.723521909047902145e+00 2.811384951242925201e+00
3.880672869739074216e+00 2.533503012022048306e+00
4.044456374846365776e+00 2.282617160219770014e+00
4.215152350405480419e+00 2.056158744519233750e+00
4.393052536709271649e+00 1.851806235536727518e+00
4.578460986927630927e+00 1.667450879385935281e+00
4.771694586771468849e+00 1.501149846061506032e+00
4.973083596089193925e+00 1.351186800129731802e+00
5.182972213321149546e+00 1.215983094618137361e+00
5.401719163776808941e+00 1.094108053934558011e+00
5.629698312740241128e+00 9.842721905289263384e-01
5.867299304451568887e+00 8.853053758872271306e-01
6.114928228056578874e+00 7.961558202127303474e-01
6.373008311662804459e+00 7.158575580859346532e-01
6.641980645688017049e+00 6.435520005358545959e-01
6.922304936737760706e+00 5.784538507979568589e-01
7.214460293300114735e+00 5.198557686244906773e-01
7.518946044600641976e+00 4.671182833747959395e-01
7.836282594017174752e+00 4.196657978725755189e-01
8.167012308512715535e+00 3.769742974529425306e-01
8.511700445606978249e+00 3.385732211852141016e-01
8.870936119470568926e+00 3.040388776903393819e-01
9.245333307793082156e+00 2.729855825329571273e-01
9.635531901146135780e+00 2.450679114445486750e-01
1.004219879663455295e+01 2.199737564278698987e-01
1.046602903770499537e+01 1.974203962165678727e-01
1.090774700206032399e+01 1.771547499376986967e-01
1.136810763970951399e+01 1.589468942756874503e-01
1.184789776326965871e+01 1.425910275690560336e-01
1.234793739272487478e+01 1.279007397082226605e-01
1.286908115694065380e+01 1.147084956834179270e-01
1.341221975432921987e+01 1.028633603780329392e-01
1.397828147516195330e+01 9.222920000623402448e-02
1.456823378813088610e+01 8.268381267072076601e-02
1.518308499387116584e+01 7.411666163471131163e-02
1.582388594826991834e+01 6.642894880063528185e-02
1.649173185850762735e+01 5.953099167781953499e-02
1.718776415490103915e+01 5.334280703383023625e-02
1.791317244174703305e+01 4.779192930672260253e-02
1.866919653050202044e+01 4.281350716836158921e-02
1.945712855877118841e+01 3.834898216846446134e-02
2.027831519872958665e+01 3.434592511661983816e-02
2.113415995874973774e+01 3.075704974992933896e-02
2.202612558216878824e+01 2.753991634036631955e-02
2.295573654729596669e+01 2.465640589237637695e-02
2.392458167293229820e+01 2.207220808112215701e-02
2.493431683385608011e+01 1.975656280813584131e-02
2.598666779091561452e+01 1.768179816275359389e-02
2.708343314056517315e+01 1.582308466998054441e-02
2.822648738888655018e+01 1.415811794655441082e-02
2.941778415534902180e+01 1.266688684008734737e-02
3.065935951178374097e+01 1.133140396756951093e-02
3.195333546227970345e+01 1.013555536785394617e-02
3.330192356994810865e+01 9.064849906739776836e-03
3.470742873675388296e+01 8.106310631349804285e-03
3.617225314287537685e+01 7.248273608829446449e-03
3.769890035232354819e+01 6.480292102184591861e-03
3.928997959183935507e+01 5.792988175670763309e-03
4.094821021038113429e+01 5.177959635765073607e-03
4.267642632682419190e+01 4.627657052362218158e-03
4.447758167381697803e+01 4.135329591538400816e-03
4.635475464607107199e+01 3.694913825186255021e-03
4.831115356171390118e+01 3.300979683212237979e-03
5.035012214569724875e+01 2.948659194456664922e-03
5.247514524463138486e+01 2.633590944600585574e-03
5.468985478281461354e+01 2.351865706955785871e-03
5.699803596963565155e+01 2.099984076768265841e-03
5.940363376895906811e+01 1.874806690768263681e-03
6.191075964155141520e+01 1.673524956193998998e-03
6.452369857207008863e+01 1.493624666965057005e-03
6.724691639262566412e+01 1.332850850321418319e-03
7.008506741543584440e+01 1.189186061727484731e-03
7.304300238761318553e+01 1.060824915906338978e-03
7.612577678168571538e+01 9.461499685689885464e-04
7.933865943601742288e+01 8.437144731835336626e-04
8.268714155989671610e+01 7.522227478411386064e-04
8.617694611868547838e+01 6.705152827442244093e-04
8.981403761506547312e+01 5.975555767141892561e-04
9.360463228310372585e+01 5.324150711545565890e-04
9.755520871255612292e+01 4.742635654367619155e-04
1.016725189215691358e+02 4.223581374133015599e-04
1.059635998967045225e+02 3.760348579180604030e-04
1.104357856200109467e+02 3.346993264962099392e-04
1.150967196036939839e+02 2.978201898720545123e-04
1.199543679538139571e+02 2.649223962184279763e-04
1.250170329853365274e+02 2.355810798700048222e-04
1.302933674118015972e+02 2.094164828654801328e-04
1.357923891338698468e+02 1.860890776771216115e-04
1.415234966520191335e+02 1.652952527169700538e-04
1.474964851297279438e+02 1.467638592180273518e-04
1.537215631346089992e+02 1.303100362443596093e-04
1.602093700861009324e+02 1.157008655705923131e-04
1.669709944395338539e+02 1.027295416347004679e-04
1.740179926376567607e+02 9.121244402477496295e-05
1.813624088620132397e+02 8.098653817182447398e-05
1.890167956179164435e+02 7.190706745315243980e-05
1.969942351882180276e+02 6.384550403601637095e-05
2.053083619925277503e+02 5.668772945397427616e-05
2.139733858901064423e+02 5.033241916038740099e-05
2.230041164662486608e+02 4.468960819102490490e-05
2.324159883436767871e+02 3.967941763147212012e-05
2.422250875622007129e+02 3.523092386137727201e-05
2.524481790717221372e+02 3.128115456870207678e-05
2.631027353855859019e+02 2.777419732168155564e-05
2.742069664432443687e+02 2.466040807955094285e-05
2.857798507332653912e+02 2.189570843781859071e-05
2.978411677298918221e+02 1.944096165997795779e-05
3.104115316985848949e+02 1.726141866284308467e-05
3.235124269283180638e+02 1.532622611294659211e-05
3.371662444508580734e+02 1.360798967067503189e-05
3.513963203097732730e+02 1.208238619948146809e-05
3.662269754445904937e+02 1.072781945065796000e-05
3.816835572582471627e+02 9.525114349585541950e-06
3.977924829389052661e+02 8.457245555816649319e-06
4.145812846101602531e+02 7.509096454521057269e-06
4.320786563867986843e+02 6.667245167608936572e-06
4.503145034165520997e+02 5.919774555331631797e-06
4.693199929916563065e+02 5.256103518767030486e-06
4.891276078175550310e+02 4.666837215128962402e-06
5.097712015298193933e+02 4.143634065567571184e-06
5.312860565541561755e+02 3.679087672840025679e-06
5.537089444083763965e+02 3.266621977293111287e-06
5.770781885494205881e+02 2.900398166999144523e-06
6.014337298728379437e+02 2.575232024276914601e-06
6.268171949766494890e+02 2.286520538565535320e-06
6.532719673063006667e+02 2.030176746792366063e-06
6.808432613022697524e+02 1.802571878843546729e-06
7.095781996770853084e+02 1.600483989155781654e-06
7.395258939537877723e+02 1.421052347264723286e-06
7.707375284035356344e+02 1.261736941668351971e-06
8.032664475257896584e+02 1.120282523747199438e-06
8.371682472205699241e+02 9.946866827517213619e-07
8.725008698086537606e+02 8.831714999303956249e-07
9.093247030620958640e+02 7.841583805379994897e-07
9.477026834142965299e+02 6.962457074491644151e-07
9.877004035260690671e+02 6.181890000446112973e-07
1.029386224391528913e+03 5.488832975017790598e-07
1.072831392175369956e+03 4.873475171099538488e-07
1.118110159981279821e+03 4.327105661881923012e-07
1.165299914759587182e+03 3.841990110081175121e-07
1.214481309570996473e+03 3.411261281644282803e-07
1.265738401432546652e+03 3.028821834057123712e-07
1.319158794981321080e+03 2.689258003139313458e-07
1.374833792201503911e+03 2.387762966487004823e-07
1.432858548470605001e+03 2.120068798706282527e-07
1.493332235191648124e+03 1.882386055204094911e-07
1.556358209289240676e+03 1.671350129292543937e-07
1.622044189859164590e+03 1.483973623244532357e-07
1.690502442273494808e+03 1.317604059071483810e-07
1.761849970055865697e+03 1.169886330382285640e-07
1.836208714854765049e+03 1.038729363796744446e-07
1.913705764856734731e+03 9.222765179767645817e-08
1.994473571995643169e+03 8.188793012476994760e-08
2.078650178329195569e+03 7.270740357598633150e-08
2.166379451969712136e+03 6.455611378510471292e-08
2.257811332972310993e+03 5.731867213054788753e-08
2.353102089600826275e+03 5.089262630873091403e-08
2.452414585409329447e+03 4.518701003228165922e-08
2.555918557595878610e+03 4.012105532284605866e-08
2.663790907104171765e+03 3.562304916985882546e-08
2.776216000968836397e+03 3.162931837028659420e-08
2.893385987421257596e+03 2.808332817886385730e-08
3.015501124294431065e+03 2.493488200942923037e-08
3.142770121288024711e+03 2.213941085843590555e-08
3.275410496678802701e+03 1.965734239180582830e-08
3.413648949085991717e+03 1.745354076400140863e-08
3.557721744926869633e+03 1.549680923946475903e-08
3.707875122224994811e+03 1.375944857559682699e-08
3.864365711461133287e+03 1.221686491580201779e-08
4.027460974186054045e+03 1.084722164198213812e-08
4.197439660145068956e+03 9.631130258147849482e-09
4.374592283695405968e+03 8.551375929335307603e-09
4.559221620330820770e+03 7.592673790591850346e-09
4.751643224161852231e+03 6.741452576371694289e-09
4.952185967236414399e+03 5.985662507426905400e-09
5.161192601622397888e+03 5.314604715664879757e-09
5.379020345212754364e+03 4.718779792332332734e-09
5.606041492254601508e+03 4.189753315593161616e-09
5.842644049645672567e+03 3.720036453925628388e-09
6.089232400085428708e+03 3.302979955175801532e-09
6.346227993214590242e+03 2.932680020589725944e-09
6.614070065924169285e+03 2.603894731389123662e-09
6.893216393064896693e+03 2.311969844835853309e-09
7.184144069840489465e+03 2.052772909363645480e-09
7.487350327221648513e+03 1.822634766119307067e-09
7.803353381774685658e+03 1.618297608816647605e-09
8.132693321356834531e+03 1.436868866645030868e-09
8.475933028192517668e+03 1.275780257404862310e-09
8.833659140907973779e+03 1.132751431231412821e-09
9.206483057168228697e+03 1.005757690252154943e-09
9.595041978630533777e+03 8.930013272211858362e-10
1.000000000000002001e+04 7.928861774040916345e-10
