1.142558000000000046e-01 1.478027126200000794e+02 2.361486461603383091e+01
1.491538000000000030e-01 1.340181017999999540e+02 2.102296919659356078e+01
1.947110999999999981e-01 9.574695658000005949e+01 2.093220000139190162e+01
2.541833000000000009e-01 5.811120880000000710e+01 1.019036225695606568e+01
3.318206000000000211e-01 4.745280908000000153e+01 7.963196321544617540e+00
4.331712999999999814e-01 5.625104953999999680e+01 7.725232714988615079e+00
5.654782999999999893e-01 4.866403509999998533e+01 6.050074118644657162e+00
7.381969999999999921e-01 3.967342864399997637e+01 5.929699057822501729e+00
9.636704999999999854e-01 3.108139737099999067e+01 4.513660944087097171e+00
1.258011999999999908e+00 3.512189588000001805e+01 4.051395430077958437e+00
1.642257000000000078e+00 2.591073771000000292e+01 3.131957715777160534e+00
2.143864999999999910e+00 2.284081593999999882e+01 3.093880152783114124e+00
2.798683000000000032e+00 1.729279615459999064e+01 2.408779986344917301e+00
3.653507999999999978e+00 1.777866301999998910e+01 2.427646232829436368e+00
4.769428999999999697e+00 1.479922525599999794e+01 2.389280142855795930e+00
6.226193999999999562e+00 1.138126398799999883e+01 2.159944790626162625e+00
8.127912000000000248e+00 9.029192863400000491e+00 1.590358491126050877e+00
1.061049000000000042e+01 7.356287841999998633e+00 1.213475333531262690e+00
1.385133000000000081e+01 5.652625840000000679e+00 9.459752781268122579e-01
1.808205999999999847e+01 3.951692612000000437e+00 8.221419144358841358e-01
2.360501000000000005e+01 3.233833846000000012e+00 7.074863796634442981e-01
3.081487999999999872e+01 2.385895791999999904e+00 6.750524065918348526e-01
4.022691999999999979e+01 3.288128568000001639e-01 6.291093117924159150e-01
5.251375999999999777e+01 -4.184937331999999399e-01 7.011158671967439027e-01
