5.000000E-01 1.122018E-01 3.674840E+01 2.290000E+02 8.940000E+02 8.940000E+02 2.129700E+04
1.500000E+00 1.122018E-01 2.083261E+01 1.320000E+02 8.680000E+02 8.680000E+02 2.106700E+04
2.500000E+00 1.122018E-01 1.021547E+01 7.000000E+01 9.010000E+02 9.010000E+02 2.119100E+04
3.500000E+00 1.122018E-01 8.973236E+00 6.200000E+01 8.910000E+02 8.910000E+02 2.099800E+04
4.500000E+00 1.122018E-01 4.562484E+00 3.500000E+01 8.440000E+02 8.440000E+02 2.082100E+04
5.500000E+00 1.122018E-01 3.600874E+00 3.000000E+01 8.850000E+02 8.850000E+02 2.074000E+04
6.500000E+00 1.122018E-01 1.702709E+00 1.800000E+01 8.330000E+02 8.330000E+02 2.042700E+04
7.500000E+00 1.122018E-01 5.315811E-01 1.100000E+01 8.180000E+02 8.180000E+02 2.060800E+04
8.500000E+00 1.122018E-01 3.557073E-01 9.000000E+00 7.570000E+02 7.570000E+02 2.037900E+04
9.500000E+00 1.122018E-01 1.251863E+00 1.300000E+01 6.890000E+02 6.890000E+02 2.046800E+04
1.050000E+01 1.122018E-01 5.382345E-01 1.000000E+01 7.540000E+02 7.540000E+02 2.034300E+04
1.150000E+01 1.122018E-01 1.687017E+00 1.600000E+01 7.210000E+02 7.210000E+02 2.026000E+04
1.250000E+01 1.122018E-01 3.295982E-01 8.000000E+00 7.000000E+02 7.000000E+02 1.982100E+04
1.350000E+01 1.122018E-01 -3.430060E-03 7.000000E+00 7.600000E+02 7.600000E+02 2.035400E+04
1.450000E+01 1.122018E-01 -3.132618E-01 5.000000E+00 7.390000E+02 7.390000E+02 2.001600E+04
1.550000E+01 1.122018E-01 1.439137E+00 1.400000E+01 6.880000E+02 6.880000E+02 1.997600E+04
1.650000E+01 1.122018E-01 6.417114E-01 1.000000E+01 7.140000E+02 7.140000E+02 1.956000E+04
1.750000E+01 1.122018E-01 7.557248E-01 1.000000E+01 6.770000E+02 6.770000E+02 1.965600E+04
1.850000E+01 1.122018E-01 1.468449E-01 8.000000E+00 7.540000E+02 7.540000E+02 1.935000E+04
1.950000E+01 1.122018E-01 -4.356750E-02 7.000000E+00 7.590000E+02 7.590000E+02 1.951400E+04
5.000000E-01 1.412538E-01 2.456794E+01 1.510000E+02 9.000000E+02 9.000000E+02 2.051500E+04
1.500000E+00 1.412538E-01 1.308474E+01 8.400000E+01 8.260000E+02 8.260000E+02 2.065100E+04
2.500000E+00 1.412538E-01 6.787054E+00 4.800000E+01 8.790000E+02 8.790000E+02 2.044800E+04
3.500000E+00 1.412538E-01 5.036163E+00 3.700000E+01 8.250000E+02 8.250000E+02 2.042100E+04
4.500000E+00 1.412538E-01 4.274516E+00 3.200000E+01 7.870000E+02 7.870000E+02 2.043100E+04
5.500000E+00 1.412538E-01 1.817095E+00 1.800000E+01 7.960000E+02 7.960000E+02 2.026800E+04
6.500000E+00 1.412538E-01 2.584379E+00 2.300000E+01 8.430000E+02 8.430000E+02 1.991000E+04
7.500000E+00 1.412538E-01 1.530861E+00 1.600000E+01 7.780000E+02 7.780000E+02 1.981600E+04
8.500000E+00 1.412538E-01 1.075536E-01 7.000000E+00 7.150000E+02 7.150000E+02 1.987800E+04
9.500000E+00 1.412538E-01 1.289704E-01 7.000000E+00 7.070000E+02 7.070000E+02 1.981900E+04
1.050000E+01 1.412538E-01 4.234993E-01 9.000000E+00 7.250000E+02 7.250000E+02 1.946500E+04
1.150000E+01 1.412538E-01 -8.927335E-02 6.000000E+00 7.110000E+02 7.110000E+02 1.933300E+04
1.250000E+01 1.412538E-01 9.962949E-01 1.200000E+01 7.170000E+02 7.170000E+02 1.948300E+04
1.350000E+01 1.412538E-01 3.302151E-01 8.000000E+00 6.940000E+02 6.940000E+02 1.930500E+04
1.450000E+01 1.412538E-01 5.982019E-01 9.000000E+00 6.660000E+02 6.660000E+02 1.917100E+04
1.550000E+01 1.412538E-01 6.312483E-01 1.000000E+01 7.140000E+02 7.140000E+02 1.900500E+04
1.650000E+01 1.412538E-01 -2.368044E-01 5.000000E+00 6.920000E+02 6.920000E+02 1.898700E+04
1.750000E+01 1.412538E-01 7.536983E-01 1.000000E+01 6.750000E+02 6.750000E+02 1.901000E+04
1.850000E+01 1.412538E-01 1.091746E-01 7.000000E+00 6.990000E+02 6.990000E+02 1.884300E+04
1.950000E+01 1.412538E-01 1.275239E-01 8.000000E+00 7.470000E+02 7.470000E+02 1.844300E+04
5.000000E-01 1.778279E-01 1.893214E+01 1.870000E+02 1.343000E+03 1.343000E+03 3.263100E+04
1.500000E+00 1.778279E-01 9.679512E+00 1.030000E+02 1.413000E+03 1.413000E+03 3.250700E+04
2.500000E+00 1.778279E-01 7.579520E+00 8.300000E+01 1.361000E+03 1.361000E+03 3.254000E+04
3.500000E+00 1.778279E-01 4.739507E+00 5.600000E+01 1.312000E+03 1.312000E+03 3.234900E+04
4.500000E+00 1.778279E-01 3.187943E+00 4.200000E+01 1.328000E+03 1.328000E+03 3.209000E+04
5.500000E+00 1.778279E-01 5.485737E+00 6.200000E+01 1.298000E+03 1.298000E+03 3.191200E+04
6.500000E+00 1.778279E-01 2.529929E+00 3.500000E+01 1.264000E+03 1.264000E+03 3.211000E+04
7.500000E+00 1.778279E-01 1.222445E+00 2.200000E+01 1.194000E+03 1.194000E+03 3.171200E+04
8.500000E+00 1.778279E-01 1.203374E+00 2.100000E+01 1.145000E+03 1.145000E+03 3.156300E+04
9.500000E+00 1.778279E-01 1.353313E+00 2.300000E+01 1.186000E+03 1.186000E+03 3.138500E+04
1.050000E+01 1.778279E-01 1.208654E+00 2.100000E+01 1.144000E+03 1.144000E+03 3.105000E+04
1.150000E+01 1.778279E-01 3.293914E-01 1.500000E+01 1.244000E+03 1.244000E+03 3.106100E+04
1.250000E+01 1.778279E-01 2.793277E-01 1.200000E+01 1.085000E+03 1.085000E+03 3.055400E+04
1.350000E+01 1.778279E-01 1.229147E-01 1.200000E+01 1.162000E+03 1.162000E+03 3.034100E+04
1.450000E+01 1.778279E-01 5.449582E-01 1.500000E+01 1.125000E+03 1.125000E+03 3.017900E+04
1.550000E+01 1.778279E-01 -5.074736E-01 6.000000E+00 1.117000E+03 1.117000E+03 3.003200E+04
1.650000E+01 1.778279E-01 -1.052283E-01 1.000000E+01 1.147000E+03 1.147000E+03 2.970600E+04
1.750000E+01 1.778279E-01 -4.627685E-01 7.000000E+00 1.147000E+03 1.147000E+03 2.974100E+04
1.850000E+01 1.778279E-01 1.552789E-01 1.200000E+01 1.133000E+03 1.133000E+03 2.945600E+04
1.950000E+01 1.778279E-01 -4.848631E-01 6.000000E+00 1.103000E+03 1.103000E+03 2.992700E+04
5.000000E-01 2.238721E-01 1.447671E+01 2.350000E+02 2.202000E+03 2.202000E+03 5.228800E+04
1.500000E+00 2.238721E-01 1.103502E+01 1.820000E+02 2.175000E+03 2.175000E+03 5.159300E+04
2.500000E+00 2.238721E-01 4.989383E+00 9.200000E+01 2.047000E+03 2.047000E+03 5.143700E+04
3.500000E+00 2.238721E-01 3.788548E+00 7.500000E+01 2.078000E+03 2.078000E+03 5.123700E+04
4.500000E+00 2.238721E-01 3.035780E+00 6.300000E+01 2.032000E+03 2.032000E+03 5.056100E+04
5.500000E+00 2.238721E-01 1.862868E+00 4.600000E+01 2.006000E+03 2.006000E+03 5.099900E+04
6.500000E+00 2.238721E-01 1.806269E+00 4.400000E+01 1.953000E+03 1.953000E+03 4.967500E+04
7.500000E+00 2.238721E-01 2.910012E+00 5.900000E+01 1.935000E+03 1.935000E+03 4.946900E+04
8.500000E+00 2.238721E-01 1.112238E+00 3.300000E+01 1.875000E+03 1.875000E+03 4.964100E+04
9.500000E+00 2.238721E-01 7.592789E-01 2.700000E+01 1.810000E+03 1.810000E+03 4.942000E+04
1.050000E+01 2.238721E-01 -3.968394E-01 1.100000E+01 1.810000E+03 1.810000E+03 4.926500E+04
1.150000E+01 2.238721E-01 7.876663E-01 2.800000E+01 1.843000E+03 1.843000E+03 4.854200E+04
1.250000E+01 2.238721E-01 -3.548374E-02 1.600000E+01 1.794000E+03 1.794000E+03 4.835800E+04
1.350000E+01 2.238721E-01 1.255550E-01 1.800000E+01 1.778000E+03 1.778000E+03 4.803600E+04
1.450000E+01 2.238721E-01 1.347342E-01 1.700000E+01 1.710000E+03 1.710000E+03 4.797000E+04
1.550000E+01 2.238721E-01 -1.180474E-01 1.500000E+01 1.783000E+03 1.783000E+03 4.738200E+04
1.650000E+01 2.238721E-01 4.882162E-03 1.600000E+01 1.744000E+03 1.744000E+03 4.732300E+04
1.750000E+01 2.238721E-01 -9.855080E-02 1.500000E+01 1.766000E+03 1.766000E+03 4.730000E+04
1.850000E+01 2.238721E-01 1.121412E+00 3.000000E+01 1.694000E+03 1.694000E+03 4.689800E+04
1.950000E+01 2.238721E-01 -1.920095E-01 1.400000E+01 1.770000E+03 1.770000E+03 4.677600E+04
5.000000E-01 2.818383E-01 1.104810E+01 2.890000E+02 3.458000E+03 3.458000E+03 8.179300E+04
1.500000E+00 2.818383E-01 8.560360E+00 2.300000E+02 3.392000E+03 3.392000E+03 8.146600E+04
2.500000E+00 2.818383E-01 6.002558E+00 1.690000E+02 3.315000E+03 3.315000E+03 8.065900E+04
3.500000E+00 2.818383E-01 3.037333E+00 1.010000E+02 3.284000E+03 3.284000E+03 8.022500E+04
4.500000E+00 2.818383E-01 3.092619E+00 1.000000E+02 3.169000E+03 3.169000E+03 7.968300E+04
5.500000E+00 2.818383E-01 1.638228E+00 6.900000E+01 3.263000E+03 3.263000E+03 7.968900E+04
6.500000E+00 2.818383E-01 1.351859E+00 6.100000E+01 3.170000E+03 3.170000E+03 7.942600E+04
7.500000E+00 2.818383E-01 8.278810E-01 4.700000E+01 3.030000E+03 3.030000E+03 7.847900E+04
8.500000E+00 2.818383E-01 1.574653E+00 6.200000E+01 2.944000E+03 2.944000E+03 7.827800E+04
9.500000E+00 2.818383E-01 3.469265E-01 3.600000E+01 3.000000E+03 3.000000E+03 7.786300E+04
1.050000E+01 2.818383E-01 4.031568E-02 2.800000E+01 2.914000E+03 2.914000E+03 7.729700E+04
1.150000E+01 2.818383E-01 4.616531E-01 3.500000E+01 2.786000E+03 2.786000E+03 7.735700E+04
1.250000E+01 2.818383E-01 2.327083E-01 3.100000E+01 2.832000E+03 2.832000E+03 7.639600E+04
1.350000E+01 2.818383E-01 7.888699E-01 4.100000E+01 2.715000E+03 2.715000E+03 7.609500E+04
1.450000E+01 2.818383E-01 1.877797E-01 3.000000E+01 2.811000E+03 2.811000E+03 7.500800E+04
1.550000E+01 2.818383E-01 1.252815E-01 2.900000E+01 2.835000E+03 2.835000E+03 7.535200E+04
1.650000E+01 2.818383E-01 2.348718E-01 3.000000E+01 2.747000E+03 2.747000E+03 7.463600E+04
1.750000E+01 2.818383E-01 4.354980E-01 3.500000E+01 2.794000E+03 2.794000E+03 7.461800E+04
1.850000E+01 2.818383E-01 6.916821E-01 3.800000E+01 2.653000E+03 2.653000E+03 7.473000E+04
1.950000E+01 2.818383E-01 1.553716E-03 2.700000E+01 2.851000E+03 2.851000E+03 7.409600E+04
5.000000E-01 3.548134E-01 1.040314E+01 4.310000E+02 5.365000E+03 5.365000E+03 1.290300E+05
1.500000E+00 3.548134E-01 7.049079E+00 3.050000E+02 5.223000E+03 5.223000E+03 1.278740E+05
2.500000E+00 3.548134E-01 4.012133E+00 1.960000E+02 5.244000E+03 5.244000E+03 1.276530E+05
3.500000E+00 3.548134E-01 3.512233E+00 1.770000E+02 5.231000E+03 5.231000E+03 1.264580E+05
4.500000E+00 3.548134E-01 2.480409E+00 1.390000E+02 5.141000E+03 5.141000E+03 1.269090E+05
5.500000E+00 3.548134E-01 2.158073E+00 1.270000E+02 5.142000E+03 5.142000E+03 1.253190E+05
6.500000E+00 3.548134E-01 1.770369E+00 1.080000E+02 4.829000E+03 4.829000E+03 1.248810E+05
7.500000E+00 3.548134E-01 1.874284E+00 1.130000E+02 4.916000E+03 4.916000E+03 1.244480E+05
8.500000E+00 3.548134E-01 1.140769E+00 8.500000E+01 4.779000E+03 4.779000E+03 1.233620E+05
9.500000E+00 3.548134E-01 8.634253E-01 7.100000E+01 4.516000E+03 4.516000E+03 1.226680E+05
1.050000E+01 3.548134E-01 1.800550E-01 4.800000E+01 4.533000E+03 4.533000E+03 1.214570E+05
1.150000E+01 3.548134E-01 4.017962E-01 5.300000E+01 4.372000E+03 4.372000E+03 1.206930E+05
1.250000E+01 3.548134E-01 4.026860E-01 5.500000E+01 4.491000E+03 4.491000E+03 1.208430E+05
1.350000E+01 3.548134E-01 2.021960E-01 4.700000E+01 4.414000E+03 4.414000E+03 1.203910E+05
1.450000E+01 3.548134E-01 6.852309E-02 4.300000E+01 4.428000E+03 4.428000E+03 1.192870E+05
1.550000E+01 3.548134E-01 2.187419E-02 4.100000E+01 4.388000E+03 4.388000E+03 1.184330E+05
1.650000E+01 3.548134E-01 5.250946E-02 4.200000E+01 4.383000E+03 4.383000E+03 1.181930E+05
1.750000E+01 3.548134E-01 2.428907E-01 4.800000E+01 4.354000E+03 4.354000E+03 1.174370E+05
1.850000E+01 3.548134E-01 8.208108E-01 6.700000E+01 4.347000E+03 4.347000E+03 1.166590E+05
1.950000E+01 3.548134E-01 1.376287E-01 4.300000E+01 4.250000E+03 4.250000E+03 1.165360E+05
5.000000E-01 4.466836E-01 8.303892E+00 5.610000E+02 8.647000E+03 8.647000E+03 2.026340E+05
1.500000E+00 4.466836E-01 5.159583E+00 3.760000E+02 8.384000E+03 8.384000E+03 2.013610E+05
2.500000E+00 4.466836E-01 4.388585E+00 3.300000E+02 8.276000E+03 8.276000E+03 2.007850E+05
3.500000E+00 4.466836E-01 3.646141E+00 2.830000E+02 8.039000E+03 8.039000E+03 1.992760E+05
4.500000E+00 4.466836E-01 2.599725E+00 2.250000E+02 8.096000E+03 8.096000E+03 1.985230E+05
5.500000E+00 4.466836E-01 1.268312E+00 1.470000E+02 7.882000E+03 7.882000E+03 1.970300E+05
6.500000E+00 4.466836E-01 1.795232E+00 1.730000E+02 7.708000E+03 7.708000E+03 1.958370E+05
7.500000E+00 4.466836E-01 8.840760E-01 1.200000E+02 7.537000E+03 7.537000E+03 1.950370E+05
8.500000E+00 4.466836E-01 6.595530E-01 1.050000E+02 7.373000E+03 7.373000E+03 1.944210E+05
9.500000E+00 4.466836E-01 9.946062E-01 1.240000E+02 7.414000E+03 7.414000E+03 1.935790E+05
1.050000E+01 4.466836E-01 7.222207E-01 1.030000E+02 7.037000E+03 7.037000E+03 1.917570E+05
1.150000E+01 4.466836E-01 5.053196E-01 9.100000E+01 7.008000E+03 7.008000E+03 1.904780E+05
1.250000E+01 4.466836E-01 5.153945E-01 9.400000E+01 7.150000E+03 7.150000E+03 1.898910E+05
1.350000E+01 4.466836E-01 2.201187E-01 7.700000E+01 7.066000E+03 7.066000E+03 1.891170E+05
1.450000E+01 4.466836E-01 1.678205E-01 7.300000E+01 6.980000E+03 6.980000E+03 1.881680E+05
1.550000E+01 4.466836E-01 1.079634E-01 7.000000E+01 6.963000E+03 6.963000E+03 1.863690E+05
1.650000E+01 4.466836E-01 1.411314E-01 7.200000E+01 6.967000E+03 6.967000E+03 1.855600E+05
1.750000E+01 4.466836E-01 4.088967E-01 8.700000E+01 7.024000E+03 7.024000E+03 1.850940E+05
1.850000E+01 4.466836E-01 2.793228E-01 7.700000E+01 6.822000E+03 6.822000E+03 1.844610E+05
1.950000E+01 4.466836E-01 3.026251E-01 7.700000E+01 6.738000E+03 6.738000E+03 1.834410E+05
5.000000E-01 5.623413E-01 7.629697E+00 8.170000E+02 1.325300E+04 1.325300E+04 3.191730E+05
1.500000E+00 5.623413E-01 4.829674E+00 5.610000E+02 1.312100E+04 1.312100E+04 3.167870E+05
2.500000E+00 5.623413E-01 3.261181E+00 4.200000E+02 1.315300E+04 1.315300E+04 3.138560E+05
3.500000E+00 5.623413E-01 2.580562E+00 3.490000E+02 1.251700E+04 1.251700E+04 3.132040E+05
4.500000E+00 5.623413E-01 1.941840E+00 2.950000E+02 1.268100E+04 1.268100E+04 3.112590E+05
5.500000E+00 5.623413E-01 1.906604E+00 2.870000E+02 1.240300E+04 1.240300E+04 3.102530E+05
6.500000E+00 5.623413E-01 1.769309E+00 2.700000E+02 1.213000E+04 1.213000E+04 3.081750E+05
7.500000E+00 5.623413E-01 1.193227E+00 2.180000E+02 1.201000E+04 1.201000E+04 3.066460E+05
8.500000E+00 5.623413E-01 1.308385E+00 2.230000E+02 1.172700E+04 1.172700E+04 3.045460E+05
9.500000E+00 5.623413E-01 1.107318E+00 1.980000E+02 1.126400E+04 1.126400E+04 3.037190E+05
1.050000E+01 5.623413E-01 8.365841E-01 1.740000E+02 1.120800E+04 1.120800E+04 3.025650E+05
1.150000E+01 5.623413E-01 8.090415E-01 1.730000E+02 1.128000E+04 1.128000E+04 3.000410E+05
1.250000E+01 5.623413E-01 5.045344E-01 1.410000E+02 1.088400E+04 1.088400E+04 2.977320E+05
1.350000E+01 5.623413E-01 4.600978E-01 1.390000E+02 1.097200E+04 1.097200E+04 2.961260E+05
1.450000E+01 5.623413E-01 2.699172E-01 1.260000E+02 1.111600E+04 1.111600E+04 2.940950E+05
1.550000E+01 5.623413E-01 1.968206E-01 1.150000E+02 1.081400E+04 1.081400E+04 2.936260E+05
1.650000E+01 5.623413E-01 5.942929E-01 1.500000E+02 1.093400E+04 1.093400E+04 2.920360E+05
1.750000E+01 5.623413E-01 3.259748E-01 1.260000E+02 1.080200E+04 1.080200E+04 2.907710E+05
1.850000E+01 5.623413E-01 1.038941E-01 1.070000E+02 1.075100E+04 1.075100E+04 2.907430E+05
1.950000E+01 5.623413E-01 -1.516497E-01 8.400000E+01 1.058100E+04 1.058100E+04 2.884720E+05
5.000000E-01 7.079458E-01 6.007991E+00 1.049000E+03 2.065500E+04 2.065500E+04 4.991810E+05
1.500000E+00 7.079458E-01 4.221721E+00 7.940000E+02 2.062100E+04 2.062100E+04 4.950080E+05
2.500000E+00 7.079458E-01 3.499484E+00 6.860000E+02 2.021100E+04 2.021100E+04 4.941130E+05
3.500000E+00 7.079458E-01 2.799925E+00 5.840000E+02 2.003900E+04 2.003900E+04 4.902580E+05
4.500000E+00 7.079458E-01 1.971292E+00 4.670000E+02 1.990700E+04 1.990700E+04 4.880930E+05
5.500000E+00 7.079458E-01 1.682022E+00 4.140000E+02 1.914500E+04 1.914500E+04 4.852960E+05
6.500000E+00 7.079458E-01 1.425056E+00 3.830000E+02 1.939400E+04 1.939400E+04 4.842940E+05
7.500000E+00 7.079458E-01 1.369224E+00 3.630000E+02 1.867300E+04 1.867300E+04 4.812880E+05
8.500000E+00 7.079458E-01 1.091381E+00 3.200000E+02 1.835600E+04 1.835600E+04 4.775550E+05
9.500000E+00 7.079458E-01 1.107321E+00 3.170000E+02 1.805300E+04 1.805300E+04 4.755630E+05
1.050000E+01 7.079458E-01 5.603761E-01 2.400000E+02 1.781000E+04 1.781000E+04 4.740230E+05
1.150000E+01 7.079458E-01 5.712252E-01 2.360000E+02 1.746300E+04 1.746300E+04 4.709390E+05
1.250000E+01 7.079458E-01 2.183358E-01 1.860000E+02 1.723100E+04 1.723100E+04 4.681830E+05
1.350000E+01 7.079458E-01 4.092619E-01 2.110000E+02 1.718900E+04 1.718900E+04 4.647090E+05
1.450000E+01 7.079458E-01 1.591811E-01 1.800000E+02 1.726000E+04 1.726000E+04 4.626870E+05
1.550000E+01 7.079458E-01 4.857694E-01 2.170000E+02 1.691600E+04 1.691600E+04 4.606790E+05
1.650000E+01 7.079458E-01 2.832549E-01 1.940000E+02 1.707700E+04 1.707700E+04 4.580680E+05
1.750000E+01 7.079458E-01 2.486793E-01 1.920000E+02 1.719400E+04 1.719400E+04 4.557450E+05
1.850000E+01 7.079458E-01 2.205273E-01 1.820000E+02 1.679600E+04 1.679600E+04 4.544720E+05
1.950000E+01 7.079458E-01 3.277338E-02 1.620000E+02 1.697600E+04 1.697600E+04 4.509100E+05
5.000000E-01 8.912509E-01 5.096538E+00 1.438000E+03 3.223100E+04 3.223100E+04 7.795240E+05
1.500000E+00 8.912509E-01 3.867914E+00 1.164000E+03 3.224700E+04 3.224700E+04 7.732660E+05
2.500000E+00 8.912509E-01 2.950000E+00 9.600000E+02 3.208100E+04 3.208100E+04 7.701770E+05
3.500000E+00 8.912509E-01 2.107077E+00 7.680000E+02 3.158300E+04 3.158300E+04 7.664500E+05
4.500000E+00 8.912509E-01 1.852761E+00 7.070000E+02 3.127900E+04 3.127900E+04 7.618150E+05
5.500000E+00 8.912509E-01 1.625195E+00 6.430000E+02 3.041800E+04 3.041800E+04 7.570760E+05
6.500000E+00 8.912509E-01 1.167108E+00 5.370000E+02 2.991800E+04 2.991800E+04 7.543160E+05
7.500000E+00 8.912509E-01 1.052027E+00 5.020000E+02 2.928900E+04 2.928900E+04 7.506830E+05
8.500000E+00 8.912509E-01 9.327141E-01 4.630000E+02 2.846100E+04 2.846100E+04 7.475970E+05
9.500000E+00 8.912509E-01 9.782539E-01 4.650000E+02 2.800800E+04 2.800800E+04 7.436420E+05
1.050000E+01 8.912509E-01 8.306134E-01 4.340000E+02 2.798800E+04 2.798800E+04 7.394850E+05
1.150000E+01 8.912509E-01 6.615562E-01 3.940000E+02 2.767900E+04 2.767900E+04 7.360970E+05
1.250000E+01 8.912509E-01 4.533628E-01 3.430000E+02 2.716500E+04 2.716500E+04 7.315670E+05
1.350000E+01 8.912509E-01 2.741635E-01 3.070000E+02 2.715900E+04 2.715900E+04 7.269010E+05
1.450000E+01 8.912509E-01 1.318922E-01 2.740000E+02 2.687100E+04 2.687100E+04 7.232170E+05
1.550000E+01 8.912509E-01 1.729526E-01 2.820000E+02 2.680200E+04 2.680200E+04 7.197360E+05
1.650000E+01 8.912509E-01 1.460991E-01 2.740000E+02 2.660100E+04 2.660100E+04 7.163920E+05
1.750000E+01 8.912509E-01 9.025958E-02 2.640000E+02 2.660300E+04 2.660300E+04 7.116550E+05
1.850000E+01 8.912509E-01 7.603977E-03 2.460000E+02 2.651600E+04 2.651600E+04 7.116780E+05
1.950000E+01 8.912509E-01 -1.497373E-02 2.380000E+02 2.619000E+04 2.619000E+04 7.047310E+05
5.000000E-01 1.122018E+00 4.381207E+00 1.978000E+03 4.932000E+04 4.932000E+04 1.211161E+06
1.500000E+00 1.122018E+00 3.566239E+00 1.691000E+03 4.916800E+04 4.916800E+04 1.201474E+06
2.500000E+00 1.122018E+00 2.810934E+00 1.438000E+03 4.939300E+04 4.939300E+04 1.198178E+06
3.500000E+00 1.122018E+00 2.194138E+00 1.220000E+03 4.891200E+04 4.891200E+04 1.191645E+06
4.500000E+00 1.122018E+00 1.616000E+00 1.010000E+03 4.797600E+04 4.797600E+04 1.187908E+06
5.500000E+00 1.122018E+00 1.393108E+00 9.190000E+02 4.702800E+04 4.702800E+04 1.181770E+06
6.500000E+00 1.122018E+00 1.262815E+00 8.660000E+02 4.647300E+04 4.647300E+04 1.176183E+06
7.500000E+00 1.122018E+00 1.149412E+00 8.070000E+02 4.520300E+04 4.520300E+04 1.171072E+06
8.500000E+00 1.122018E+00 1.058950E+00 7.570000E+02 4.400200E+04 4.400200E+04 1.165867E+06
9.500000E+00 1.122018E+00 8.346519E-01 6.800000E+02 4.377500E+04 4.377500E+04 1.159106E+06
1.050000E+01 1.122018E+00 6.453336E-01 6.070000E+02 4.306000E+04 4.306000E+04 1.152368E+06
1.150000E+01 1.122018E+00 4.747528E-01 5.460000E+02 4.268700E+04 4.268700E+04 1.148914E+06
1.250000E+01 1.122018E+00 2.628394E-01 4.740000E+02 4.238800E+04 4.238800E+04 1.141904E+06
1.350000E+01 1.122018E+00 2.291258E-01 4.650000E+02 4.237500E+04 4.237500E+04 1.132491E+06
1.450000E+01 1.122018E+00 1.163791E-01 4.320000E+02 4.244700E+04 4.244700E+04 1.125706E+06
1.550000E+01 1.122018E+00 9.251831E-02 4.100000E+02 4.151200E+04 4.151200E+04 1.120902E+06
1.650000E+01 1.122018E+00 1.389958E-01 4.330000E+02 4.194900E+04 4.194900E+04 1.116649E+06
1.750000E+01 1.122018E+00 -2.234007E-02 3.750000E+02 4.143000E+04 4.143000E+04 1.111976E+06
1.850000E+01 1.122018E+00 9.134528E-02 4.060000E+02 4.108000E+04 4.108000E+04 1.106761E+06
1.950000E+01 1.122018E+00 1.067179E-02 3.870000E+02 4.134600E+04 4.134600E+04 1.100867E+06
5.000000E-01 1.412538E+00 3.829127E+00 2.756000E+03 7.539500E+04 7.539500E+04 1.876117E+06
1.500000E+00 1.412538E+00 3.372709E+00 2.506000E+03 7.543100E+04 7.543100E+04 1.861277E+06
2.500000E+00 1.412538E+00 2.474804E+00 2.017000E+03 7.444500E+04 7.444500E+04 1.854817E+06
3.500000E+00 1.412538E+00 1.879791E+00 1.709000E+03 7.466600E+04 7.466600E+04 1.848873E+06
4.500000E+00 1.412538E+00 1.737212E+00 1.615000E+03 7.360900E+04 7.360900E+04 1.838363E+06
5.500000E+00 1.412538E+00 1.353208E+00 1.395000E+03 7.235400E+04 7.235400E+04 1.833127E+06
6.500000E+00 1.412538E+00 1.074040E+00 1.231000E+03 7.116500E+04 7.116500E+04 1.822917E+06
7.500000E+00 1.412538E+00 9.250616E-01 1.132000E+03 6.980200E+04 6.980200E+04 1.813870E+06
8.500000E+00 1.412538E+00 8.764394E-01 1.082000E+03 6.828000E+04 6.828000E+04 1.805017E+06
9.500000E+00 1.412538E+00 5.277065E-01 8.880000E+02 6.718000E+04 6.718000E+04 1.794577E+06
1.050000E+01 1.412538E+00 4.223812E-01 8.150000E+02 6.593800E+04 6.593800E+04 1.788701E+06
1.150000E+01 1.412538E+00 3.148807E-01 7.580000E+02 6.565400E+04 6.565400E+04 1.779286E+06
1.250000E+01 1.412538E+00 2.737492E-01 7.290000E+02 6.500400E+04 6.500400E+04 1.767190E+06
1.350000E+01 1.412538E+00 1.636688E-01 6.760000E+02 6.495700E+04 6.495700E+04 1.756677E+06
1.450000E+01 1.412538E+00 1.302138E-01 6.430000E+02 6.384500E+04 6.384500E+04 1.747832E+06
1.550000E+01 1.412538E+00 4.118551E-02 6.110000E+02 6.441700E+04 6.441700E+04 1.739848E+06
1.650000E+01 1.412538E+00 4.075846E-02 6.080000E+02 6.406400E+04 6.406400E+04 1.728252E+06
1.750000E+01 1.412538E+00 1.867119E-03 5.880000E+02 6.387900E+04 6.387900E+04 1.721140E+06
1.850000E+01 1.412538E+00 -1.043045E-02 5.770000E+02 6.348000E+04 6.348000E+04 1.715370E+06
1.950000E+01 1.412538E+00 -9.469499E-02 5.470000E+02 6.394700E+04 6.394700E+04 1.706262E+06
5.000000E-01 1.778279E+00 2.962538E+00 3.539000E+03 1.162560E+05 1.162560E+05 2.882146E+06
1.500000E+00 1.778279E+00 2.556702E+00 3.173000E+03 1.145560E+05 1.145560E+05 2.862261E+06
2.500000E+00 1.778279E+00 2.263332E+00 2.920000E+03 1.137710E+05 1.137710E+05 2.851567E+06
3.500000E+00 1.778279E+00 1.700436E+00 2.457000E+03 1.131600E+05 1.131600E+05 2.843695E+06
4.500000E+00 1.778279E+00 1.238065E+00 2.068000E+03 1.120640E+05 1.120640E+05 2.828439E+06
5.500000E+00 1.778279E+00 1.067557E+00 1.894000E+03 1.097810E+05 1.097810E+05 2.820073E+06
6.500000E+00 1.778279E+00 9.563784E-01 1.769000E+03 1.075720E+05 1.075720E+05 2.806414E+06
7.500000E+00 1.778279E+00 6.716306E-01 1.530000E+03 1.066340E+05 1.066340E+05 2.791686E+06
8.500000E+00 1.778279E+00 5.338879E-01 1.387000E+03 1.044530E+05 1.044530E+05 2.779038E+06
9.500000E+00 1.778279E+00 4.481595E-01 1.281000E+03 1.020060E+05 1.020060E+05 2.766186E+06
1.050000E+01 1.778279E+00 3.226098E-01 1.182000E+03 1.017860E+05 1.017860E+05 2.754038E+06
1.150000E+01 1.778279E+00 2.104393E-01 1.082000E+03 1.008340E+05 1.008340E+05 2.741429E+06
1.250000E+01 1.778279E+00 1.850193E-01 1.052000E+03 1.000080E+05 1.000080E+05 2.726427E+06
1.350000E+01 1.778279E+00 1.763943E-01 1.037000E+03 9.928500E+04 9.928500E+04 2.710311E+06
1.450000E+01 1.778279E+00 7.178620E-02 9.540000E+02 9.879400E+04 9.879400E+04 2.691418E+06
1.550000E+01 1.778279E+00 1.863111E-03 9.000000E+02 9.850200E+04 9.850200E+04 2.677887E+06
1.650000E+01 1.778279E+00 -2.642022E-02 8.850000E+02 9.870500E+04 9.870500E+04 2.667880E+06
1.750000E+01 1.778279E+00 -4.805955E-02 8.640000E+02 9.814500E+04 9.814500E+04 2.652210E+06
1.850000E+01 1.778279E+00 -1.793396E-02 8.860000E+02 9.805300E+04 9.805300E+04 2.648427E+06
1.950000E+01 1.778279E+00 -9.195574E-02 8.310000E+02 9.771500E+04 9.771500E+04 2.629616E+06
5.000000E-01 2.238721E+00 2.267241E+00 4.462000E+03 1.727930E+05 1.727930E+05 4.393801E+06
1.500000E+00 2.238721E+00 2.016608E+00 4.157000E+03 1.736090E+05 1.736090E+05 4.361882E+06
2.500000E+00 2.238721E+00 1.797765E+00 3.843000E+03 1.710530E+05 1.710530E+05 4.349313E+06
3.500000E+00 2.238721E+00 1.343917E+00 3.273000E+03 1.702570E+05 1.702570E+05 4.330886E+06
4.500000E+00 2.238721E+00 1.102022E+00 2.942000E+03 1.681020E+05 1.681020E+05 4.317514E+06
5.500000E+00 2.238721E+00 9.040222E-01 2.661000E+03 1.656430E+05 1.656430E+05 4.297911E+06
6.500000E+00 2.238721E+00 6.427083E-01 2.306000E+03 1.631770E+05 1.631770E+05 4.277515E+06
7.500000E+00 2.238721E+00 4.900032E-01 2.084000E+03 1.607350E+05 1.607350E+05 4.259695E+06
8.500000E+00 2.238721E+00 4.261488E-01 1.968000E+03 1.581910E+05 1.581910E+05 4.240420E+06
9.500000E+00 2.238721E+00 2.931138E-01 1.784000E+03 1.564310E+05 1.564310E+05 4.219876E+06
1.050000E+01 2.238721E+00 2.424474E-01 1.682000E+03 1.537660E+05 1.537660E+05 4.206825E+06
1.150000E+01 2.238721E+00 1.541314E-01 1.577000E+03 1.534730E+05 1.534730E+05 4.188531E+06
1.250000E+01 2.238721E+00 1.168007E-01 1.507000E+03 1.515270E+05 1.515270E+05 4.162038E+06
1.350000E+01 2.238721E+00 9.785260E-02 1.481000E+03 1.509560E+05 1.509560E+05 4.139399E+06
1.450000E+01 2.238721E+00 -2.691776E-02 1.342000E+03 1.510130E+05 1.510130E+05 4.121294E+06
1.550000E+01 2.238721E+00 6.500560E-02 1.440000E+03 1.501310E+05 1.501310E+05 4.097351E+06
1.650000E+01 2.238721E+00 -5.170744E-03 1.354000E+03 1.494540E+05 1.494540E+05 4.075490E+06
1.750000E+01 2.238721E+00 -9.837815E-03 1.340000E+03 1.487240E+05 1.487240E+05 4.062861E+06
1.850000E+01 2.238721E+00 3.988975E-02 1.400000E+03 1.486860E+05 1.486860E+05 4.048617E+06
1.950000E+01 2.238721E+00 -7.029854E-02 1.275000E+03 1.481370E+05 1.481370E+05 4.016688E+06
5.000000E-01 2.818383E+00 1.746289E+00 5.655000E+03 2.546920E+05 2.546920E+05 6.602833E+06
1.500000E+00 2.818383E+00 1.599673E+00 5.370000E+03 2.543310E+05 2.543310E+05 6.562388E+06
2.500000E+00 2.818383E+00 1.481682E+00 5.139000E+03 2.536760E+05 2.536760E+05 6.544951E+06
3.500000E+00 2.818383E+00 1.160143E+00 4.497000E+03 2.507300E+05 2.507300E+05 6.521723E+06
4.500000E+00 2.818383E+00 8.516763E-01 3.884000E+03 2.478490E+05 2.478490E+05 6.502475E+06
5.500000E+00 2.818383E+00 7.047005E-01 3.581000E+03 2.456980E+05 2.456980E+05 6.481853E+06
6.500000E+00 2.818383E+00 4.497791E-01 3.053000E+03 2.416620E+05 2.416620E+05 6.455056E+06
7.500000E+00 2.818383E+00 2.970884E-01 2.748000E+03 2.396730E+05 2.396730E+05 6.427693E+06
8.500000E+00 2.818383E+00 1.801972E-01 2.480000E+03 2.359580E+05 2.359580E+05 6.403895E+06
9.500000E+00 2.818383E+00 1.646212E-01 2.420000E+03 2.336740E+05 2.336740E+05 6.376940E+06
1.050000E+01 2.818383E+00 1.428239E-01 2.350000E+03 2.315040E+05 2.315040E+05 6.354311E+06
1.150000E+01 2.818383E+00 9.817243E-02 2.234000E+03 2.289970E+05 2.289970E+05 6.331487E+06
1.250000E+01 2.818383E+00 5.039509E-02 2.143000E+03 2.280300E+05 2.280300E+05 6.293106E+06
1.350000E+01 2.818383E+00 1.296588E-02 2.072000E+03 2.272630E+05 2.272630E+05 6.264017E+06
1.450000E+01 2.818383E+00 3.111770E-02 2.087000E+03 2.256640E+05 2.256640E+05 6.227871E+06
1.550000E+01 2.818383E+00 -4.606203E-03 2.032000E+03 2.256020E+05 2.256020E+05 6.197488E+06
1.650000E+01 2.818383E+00 3.416570E-02 2.090000E+03 2.244780E+05 2.244780E+05 6.163241E+06
1.750000E+01 2.818383E+00 1.753337E-02 2.072000E+03 2.247210E+05 2.247210E+05 6.138830E+06
1.850000E+01 2.818383E+00 -6.457115E-02 1.935000E+03 2.246140E+05 2.246140E+05 6.117188E+06
1.950000E+01 2.818383E+00 -5.271724E-02 1.959000E+03 2.241120E+05 2.241120E+05 6.076527E+06
5.000000E-01 3.548134E+00 1.371086E+00 7.199000E+03 3.685120E+05 3.685120E+05 9.787907E+06
1.500000E+00 3.548134E+00 1.276793E+00 6.895000E+03 3.660820E+05 3.660820E+05 9.738763E+06
2.500000E+00 3.548134E+00 1.104106E+00 6.405000E+03 3.650910E+05 3.650910E+05 9.716851E+06
3.500000E+00 3.548134E+00 9.075163E-01 5.827000E+03 3.625910E+05 3.625910E+05 9.682926E+06
4.500000E+00 3.548134E+00 6.919928E-01 5.182000E+03 3.589560E+05 3.589560E+05 9.653233E+06
5.500000E+00 3.548134E+00 5.354672E-01 4.685000E+03 3.544400E+05 3.544400E+05 9.626826E+06
6.500000E+00 3.548134E+00 3.784923E-01 4.222000E+03 3.517950E+05 3.517950E+05 9.591707E+06
7.500000E+00 3.548134E+00 2.349672E-01 3.772000E+03 3.476210E+05 3.476210E+05 9.559366E+06
8.500000E+00 3.548134E+00 1.764756E-01 3.564000E+03 3.440630E+05 3.440630E+05 9.521245E+06
9.500000E+00 3.548134E+00 1.898301E-01 3.528000E+03 3.393010E+05 3.393010E+05 9.485717E+06
1.050000E+01 3.548134E+00 1.371179E-01 3.367000E+03 3.376150E+05 3.376150E+05 9.453478E+06
1.150000E+01 3.548134E+00 3.964538E-02 3.072000E+03 3.348340E+05 3.348340E+05 9.414045E+06
1.250000E+01 3.548134E+00 3.472856E-02 3.073000E+03 3.349880E+05 3.349880E+05 9.371922E+06
1.350000E+01 3.548134E+00 1.369447E-02 3.013000E+03 3.339000E+05 3.339000E+05 9.322676E+06
1.450000E+01 3.548134E+00 1.173275E-02 3.026000E+03 3.341800E+05 3.341800E+05 9.274272E+06
1.550000E+01 3.548134E+00 -4.617609E-02 2.882000E+03 3.337910E+05 3.337910E+05 9.228398E+06
1.650000E+01 3.548134E+00 -4.177163E-02 2.881000E+03 3.321890E+05 3.321890E+05 9.179118E+06
1.750000E+01 3.548134E+00 -1.144941E-01 2.713000E+03 3.327060E+05 3.327060E+05 9.144083E+06
1.850000E+01 3.548134E+00 -8.329051E-02 2.784000E+03 3.313600E+05 3.313600E+05 9.100213E+06
1.950000E+01 3.548134E+00 -2.236259E-01 2.457000E+03 3.319750E+05 3.319750E+05 9.037183E+06
5.000000E-01 4.466836E+00 1.015125E+00 8.705000E+03 5.156230E+05 5.156230E+05 1.428423E+07
1.500000E+00 4.466836E+00 9.750093E-01 8.548000E+03 5.158280E+05 5.158280E+05 1.419273E+07
2.500000E+00 4.466836E+00 9.154570E-01 8.249000E+03 5.121220E+05 5.121220E+05 1.416244E+07
3.500000E+00 4.466836E+00 7.703399E-01 7.623000E+03 5.091090E+05 5.091090E+05 1.412780E+07
4.500000E+00 4.466836E+00 6.694254E-01 7.146000E+03 5.043760E+05 5.043760E+05 1.409429E+07
5.500000E+00 4.466836E+00 5.332816E-01 6.559000E+03 5.012100E+05 5.012100E+05 1.405260E+07
6.500000E+00 4.466836E+00 3.583559E-01 5.821000E+03 4.979030E+05 4.979030E+05 1.400583E+07
7.500000E+00 4.466836E+00 3.039709E-01 5.538000E+03 4.933080E+05 4.933080E+05 1.396417E+07
8.500000E+00 4.466836E+00 2.072030E-01 5.089000E+03 4.884610E+05 4.884610E+05 1.390985E+07
9.500000E+00 4.466836E+00 1.746909E-01 4.887000E+03 4.832060E+05 4.832060E+05 1.385285E+07
1.050000E+01 4.466836E+00 7.852712E-02 4.519000E+03 4.828750E+05 4.828750E+05 1.380646E+07
1.150000E+01 4.466836E+00 3.527465E-02 4.308000E+03 4.796220E+05 4.796220E+05 1.376442E+07
1.250000E+01 4.466836E+00 6.717196E-03 4.259000E+03 4.821190E+05 4.821190E+05 1.369410E+07
1.350000E+01 4.466836E+00 -5.547096E-02 4.021000E+03 4.810420E+05 4.810420E+05 1.362856E+07
1.450000E+01 4.466836E+00 -4.670449E-02 4.038000E+03 4.788280E+05 4.788280E+05 1.355878E+07
1.550000E+01 4.466836E+00 -7.290234E-02 3.957000E+03 4.785750E+05 4.785750E+05 1.348222E+07
1.650000E+01 4.466836E+00 -9.132760E-02 3.917000E+03 4.790700E+05 4.790700E+05 1.341203E+07
1.750000E+01 4.466836E+00 -1.187834E-01 3.813000E+03 4.779950E+05 4.779950E+05 1.335628E+07
1.850000E+01 4.466836E+00 -1.379292E-01 3.768000E+03 4.783900E+05 4.783900E+05 1.329294E+07
1.950000E+01 4.466836E+00 -1.833712E-01 3.631000E+03 4.787800E+05 4.787800E+05 1.321398E+07
5.000000E-01 5.623413E+00 7.994347E-01 1.065800E+04 7.042630E+05 7.042630E+05 2.037556E+07
1.500000E+00 5.623413E+00 7.561169E-01 1.039400E+04 7.028670E+05 7.028670E+05 2.026600E+07
2.500000E+00 5.623413E+00 6.558160E-01 9.781000E+03 7.001530E+05 7.001530E+05 2.022574E+07
3.500000E+00 5.623413E+00 6.405612E-01 9.622000E+03 6.955520E+05 6.955520E+05 2.017759E+07
4.500000E+00 5.623413E+00 5.231122E-01 8.951000E+03 6.948160E+05 6.948160E+05 2.012161E+07
5.500000E+00 5.623413E+00 4.681864E-01 8.594000E+03 6.916440E+05 6.916440E+05 2.007579E+07
6.500000E+00 5.623413E+00 3.536742E-01 7.893000E+03 6.876900E+05 6.876900E+05 2.001238E+07
7.500000E+00 5.623413E+00 2.693097E-01 7.390000E+03 6.853180E+05 6.853180E+05 1.995708E+07
8.500000E+00 5.623413E+00 1.537820E-01 6.647000E+03 6.787170E+05 6.787170E+05 1.989078E+07
9.500000E+00 5.623413E+00 1.222589E-01 6.417000E+03 6.744260E+05 6.744260E+05 1.981704E+07
1.050000E+01 5.623413E+00 7.153346E-02 6.105000E+03 6.717330E+05 6.717330E+05 1.975681E+07
1.150000E+01 5.623413E+00 3.330527E-02 5.864000E+03 6.690040E+05 6.690040E+05 1.969404E+07
1.250000E+01 5.623413E+00 4.578712E-04 5.757000E+03 6.717960E+05 6.717960E+05 1.959425E+07
1.350000E+01 5.623413E+00 -3.313684E-02 5.615000E+03 6.725210E+05 6.725210E+05 1.948791E+07
1.450000E+01 5.623413E+00 -3.000069E-02 5.592000E+03 6.685220E+05 6.685220E+05 1.939513E+07
1.550000E+01 5.623413E+00 -9.424384E-02 5.318000E+03 6.711030E+05 6.711030E+05 1.928790E+07
1.650000E+01 5.623413E+00 -1.054708E-01 5.290000E+03 6.712500E+05 6.712500E+05 1.919005E+07
1.750000E+01 5.623413E+00 -1.266612E-01 5.226000E+03 6.723410E+05 6.723410E+05 1.908895E+07
1.850000E+01 5.623413E+00 -1.518911E-01 5.122000E+03 6.725760E+05 6.725760E+05 1.900420E+07
1.950000E+01 5.623413E+00 -1.751881E-01 5.077000E+03 6.748200E+05 6.748200E+05 1.887756E+07
5.000000E-01 7.079458E+00 5.905496E-01 1.261800E+04 9.474140E+05 9.474140E+05 2.836830E+07
1.500000E+00 7.079458E+00 5.325687E-01 1.209900E+04 9.429890E+05 9.429890E+05 2.823476E+07
2.500000E+00 7.079458E+00 4.533757E-01 1.148700E+04 9.432530E+05 9.432530E+05 2.815591E+07
3.500000E+00 7.079458E+00 4.181168E-01 1.118100E+04 9.410270E+05 9.410270E+05 2.809244E+07
4.500000E+00 7.079458E+00 3.858587E-01 1.089500E+04 9.384370E+05 9.384370E+05 2.802202E+07
5.500000E+00 7.079458E+00 3.506002E-01 1.057900E+04 9.355870E+05 9.355870E+05 2.796991E+07
6.500000E+00 7.079458E+00 3.313512E-01 1.040000E+04 9.330320E+05 9.330320E+05 2.788916E+07
7.500000E+00 7.079458E+00 2.849447E-01 9.999000E+03 9.298500E+05 9.298500E+05 2.780877E+07
8.500000E+00 7.079458E+00 2.259356E-01 9.506000E+03 9.267610E+05 9.267610E+05 2.771655E+07
9.500000E+00 7.079458E+00 1.608068E-01 8.918000E+03 9.204650E+05 9.204650E+05 2.761066E+07
1.050000E+01 7.079458E+00 1.173582E-01 8.573000E+03 9.186280E+05 9.186280E+05 2.751788E+07
1.150000E+01 7.079458E+00 5.527215E-02 8.059000E+03 9.151100E+05 9.151100E+05 2.742286E+07
1.250000E+01 7.079458E+00 -6.552043E-03 7.646000E+03 9.167830E+05 9.167830E+05 2.729728E+07
1.350000E+01 7.079458E+00 -4.390791E-02 7.412000E+03 9.174740E+05 9.174740E+05 2.715736E+07
1.450000E+01 7.079458E+00 -7.001343E-02 7.230000E+03 9.159440E+05 9.159440E+05 2.701460E+07
1.550000E+01 7.079458E+00 -7.100164E-02 7.278000E+03 9.168100E+05 9.168100E+05 2.687846E+07
1.650000E+01 7.079458E+00 -8.750055E-02 7.197000E+03 9.165770E+05 9.165770E+05 2.672287E+07
1.750000E+01 7.079458E+00 -8.392589E-02 7.298000E+03 9.184230E+05 9.184230E+05 2.658109E+07
1.850000E+01 7.079458E+00 -1.252920E-01 7.036000E+03 9.188270E+05 9.188270E+05 2.645364E+07
1.950000E+01 7.079458E+00 -1.587214E-01 6.847000E+03 9.192440E+05 9.192440E+05 2.629216E+07
5.000000E-01 8.912509E+00 4.419719E-01 1.515700E+04 1.262818E+06 1.262818E+06 3.833776E+07
1.500000E+00 8.912509E+00 4.238947E-01 1.497900E+04 1.261874E+06 1.261874E+06 3.813621E+07
2.500000E+00 8.912509E+00 3.901914E-01 1.456000E+04 1.257394E+06 1.257394E+06 3.803464E+07
3.500000E+00 8.912509E+00 3.797724E-01 1.442600E+04 1.255307E+06 1.255307E+06 3.796361E+07
4.500000E+00 8.912509E+00 3.227419E-01 1.380000E+04 1.253143E+06 1.253143E+06 3.786440E+07
5.500000E+00 8.912509E+00 2.638493E-01 1.318600E+04 1.253013E+06 1.253013E+06 3.779182E+07
6.500000E+00 8.912509E+00 2.218786E-01 1.268600E+04 1.248456E+06 1.248456E+06 3.769003E+07
7.500000E+00 8.912509E+00 1.699446E-01 1.208800E+04 1.244118E+06 1.244118E+06 3.758309E+07
8.500000E+00 8.912509E+00 1.294893E-01 1.160400E+04 1.238901E+06 1.238901E+06 3.745698E+07
9.500000E+00 8.912509E+00 9.643538E-02 1.123500E+04 1.235756E+06 1.235756E+06 3.733195E+07
1.050000E+01 8.912509E+00 3.250594E-02 1.050200E+04 1.229866E+06 1.229866E+06 3.719728E+07
1.150000E+01 8.912509E+00 5.983668E-02 1.073600E+04 1.224965E+06 1.224965E+06 3.708230E+07
1.250000E+01 8.912509E+00 2.744290E-02 1.046900E+04 1.226296E+06 1.226296E+06 3.690542E+07
1.350000E+01 8.912509E+00 -3.087640E-02 9.924000E+03 1.226682E+06 1.226682E+06 3.672065E+07
1.450000E+01 8.912509E+00 -8.877357E-02 9.419000E+03 1.228742E+06 1.228742E+06 3.653084E+07
1.550000E+01 8.912509E+00 -1.070469E-01 9.202000E+03 1.223322E+06 1.223322E+06 3.633317E+07
1.650000E+01 8.912509E+00 -1.428419E-01 8.892000E+03 1.222695E+06 1.222695E+06 3.612742E+07
1.750000E+01 8.912509E+00 -1.269836E-01 9.128000E+03 1.223434E+06 1.223434E+06 3.592994E+07
1.850000E+01 8.912509E+00 -1.255914E-01 9.133000E+03 1.219183E+06 1.219183E+06 3.573334E+07
1.950000E+01 8.912509E+00 -1.601793E-01 8.881000E+03 1.220756E+06 1.220756E+06 3.552160E+07
