1.122018E-01 4.875836E+01 3.200000E+01 1.070000E+02 1.070000E+02 2.250000E+03
1.412538E-01 4.146757E+01 3.600000E+01 1.260000E+02 1.260000E+02 2.979000E+03
1.778279E-01 3.493073E+01 6.000000E+01 2.450000E+02 2.450000E+02 5.860000E+03
2.238721E-01 3.088039E+01 1.080000E+02 4.900000E+02 4.900000E+02 1.188000E+04
2.818383E-01 2.035041E+01 1.450000E+02 9.890000E+02 9.890000E+02 2.360900E+04
3.548134E-01 1.671867E+01 2.410000E+02 1.988000E+03 1.988000E+03 4.700000E+04
4.466836E-01 1.369050E+01 3.930000E+02 3.905000E+03 3.905000E+03 9.181500E+04
5.623413E-01 1.075533E+01 6.320000E+02 7.694000E+03 7.694000E+03 1.834310E+05
7.079458E-01 8.844491E+00 1.051000E+03 1.504100E+04 1.504100E+04 3.622700E+05
8.912509E-01 6.684704E+00 1.638000E+03 2.977600E+04 2.977600E+04 7.126580E+05
1.122018E+00 5.525136E+00 2.747000E+03 5.754400E+04 5.754400E+04 1.401146E+06
1.412538E+00 4.398801E+00 4.488000E+03 1.115010E+05 1.115010E+05 2.740939E+06
1.778279E+00 3.605155E+00 7.536000E+03 2.167780E+05 2.167780E+05 5.328017E+06
2.238721E+00 2.755697E+00 1.201800E+04 4.132680E+05 4.132680E+05 1.031282E+07
2.818383E+00 2.088303E+00 1.910800E+04 7.794310E+05 7.794310E+05 1.974695E+07
3.548134E+00 1.603044E+00 3.061400E+04 1.447975E+06 1.447975E+06 3.739526E+07
4.466836E+00 1.160335E+00 4.723100E+04 2.629340E+06 2.629340E+06 6.991030E+07
5.623413E+00 8.334538E-01 7.198900E+04 4.653036E+06 4.653036E+06 1.285395E+08
7.079458E+00 5.564967E-01 1.067830E+05 8.093161E+06 8.093161E+06 2.317841E+08
8.912509E+00 3.691892E-01 1.608690E+05 1.391583E+07 1.391583E+07 4.084420E+08
