1.500000E+00 1.141631E-01 2.220007E+01 4.920000E+02 3.094000E+03 3.094000E+03 7.385500E+04
4.500000E+00 1.141631E-01 5.408567E+00 1.410000E+02 3.028000E+03 3.028000E+03 7.281500E+04
7.500000E+00 1.141631E-01 1.038508E+00 4.800000E+01 2.817000E+03 2.817000E+03 7.148700E+04
1.050000E+01 1.141631E-01 8.962947E-01 4.100000E+01 2.569000E+03 2.569000E+03 7.095700E+04
1.350000E+01 1.141631E-01 -8.209600E-03 2.300000E+01 2.556000E+03 2.556000E+03 7.004200E+04
1.650000E+01 1.141631E-01 7.478155E-01 3.600000E+01 2.439000E+03 2.439000E+03 6.896800E+04
1.950000E+01 1.141631E-01 2.197221E-01 2.900000E+01 2.613000E+03 2.613000E+03 6.750400E+04
2.250000E+01 1.141631E-01 -4.127823E-01 1.300000E+01 2.338000E+03 2.338000E+03 6.596200E+04
2.550000E+01 1.141631E-01 -3.776736E-01 1.700000E+01 2.503000E+03 2.503000E+03 6.445700E+04
2.850000E+01 1.141631E-01 -2.940602E-01 1.700000E+01 2.379000E+03 2.379000E+03 6.290700E+04
3.150000E+01 1.141631E-01 -5.374201E-01 1.600000E+01 2.534000E+03 2.534000E+03 6.127600E+04
3.450000E+01 1.141631E-01 -4.923298E-01 1.700000E+01 2.496000E+03 2.496000E+03 5.922500E+04
3.750000E+01 1.141631E-01 -6.440184E-01 1.500000E+01 2.488000E+03 2.488000E+03 5.779800E+04
4.050000E+01 1.141631E-01 -3.003296E-01 2.000000E+01 2.411000E+03 2.411000E+03 5.586400E+04
4.350000E+01 1.141631E-01 -7.698813E-01 1.300000E+01 2.375000E+03 2.375000E+03 5.390000E+04
4.650000E+01 1.141631E-01 3.229292E-01 3.000000E+01 2.380000E+03 2.380000E+03 5.201600E+04
4.950000E+01 1.141631E-01 -3.329285E-01 2.000000E+01 2.305000E+03 2.305000E+03 4.975500E+04
5.250000E+01 1.141631E-01 3.094126E-01 2.700000E+01 2.175000E+03 2.175000E+03 4.874800E+04
5.550000E+01 1.141631E-01 8.033927E-01 3.500000E+01 2.240000E+03 2.240000E+03 4.619300E+04
5.850000E+01 1.141631E-01 2.625954E-01 2.700000E+01 2.159000E+03 2.159000E+03 4.435900E+04
1.500000E+00 1.487912E-01 1.458395E+01 3.580000E+02 3.329000E+03 3.329000E+03 7.913900E+04
4.500000E+00 1.487912E-01 4.264988E+00 1.240000E+02 3.115000E+03 3.115000E+03 7.820700E+04
7.500000E+00 1.487912E-01 1.203806E+00 5.400000E+01 2.959000E+03 2.959000E+03 7.668400E+04
1.050000E+01 1.487912E-01 2.755678E-01 3.100000E+01 2.765000E+03 2.765000E+03 7.540000E+04
1.350000E+01 1.487912E-01 6.048612E-01 3.700000E+01 2.699000E+03 2.699000E+03 7.425600E+04
1.650000E+01 1.487912E-01 3.964193E-01 3.300000E+01 2.703000E+03 2.703000E+03 7.258300E+04
1.950000E+01 1.487912E-01 -1.512369E-01 2.300000E+01 2.751000E+03 2.751000E+03 7.144200E+04
2.250000E+01 1.487912E-01 3.839572E-02 2.500000E+01 2.618000E+03 2.618000E+03 6.988300E+04
2.550000E+01 1.487912E-01 -1.131224E-02 2.500000E+01 2.658000E+03 2.658000E+03 6.880700E+04
2.850000E+01 1.487912E-01 -1.087826E-01 2.400000E+01 2.671000E+03 2.671000E+03 6.666600E+04
3.150000E+01 1.487912E-01 -2.251175E-01 2.000000E+01 2.538000E+03 2.538000E+03 6.547600E+04
3.450000E+01 1.487912E-01 9.712754E-03 2.600000E+01 2.611000E+03 2.611000E+03 6.384500E+04
3.750000E+01 1.487912E-01 6.237721E-02 2.800000E+01 2.631000E+03 2.631000E+03 6.111500E+04
4.050000E+01 1.487912E-01 -2.333288E-01 2.300000E+01 2.603000E+03 2.603000E+03 5.953000E+04
4.350000E+01 1.487912E-01 -4.124578E-02 2.500000E+01 2.492000E+03 2.492000E+03 5.732100E+04
4.650000E+01 1.487912E-01 -3.831447E-02 2.600000E+01 2.511000E+03 2.511000E+03 5.514800E+04
4.950000E+01 1.487912E-01 2.630046E-01 2.900000E+01 2.387000E+03 2.387000E+03 5.318000E+04
5.250000E+01 1.487912E-01 6.571544E-01 3.400000E+01 2.324000E+03 2.324000E+03 5.147800E+04
5.550000E+01 1.487912E-01 8.468545E-01 3.700000E+01 2.333000E+03 2.333000E+03 4.906100E+04
5.850000E+01 1.487912E-01 1.316359E+00 4.300000E+01 2.315000E+03 2.315000E+03 4.711300E+04
1.500000E+00 1.939227E-01 1.058009E+01 4.560000E+02 5.654000E+03 5.654000E+03 1.341310E+05
4.500000E+00 1.939227E-01 3.456300E+00 1.800000E+02 5.297000E+03 5.297000E+03 1.320800E+05
7.500000E+00 1.939227E-01 2.023534E+00 1.210000E+02 4.988000E+03 4.988000E+03 1.299110E+05
1.050000E+01 1.939227E-01 8.123153E-01 7.400000E+01 4.817000E+03 4.817000E+03 1.280470E+05
1.350000E+01 1.939227E-01 -1.519693E-02 4.200000E+01 4.629000E+03 4.629000E+03 1.247620E+05
1.650000E+01 1.939227E-01 -2.476968E-01 3.500000E+01 4.653000E+03 4.653000E+03 1.226190E+05
1.950000E+01 1.939227E-01 -1.621395E-01 3.700000E+01 4.568000E+03 4.568000E+03 1.211620E+05
2.250000E+01 1.939227E-01 1.259776E-01 4.500000E+01 4.432000E+03 4.432000E+03 1.192610E+05
2.550000E+01 1.939227E-01 -4.666954E-01 2.500000E+01 4.336000E+03 4.336000E+03 1.156750E+05
2.850000E+01 1.939227E-01 -5.969590E-01 2.300000E+01 4.418000E+03 4.418000E+03 1.137570E+05
3.150000E+01 1.939227E-01 -2.428465E-01 3.600000E+01 4.454000E+03 4.454000E+03 1.106860E+05
3.450000E+01 1.939227E-01 -4.205484E-02 4.200000E+01 4.382000E+03 4.382000E+03 1.074100E+05
3.750000E+01 1.939227E-01 -4.533223E-01 3.100000E+01 4.400000E+03 4.400000E+03 1.046790E+05
4.050000E+01 1.939227E-01 -4.484098E-01 3.100000E+01 4.303000E+03 4.303000E+03 1.010400E+05
4.350000E+01 1.939227E-01 -2.593887E-01 3.600000E+01 4.195000E+03 4.195000E+03 9.696700E+04
4.650000E+01 1.939227E-01 -8.739382E-02 4.100000E+01 4.155000E+03 4.155000E+03 9.375300E+04
4.950000E+01 1.939227E-01 -7.016915E-01 2.500000E+01 4.064000E+03 4.064000E+03 9.016800E+04
5.250000E+01 1.939227E-01 7.042528E-01 6.100000E+01 4.070000E+03 4.070000E+03 8.699500E+04
5.550000E+01 1.939227E-01 5.258158E-01 5.500000E+01 3.946000E+03 3.946000E+03 8.367600E+04
5.850000E+01 1.939227E-01 4.903484E-01 5.200000E+01 3.782000E+03 3.782000E+03 7.960200E+04
1.500000E+00 2.527436E-01 9.529696E+00 7.030000E+02 9.451000E+03 9.451000E+03 2.271150E+05
4.500000E+00 2.527436E-01 2.942372E+00 2.740000E+02 9.073000E+03 9.073000E+03 2.232470E+05
7.500000E+00 2.527436E-01 1.310454E+00 1.610000E+02 8.462000E+03 8.462000E+03 2.192880E+05
1.050000E+01 2.527436E-01 3.709967E-01 9.700000E+01 8.063000E+03 8.063000E+03 2.158980E+05
1.350000E+01 2.527436E-01 4.308336E-01 9.500000E+01 7.689000E+03 7.689000E+03 2.119070E+05
1.650000E+01 2.527436E-01 2.674444E-01 8.700000E+01 7.755000E+03 7.755000E+03 2.088660E+05
1.950000E+01 2.527436E-01 4.178119E-01 9.300000E+01 7.559000E+03 7.559000E+03 2.060710E+05
2.250000E+01 2.527436E-01 -1.695692E-01 6.000000E+01 7.519000E+03 7.519000E+03 2.009130E+05
2.550000E+01 2.527436E-01 -2.686803E-01 5.700000E+01 7.575000E+03 7.575000E+03 1.962620E+05
2.850000E+01 2.527436E-01 -3.426701E-01 5.500000E+01 7.578000E+03 7.578000E+03 1.908790E+05
3.150000E+01 2.527436E-01 -3.019266E-01 5.900000E+01 7.582000E+03 7.582000E+03 1.861060E+05
3.450000E+01 2.527436E-01 -1.717461E-01 6.500000E+01 7.438000E+03 7.438000E+03 1.812370E+05
3.750000E+01 2.527436E-01 -2.552666E-01 6.300000E+01 7.465000E+03 7.465000E+03 1.761290E+05
4.050000E+01 2.527436E-01 -3.800317E-01 5.600000E+01 7.279000E+03 7.279000E+03 1.702120E+05
4.350000E+01 2.527436E-01 -5.508114E-01 4.700000E+01 7.071000E+03 7.071000E+03 1.641140E+05
4.650000E+01 2.527436E-01 -3.666291E-01 5.900000E+01 7.146000E+03 7.146000E+03 1.582680E+05
4.950000E+01 2.527436E-01 -1.587048E-01 6.700000E+01 6.961000E+03 6.961000E+03 1.525850E+05
5.250000E+01 2.527436E-01 6.176084E-02 7.700000E+01 6.913000E+03 6.913000E+03 1.474720E+05
5.550000E+01 2.527436E-01 5.874149E-03 7.100000E+01 6.587000E+03 6.587000E+03 1.410950E+05
5.850000E+01 2.527436E-01 8.699957E-01 1.050000E+02 6.557000E+03 6.557000E+03 1.347990E+05
1.500000E+00 3.294062E-01 7.780711E+00 9.950000E+02 1.576800E+04 1.576800E+04 3.833300E+05
4.500000E+00 3.294062E-01 2.522767E+00 4.190000E+02 1.535000E+04 1.535000E+04 3.776680E+05
7.500000E+00 3.294062E-01 1.594146E+00 3.050000E+02 1.450000E+04 1.450000E+04 3.706950E+05
1.050000E+01 3.294062E-01 4.489276E-01 1.690000E+02 1.344300E+04 1.344300E+04 3.638810E+05
1.350000E+01 3.294062E-01 2.868442E-01 1.500000E+02 1.323100E+04 1.323100E+04 3.582280E+05
1.650000E+01 3.294062E-01 1.576898E-03 1.200000E+02 1.306700E+04 1.306700E+04 3.529710E+05
1.950000E+01 3.294062E-01 3.895776E-01 1.570000E+02 1.292500E+04 1.292500E+04 3.478260E+05
2.250000E+01 3.294062E-01 3.570852E-02 1.220000E+02 1.279300E+04 1.279300E+04 3.411400E+05
2.550000E+01 3.294062E-01 -1.712802E-01 1.050000E+02 1.278500E+04 1.278500E+04 3.320790E+05
2.850000E+01 3.294062E-01 -1.236782E-01 1.110000E+02 1.271200E+04 1.271200E+04 3.232770E+05
3.150000E+01 3.294062E-01 -2.716624E-01 1.060000E+02 1.306100E+04 1.306100E+04 3.160120E+05
3.450000E+01 3.294062E-01 -2.498762E-01 1.050000E+02 1.269300E+04 1.269300E+04 3.068070E+05
3.750000E+01 3.294062E-01 -4.584904E-01 8.900000E+01 1.257300E+04 1.257300E+04 2.970420E+05
4.050000E+01 3.294062E-01 -6.276509E-01 7.500000E+01 1.233700E+04 1.233700E+04 2.881220E+05
4.350000E+01 3.294062E-01 -3.594037E-01 9.800000E+01 1.219300E+04 1.219300E+04 2.784700E+05
4.650000E+01 3.294062E-01 -4.493839E-01 9.400000E+01 1.213300E+04 1.213300E+04 2.685310E+05
4.950000E+01 3.294062E-01 -2.761959E-01 1.030000E+02 1.165400E+04 1.165400E+04 2.575000E+05
5.250000E+01 3.294062E-01 1.604831E-01 1.390000E+02 1.177900E+04 1.177900E+04 2.477710E+05
5.550000E+01 3.294062E-01 6.142896E-01 1.670000E+02 1.149800E+04 1.149800E+04 2.375910E+05
5.850000E+01 3.294062E-01 8.444905E-01 1.750000E+02 1.103100E+04 1.103100E+04 2.271910E+05
1.500000E+00 4.293221E-01 5.854240E+00 1.331000E+03 2.689800E+04 2.689800E+04 6.449540E+05
4.500000E+00 4.293221E-01 2.668523E+00 7.290000E+02 2.573400E+04 2.573400E+04 6.344590E+05
7.500000E+00 4.293221E-01 1.176930E+00 4.340000E+02 2.403400E+04 2.403400E+04 6.248490E+05
1.050000E+01 4.293221E-01 6.813037E-01 3.300000E+02 2.296600E+04 2.296600E+04 6.141370E+05
1.350000E+01 4.293221E-01 3.031397E-01 2.590000E+02 2.252700E+04 2.252700E+04 6.057440E+05
1.650000E+01 4.293221E-01 1.870440E-01 2.390000E+02 2.235800E+04 2.235800E+04 5.943600E+05
1.950000E+01 4.293221E-01 1.491331E-01 2.260000E+02 2.184700E+04 2.184700E+04 5.864130E+05
2.250000E+01 4.293221E-01 6.322474E-02 2.160000E+02 2.187800E+04 2.187800E+04 5.725840E+05
2.550000E+01 4.293221E-01 -2.532711E-01 1.680000E+02 2.176600E+04 2.176600E+04 5.589050E+05
2.850000E+01 4.293221E-01 -1.999534E-01 1.780000E+02 2.160700E+04 2.160700E+04 5.461900E+05
3.150000E+01 4.293221E-01 -1.540901E-01 1.870000E+02 2.146300E+04 2.146300E+04 5.327120E+05
3.450000E+01 4.293221E-01 -4.653498E-01 1.410000E+02 2.113700E+04 2.113700E+04 5.179630E+05
3.750000E+01 4.293221E-01 -4.351004E-01 1.490000E+02 2.095800E+04 2.095800E+04 5.016110E+05
4.050000E+01 4.293221E-01 -4.325433E-01 1.530000E+02 2.078200E+04 2.078200E+04 4.852460E+05
4.350000E+01 4.293221E-01 -4.362460E-01 1.530000E+02 2.039100E+04 2.039100E+04 4.677590E+05
4.650000E+01 4.293221E-01 -4.910840E-01 1.540000E+02 2.049100E+04 2.049100E+04 4.521700E+05
4.950000E+01 4.293221E-01 -3.416188E-01 1.670000E+02 1.976500E+04 1.976500E+04 4.358010E+05
5.250000E+01 4.293221E-01 3.776663E-01 2.590000E+02 1.981300E+04 1.981300E+04 4.181970E+05
5.550000E+01 4.293221E-01 5.714956E-01 2.700000E+02 1.898900E+04 1.898900E+04 4.013580E+05
5.850000E+01 4.293221E-01 9.454043E-01 3.030000E+02 1.842600E+04 1.842600E+04 3.848590E+05
1.500000E+00 5.595447E-01 5.371602E+00 2.093000E+03 4.530300E+04 4.530300E+04 1.085154E+06
4.500000E+00 5.595447E-01 2.157314E+00 1.068000E+03 4.298300E+04 4.298300E+04 1.067870E+06
7.500000E+00 5.595447E-01 1.396182E+00 8.050000E+02 4.103700E+04 4.103700E+04 1.050818E+06
1.050000E+01 5.595447E-01 9.067669E-01 6.180000E+02 3.848200E+04 3.848200E+04 1.035534E+06
1.350000E+01 5.595447E-01 3.648504E-01 4.530000E+02 3.782300E+04 3.782300E+04 1.014280E+06
1.650000E+01 5.595447E-01 3.615428E-01 4.430000E+02 3.713900E+04 3.713900E+04 1.000851E+06
1.950000E+01 5.595447E-01 -5.591007E-03 3.370000E+02 3.676000E+04 3.676000E+04 9.879610E+05
2.250000E+01 5.595447E-01 1.043460E-01 3.640000E+02 3.620400E+04 3.620400E+04 9.649650E+05
2.550000E+01 5.595447E-01 -1.930452E-01 2.920000E+02 3.624300E+04 3.624300E+04 9.410670E+05
2.850000E+01 5.595447E-01 -2.205621E-01 2.950000E+02 3.638400E+04 3.638400E+04 9.179970E+05
3.150000E+01 5.595447E-01 -9.836098E-02 3.330000E+02 3.636100E+04 3.636100E+04 8.958060E+05
3.450000E+01 5.595447E-01 -4.182422E-01 2.540000E+02 3.584400E+04 3.584400E+04 8.701770E+05
3.750000E+01 5.595447E-01 -5.700031E-01 2.200000E+02 3.531300E+04 3.531300E+04 8.429320E+05
4.050000E+01 5.595447E-01 -3.314119E-01 2.760000E+02 3.468300E+04 3.468300E+04 8.161390E+05
4.350000E+01 5.595447E-01 -4.125946E-01 2.630000E+02 3.436100E+04 3.436100E+04 7.883790E+05
4.650000E+01 5.595447E-01 -2.922792E-01 3.010000E+02 3.440100E+04 3.440100E+04 7.590180E+05
4.950000E+01 5.595447E-01 -2.184710E-01 3.160000E+02 3.377800E+04 3.377800E+04 7.307080E+05
5.250000E+01 5.595447E-01 1.137789E-01 3.850000E+02 3.341200E+04 3.341200E+04 7.030480E+05
5.550000E+01 5.595447E-01 5.187427E-01 4.590000E+02 3.282200E+04 3.282200E+04 6.745230E+05
5.850000E+01 5.595447E-01 5.677906E-01 4.540000E+02 3.176100E+04 3.176100E+04 6.458190E+05
1.500000E+00 7.292665E-01 4.463901E+00 3.028000E+03 7.496800E+04 7.496800E+04 1.819007E+06
4.500000E+00 7.292665E-01 2.095289E+00 1.763000E+03 7.230900E+04 7.230900E+04 1.788837E+06
7.500000E+00 7.292665E-01 1.277489E+00 1.292000E+03 6.886200E+04 6.886200E+04 1.763390E+06
1.050000E+01 7.292665E-01 7.494300E-01 9.720000E+02 6.527500E+04 6.527500E+04 1.736562E+06
1.350000E+01 7.292665E-01 3.040576E-01 7.240000E+02 6.309100E+04 6.309100E+04 1.705774E+06
1.650000E+01 7.292665E-01 3.387843E-01 7.390000E+02 6.270700E+04 6.270700E+04 1.680023E+06
1.950000E+01 7.292665E-01 1.178341E-01 6.280000E+02 6.193700E+04 6.193700E+04 1.654802E+06
2.250000E+01 7.292665E-01 5.666100E-02 6.040000E+02 6.160800E+04 6.160800E+04 1.617199E+06
2.550000E+01 7.292665E-01 -2.762550E-01 4.680000E+02 6.168700E+04 6.168700E+04 1.578124E+06
2.850000E+01 7.292665E-01 -2.351696E-01 4.880000E+02 6.101200E+04 6.101200E+04 1.540423E+06
3.150000E+01 7.292665E-01 -1.895149E-01 5.200000E+02 6.099800E+04 6.099800E+04 1.503143E+06
3.450000E+01 7.292665E-01 -3.501577E-01 4.560000E+02 6.026800E+04 6.026800E+04 1.460681E+06
3.750000E+01 7.292665E-01 -4.191977E-01 4.250000E+02 5.906000E+04 5.906000E+04 1.416565E+06
4.050000E+01 7.292665E-01 -5.377728E-01 3.920000E+02 5.869200E+04 5.869200E+04 1.369405E+06
4.350000E+01 7.292665E-01 -4.159012E-01 4.500000E+02 5.820100E+04 5.820100E+04 1.320869E+06
4.650000E+01 7.292665E-01 -2.347143E-01 5.250000E+02 5.769300E+04 5.769300E+04 1.274073E+06
4.950000E+01 7.292665E-01 -1.033477E-01 5.730000E+02 5.689600E+04 5.689600E+04 1.227924E+06
5.250000E+01 7.292665E-01 1.826100E-01 6.730000E+02 5.632500E+04 5.632500E+04 1.180624E+06
5.550000E+01 7.292665E-01 5.891899E-01 7.810000E+02 5.439000E+04 5.439000E+04 1.132947E+06
5.850000E+01 7.292665E-01 6.405719E-01 7.770000E+02 5.287600E+04 5.287600E+04 1.083282E+06
1.500000E+00 9.504685E-01 3.858376E+00 4.547000E+03 1.259370E+05 1.259370E+05 3.031386E+06
4.500000E+00 9.504685E-01 1.840655E+00 2.749000E+03 1.219030E+05 1.219030E+05 2.984778E+06
7.500000E+00 9.504685E-01 1.083916E+00 1.989000E+03 1.145000E+05 1.145000E+05 2.943812E+06
1.050000E+01 9.504685E-01 7.740274E-01 1.646000E+03 1.091640E+05 1.091640E+05 2.898270E+06
1.350000E+01 9.504685E-01 2.145517E-01 1.155000E+03 1.064160E+05 1.064160E+05 2.848995E+06
1.650000E+01 9.504685E-01 1.076396E-01 1.042000E+03 1.041390E+05 1.041390E+05 2.805962E+06
1.950000E+01 9.504685E-01 -2.835539E-02 9.330000E+02 1.033610E+05 1.033610E+05 2.766835E+06
2.250000E+01 9.504685E-01 -8.433713E-02 9.100000E+02 1.034650E+05 1.034650E+05 2.705167E+06
2.550000E+01 9.504685E-01 -2.417209E-01 8.110000E+02 1.033120E+05 1.033120E+05 2.638575E+06
2.850000E+01 9.504685E-01 -3.179998E-01 7.630000E+02 1.024300E+05 1.024300E+05 2.575515E+06
3.150000E+01 9.504685E-01 -2.527416E-01 8.120000E+02 1.012510E+05 1.012510E+05 2.514405E+06
3.450000E+01 9.504685E-01 -3.651490E-01 7.470000E+02 1.003880E+05 1.003880E+05 2.439048E+06
3.750000E+01 9.504685E-01 -4.851474E-01 6.880000E+02 9.992800E+04 9.992800E+04 2.364828E+06
4.050000E+01 9.504685E-01 -4.919455E-01 6.860000E+02 9.820500E+04 9.820500E+04 2.289946E+06
4.350000E+01 9.504685E-01 -4.714414E-01 7.140000E+02 9.711200E+04 9.711200E+04 2.209861E+06
4.650000E+01 9.504685E-01 -3.346767E-01 8.250000E+02 9.685000E+04 9.685000E+04 2.128741E+06
4.950000E+01 9.504685E-01 -1.197768E-01 9.450000E+02 9.487900E+04 9.487900E+04 2.051070E+06
5.250000E+01 9.504685E-01 2.390498E-01 1.143000E+03 9.334700E+04 9.334700E+04 1.972537E+06
5.550000E+01 9.504685E-01 4.847466E-01 1.266000E+03 9.183200E+04 9.183200E+04 1.888557E+06
5.850000E+01 9.504685E-01 5.770445E-01 1.254000E+03 8.763400E+04 8.763400E+04 1.809668E+06
1.500000E+00 1.238766E+00 3.508304E+00 6.971000E+03 2.041820E+05 2.041820E+05 5.031916E+06
4.500000E+00 1.238766E+00 1.703996E+00 4.327000E+03 1.995150E+05 1.995150E+05 4.963198E+06
7.500000E+00 1.238766E+00 1.078184E+00 3.265000E+03 1.883380E+05 1.883380E+05 4.894460E+06
1.050000E+01 1.238766E+00 5.167454E-01 2.355000E+03 1.795400E+05 1.795400E+05 4.821234E+06
1.350000E+01 1.238766E+00 2.372669E-01 1.931000E+03 1.757980E+05 1.757980E+05 4.739617E+06
1.650000E+01 1.238766E+00 5.411964E-02 1.674000E+03 1.738680E+05 1.738680E+05 4.666783E+06
1.950000E+01 1.238766E+00 7.317533E-03 1.604000E+03 1.722030E+05 1.722030E+05 4.597582E+06
2.250000E+01 1.238766E+00 -1.508926E-01 1.432000E+03 1.722670E+05 1.722670E+05 4.500536E+06
2.550000E+01 1.238766E+00 -2.654366E-01 1.318000E+03 1.718630E+05 1.718630E+05 4.394599E+06
2.850000E+01 1.238766E+00 -2.470340E-01 1.335000E+03 1.691990E+05 1.691990E+05 4.283549E+06
3.150000E+01 1.238766E+00 -2.902963E-01 1.324000E+03 1.693810E+05 1.693810E+05 4.178666E+06
3.450000E+01 1.238766E+00 -4.372957E-01 1.166000E+03 1.673950E+05 1.673950E+05 4.059949E+06
3.750000E+01 1.238766E+00 -5.805243E-01 1.037000E+03 1.660370E+05 1.660370E+05 3.931142E+06
4.050000E+01 1.238766E+00 -5.459522E-01 1.087000E+03 1.633940E+05 1.633940E+05 3.802037E+06
4.350000E+01 1.238766E+00 -4.458155E-01 1.250000E+03 1.636450E+05 1.636450E+05 3.674657E+06
4.650000E+01 1.238766E+00 -3.298986E-01 1.385000E+03 1.614940E+05 1.614940E+05 3.537367E+06
4.950000E+01 1.238766E+00 -8.869170E-02 1.598000E+03 1.575670E+05 1.575670E+05 3.409968E+06
5.250000E+01 1.238766E+00 2.163750E-01 1.898000E+03 1.562880E+05 1.562880E+05 3.278222E+06
5.550000E+01 1.238766E+00 5.896763E-01 2.170000E+03 1.510700E+05 1.510700E+05 3.144051E+06
5.850000E+01 1.238766E+00 5.280231E-01 2.060000E+03 1.466790E+05 1.466790E+05 3.007605E+06
1.500000E+00 1.614510E+00 2.848789E+00 9.880000E+03 3.325650E+05 3.325650E+05 8.282974E+06
4.500000E+00 1.614510E+00 1.486782E+00 6.554000E+03 3.241530E+05 3.241530E+05 8.182610E+06
7.500000E+00 1.614510E+00 8.253034E-01 4.778000E+03 3.086330E+05 3.086330E+05 8.066792E+06
1.050000E+01 1.614510E+00 3.861386E-01 3.563000E+03 2.944300E+05 2.944300E+05 7.956944E+06
1.350000E+01 1.614510E+00 1.243436E-01 2.886000E+03 2.870400E+05 2.870400E+05 7.825108E+06
1.650000E+01 1.614510E+00 -3.309504E-02 2.539000E+03 2.848240E+05 2.848240E+05 7.699556E+06
1.950000E+01 1.614510E+00 -1.082492E-01 2.397000E+03 2.840720E+05 2.840720E+05 7.592768E+06
2.250000E+01 1.614510E+00 -1.325325E-01 2.383000E+03 2.831650E+05 2.831650E+05 7.426180E+06
2.550000E+01 1.614510E+00 -2.145684E-01 2.236000E+03 2.810100E+05 2.810100E+05 7.249332E+06
2.850000E+01 1.614510E+00 -2.688682E-01 2.147000E+03 2.785800E+05 2.785800E+05 7.074413E+06
3.150000E+01 1.614510E+00 -3.680400E-01 1.995000E+03 2.772650E+05 2.772650E+05 6.899507E+06
3.450000E+01 1.614510E+00 -4.591689E-01 1.868000E+03 2.753770E+05 2.753770E+05 6.701072E+06
3.750000E+01 1.614510E+00 -5.342185E-01 1.754000E+03 2.715820E+05 2.715820E+05 6.490087E+06
4.050000E+01 1.614510E+00 -4.496313E-01 1.940000E+03 2.683920E+05 2.683920E+05 6.281101E+06
4.350000E+01 1.614510E+00 -3.743464E-01 2.143000E+03 2.676060E+05 2.676060E+05 6.065608E+06
4.650000E+01 1.614510E+00 -2.653200E-01 2.362000E+03 2.648960E+05 2.648960E+05 5.844804E+06
4.950000E+01 1.614510E+00 -1.301584E-01 2.602000E+03 2.617950E+05 2.617950E+05 5.624719E+06
5.250000E+01 1.614510E+00 3.683475E-01 3.353000E+03 2.572520E+05 2.572520E+05 5.405272E+06
5.550000E+01 1.614510E+00 7.600242E-01 3.833000E+03 2.495010E+05 2.495010E+05 5.185625E+06
5.850000E+01 1.614510E+00 3.958716E-01 3.167000E+03 2.392120E+05 2.392120E+05 4.965904E+06
1.500000E+00 2.104225E+00 2.142370E+00 1.332200E+04 5.359030E+05 5.359030E+05 1.350807E+07
4.500000E+00 2.104225E+00 1.154933E+00 9.320000E+03 5.212760E+05 5.212760E+05 1.333954E+07
7.500000E+00 2.104225E+00 5.693673E-01 6.753000E+03 4.978810E+05 4.978810E+05 1.316650E+07
1.050000E+01 2.104225E+00 2.504308E-01 5.265000E+03 4.773390E+05 4.773390E+05 1.299182E+07
1.350000E+01 2.104225E+00 1.040012E-01 4.616000E+03 4.675220E+05 4.675220E+05 1.279194E+07
1.650000E+01 2.104225E+00 2.914132E-02 4.320000E+03 4.627160E+05 4.627160E+05 1.259497E+07
1.950000E+01 2.104225E+00 -6.445646E-02 3.971000E+03 4.585620E+05 4.585620E+05 1.242112E+07
2.250000E+01 2.104225E+00 -1.279615E-01 3.819000E+03 4.575780E+05 4.575780E+05 1.214916E+07
2.550000E+01 2.104225E+00 -2.558809E-01 3.485000E+03 4.574850E+05 4.574850E+05 1.185336E+07
2.850000E+01 2.104225E+00 -3.042699E-01 3.363000E+03 4.535750E+05 4.535750E+05 1.156757E+07
3.150000E+01 2.104225E+00 -3.941764E-01 3.128000E+03 4.501080E+05 4.501080E+05 1.127293E+07
3.450000E+01 2.104225E+00 -4.749112E-01 2.983000E+03 4.486740E+05 4.486740E+05 1.094762E+07
3.750000E+01 2.104225E+00 -5.077915E-01 2.953000E+03 4.443660E+05 4.443660E+05 1.060926E+07
4.050000E+01 2.104225E+00 -5.402707E-01 2.905000E+03 4.384320E+05 4.384320E+05 1.026665E+07
4.350000E+01 2.104225E+00 -4.083052E-01 3.382000E+03 4.356690E+05 4.356690E+05 9.906759E+06
4.650000E+01 2.104225E+00 -1.573424E-01 4.085000E+03 4.289690E+05 4.289690E+05 9.548847E+06
4.950000E+01 2.104225E+00 -5.435750E-02 4.365000E+03 4.229860E+05 4.229860E+05 9.198383E+06
5.250000E+01 2.104225E+00 4.541592E-01 5.629000E+03 4.166870E+05 4.166870E+05 8.841639E+06
5.550000E+01 2.104225E+00 5.275266E-01 5.646000E+03 4.039940E+05 4.039940E+05 8.484394E+06
5.850000E+01 2.104225E+00 5.371804E-01 5.445000E+03 3.878010E+05 3.878010E+05 8.119698E+06
1.500000E+00 2.742482E+00 1.653837E+00 1.807300E+04 8.405590E+05 8.405590E+05 2.166152E+07
4.500000E+00 2.742482E+00 9.289337E-01 1.332100E+04 8.201300E+05 8.201300E+05 2.143656E+07
7.500000E+00 2.742482E+00 3.296390E-01 9.241000E+03 7.894070E+05 7.894070E+05 2.119072E+07
1.050000E+01 2.742482E+00 1.459018E-01 7.779000E+03 7.639180E+05 7.639180E+05 2.094167E+07
1.350000E+01 2.742482E+00 3.546132E-02 6.955000E+03 7.485740E+05 7.485740E+05 2.063418E+07
1.650000E+01 2.742482E+00 1.039375E-02 6.779000E+03 7.415900E+05 7.415900E+05 2.032328E+07
1.950000E+01 2.742482E+00 -1.151771E-01 6.105000E+03 7.385830E+05 7.385830E+05 2.002410E+07
2.250000E+01 2.742482E+00 -2.753914E-01 5.301000E+03 7.352860E+05 7.352860E+05 1.959709E+07
2.550000E+01 2.742482E+00 -2.889645E-01 5.368000E+03 7.335170E+05 7.335170E+05 1.912397E+07
2.850000E+01 2.742482E+00 -2.656442E-01 5.598000E+03 7.299430E+05 7.299430E+05 1.866145E+07
3.150000E+01 2.742482E+00 -3.308898E-01 5.333000E+03 7.242020E+05 7.242020E+05 1.819766E+07
3.450000E+01 2.742482E+00 -4.248334E-01 5.021000E+03 7.217450E+05 7.217450E+05 1.767397E+07
3.750000E+01 2.742482E+00 -5.233605E-01 4.656000E+03 7.151530E+05 7.151530E+05 1.712516E+07
4.050000E+01 2.742482E+00 -5.303175E-01 4.701000E+03 7.053950E+05 7.053950E+05 1.656241E+07
4.350000E+01 2.742482E+00 -3.793684E-01 5.491000E+03 6.973860E+05 6.973860E+05 1.599118E+07
4.650000E+01 2.742482E+00 -1.632944E-01 6.511000E+03 6.886720E+05 6.886720E+05 1.539546E+07
4.950000E+01 2.742482E+00 2.784988E-02 7.334000E+03 6.791410E+05 6.791410E+05 1.482617E+07
5.250000E+01 2.742482E+00 3.241046E-01 8.492000E+03 6.680590E+05 6.680590E+05 1.425197E+07
5.550000E+01 2.742482E+00 4.149124E-01 8.572000E+03 6.454320E+05 6.454320E+05 1.367110E+07
5.850000E+01 2.742482E+00 5.948410E-01 8.888000E+03 6.190220E+05 6.190220E+05 1.308023E+07
1.500000E+00 3.574335E+00 1.237630E+00 2.376400E+04 1.281537E+06 1.281537E+06 3.412378E+07
4.500000E+00 3.574335E+00 7.117412E-01 1.829000E+04 1.254356E+06 1.254356E+06 3.380108E+07
7.500000E+00 3.574335E+00 2.618802E-01 1.343500E+04 1.215429E+06 1.215429E+06 3.345419E+07
1.050000E+01 3.574335E+00 1.295604E-01 1.167900E+04 1.179551E+06 1.179551E+06 3.308708E+07
1.350000E+01 3.574335E+00 1.453493E-02 1.057500E+04 1.170051E+06 1.170051E+06 3.263549E+07
1.650000E+01 3.574335E+00 -6.901354E-02 9.857000E+03 1.164244E+06 1.164244E+06 3.215024E+07
1.950000E+01 3.574335E+00 -1.762075E-01 8.983000E+03 1.160202E+06 1.160202E+06 3.165868E+07
2.250000E+01 3.574335E+00 -2.628630E-01 8.417000E+03 1.157943E+06 1.157943E+06 3.097403E+07
2.550000E+01 3.574335E+00 -2.976414E-01 8.342000E+03 1.156229E+06 1.156229E+06 3.027072E+07
2.850000E+01 3.574335E+00 -3.232328E-01 8.331000E+03 1.152072E+06 1.152072E+06 2.952750E+07
3.150000E+01 3.574335E+00 -3.636549E-01 8.135000E+03 1.143493E+06 1.143493E+06 2.878834E+07
3.450000E+01 3.574335E+00 -4.183843E-01 7.914000E+03 1.136757E+06 1.136757E+06 2.794858E+07
3.750000E+01 3.574335E+00 -5.090722E-01 7.348000E+03 1.123609E+06 1.123609E+06 2.708366E+07
4.050000E+01 3.574335E+00 -4.686216E-01 7.851000E+03 1.113407E+06 1.113407E+06 2.619692E+07
4.350000E+01 3.574335E+00 -2.886911E-01 9.269000E+03 1.099339E+06 1.099339E+06 2.528917E+07
4.650000E+01 3.574335E+00 -1.348960E-01 1.038500E+04 1.083013E+06 1.083013E+06 2.436009E+07
4.950000E+01 3.574335E+00 8.965240E-02 1.186700E+04 1.065801E+06 1.065801E+06 2.344989E+07
5.250000E+01 3.574335E+00 3.897202E-01 1.364500E+04 1.044500E+06 1.044500E+06 2.253403E+07
5.550000E+01 3.574335E+00 4.298465E-01 1.345400E+04 1.008981E+06 1.008981E+06 2.159630E+07
5.850000E+01 3.574335E+00 5.507355E-01 1.360100E+04 9.670560E+05 9.670560E+05 2.067800E+07
1.500000E+00 4.658507E+00 9.150461E-01 3.031200E+04 1.882878E+06 1.882878E+06 5.250639E+07
4.500000E+00 4.658507E+00 6.430386E-01 2.580200E+04 1.850732E+06 1.850732E+06 5.207135E+07
7.500000E+00 4.658507E+00 2.876294E-01 2.008500E+04 1.814397E+06 1.814397E+06 5.159995E+07
1.050000E+01 4.658507E+00 7.865944E-02 1.650000E+04 1.772691E+06 1.772691E+06 5.103906E+07
1.350000E+01 4.658507E+00 -4.003346E-02 1.492800E+04 1.768909E+06 1.768909E+06 5.037442E+07
1.650000E+01 4.658507E+00 -9.652836E-02 1.426000E+04 1.762435E+06 1.762435E+06 4.959410E+07
1.950000E+01 4.658507E+00 -1.702504E-01 1.351600E+04 1.763938E+06 1.763938E+06 4.880810E+07
2.250000E+01 4.658507E+00 -1.754134E-01 1.370500E+04 1.759369E+06 1.759369E+06 4.778987E+07
2.550000E+01 4.658507E+00 -2.377833E-01 1.326600E+04 1.760127E+06 1.760127E+06 4.668004E+07
2.850000E+01 4.658507E+00 -2.911908E-01 1.289800E+04 1.755587E+06 1.755587E+06 4.555341E+07
3.150000E+01 4.658507E+00 -3.336335E-01 1.267200E+04 1.748021E+06 1.748021E+06 4.436818E+07
3.450000E+01 4.658507E+00 -3.679325E-01 1.250500E+04 1.733952E+06 1.733952E+06 4.307663E+07
3.750000E+01 4.658507E+00 -4.008741E-01 1.238100E+04 1.718810E+06 1.718810E+06 4.173393E+07
4.050000E+01 4.658507E+00 -3.480533E-01 1.322700E+04 1.700335E+06 1.700335E+06 4.031930E+07
4.350000E+01 4.658507E+00 -1.978014E-01 1.493700E+04 1.672779E+06 1.672779E+06 3.892627E+07
4.650000E+01 4.658507E+00 4.304658E-02 1.751400E+04 1.646269E+06 1.646269E+06 3.749128E+07
4.950000E+01 4.658507E+00 2.444243E-01 1.948000E+04 1.618803E+06 1.618803E+06 3.605920E+07
5.250000E+01 4.658507E+00 4.145459E-01 2.073700E+04 1.577123E+06 1.577123E+06 3.465346E+07
5.550000E+01 4.658507E+00 4.971928E-01 2.086000E+04 1.524091E+06 1.524091E+06 3.318897E+07
5.850000E+01 4.658507E+00 4.139078E-01 1.925300E+04 1.460467E+06 1.460467E+06 3.175261E+07
1.500000E+00 6.071531E+00 6.717856E-01 3.774900E+04 2.683846E+06 2.683846E+06 7.852532E+07
4.500000E+00 6.071531E+00 4.848804E-01 3.327300E+04 2.657403E+06 2.657403E+06 7.788317E+07
7.500000E+00 6.071531E+00 2.736481E-01 2.814700E+04 2.619729E+06 2.619729E+06 7.724587E+07
1.050000E+01 6.071531E+00 1.026040E-01 2.396300E+04 2.580035E+06 2.580035E+06 7.647085E+07
1.350000E+01 6.071531E+00 -2.069043E-02 2.155300E+04 2.576940E+06 2.576940E+06 7.545232E+07
1.650000E+01 6.071531E+00 -9.801538E-02 2.035400E+04 2.581463E+06 2.581463E+06 7.426906E+07
1.950000E+01 6.071531E+00 -1.614384E-01 1.953100E+04 2.587650E+06 2.587650E+06 7.305193E+07
2.250000E+01 6.071531E+00 -2.050777E-01 1.911200E+04 2.585766E+06 2.585766E+06 7.155017E+07
2.550000E+01 6.071531E+00 -2.252322E-01 1.925900E+04 2.584606E+06 2.584606E+06 6.988994E+07
2.850000E+01 6.071531E+00 -2.768176E-01 1.873900E+04 2.576608E+06 2.576608E+06 6.814150E+07
3.150000E+01 6.071531E+00 -3.093143E-01 1.865200E+04 2.568445E+06 2.568445E+06 6.631480E+07
3.450000E+01 6.071531E+00 -3.330296E-01 1.863700E+04 2.550130E+06 2.550130E+06 6.435565E+07
3.750000E+01 6.071531E+00 -2.974921E-01 1.949600E+04 2.518560E+06 2.518560E+06 6.231202E+07
4.050000E+01 6.071531E+00 -2.232081E-01 2.103300E+04 2.489376E+06 2.489376E+06 6.020323E+07
4.350000E+01 6.071531E+00 -1.372008E-01 2.241200E+04 2.444058E+06 2.444058E+06 5.806596E+07
4.650000E+01 6.071531E+00 2.790115E-02 2.500200E+04 2.402373E+06 2.402373E+06 5.589231E+07
4.950000E+01 6.071531E+00 2.622251E-01 2.815700E+04 2.344466E+06 2.344466E+06 5.375032E+07
5.250000E+01 6.071531E+00 3.953159E-01 2.954500E+04 2.285703E+06 2.285703E+06 5.161925E+07
5.550000E+01 6.071531E+00 3.801177E-01 2.831100E+04 2.202418E+06 2.202418E+06 4.942254E+07
5.850000E+01 6.071531E+00 3.420225E-01 2.644700E+04 2.099009E+06 2.099009E+06 4.726601E+07
1.500000E+00 7.913156E+00 4.534955E-01 4.556000E+04 3.756286E+06 3.756286E+06 1.133487E+08
4.500000E+00 7.913156E+00 3.460875E-01 4.193100E+04 3.734196E+06 3.734196E+06 1.124585E+08
7.500000E+00 7.913156E+00 2.418891E-01 3.835500E+04 3.705911E+06 3.705911E+06 1.115569E+08
1.050000E+01 7.913156E+00 8.437181E-02 3.303500E+04 3.665838E+06 3.665838E+06 1.104248E+08
1.350000E+01 7.913156E+00 -3.499705E-02 2.962000E+04 3.657861E+06 3.657861E+06 1.089674E+08
1.650000E+01 7.913156E+00 -1.101410E-01 2.780000E+04 3.654657E+06 3.654657E+06 1.072516E+08
1.950000E+01 7.913156E+00 -1.677120E-01 2.667300E+04 3.655608E+06 3.655608E+06 1.054458E+08
2.250000E+01 7.913156E+00 -2.011083E-01 2.613700E+04 3.638661E+06 3.638661E+06 1.032600E+08
2.550000E+01 7.913156E+00 -2.242954E-01 2.619400E+04 3.632083E+06 3.632083E+06 1.008183E+08
2.850000E+01 7.913156E+00 -2.080371E-01 2.726800E+04 3.616621E+06 3.616621E+06 9.824908E+07
3.150000E+01 7.913156E+00 -2.748929E-01 2.614600E+04 3.603223E+06 3.603223E+06 9.560091E+07
3.450000E+01 7.913156E+00 -3.052672E-01 2.578200E+04 3.568205E+06 3.568205E+06 9.276827E+07
3.750000E+01 7.913156E+00 -2.803712E-01 2.678400E+04 3.524557E+06 3.524557E+06 8.975498E+07
4.050000E+01 7.913156E+00 -1.767491E-01 2.951900E+04 3.471854E+06 3.471854E+06 8.671939E+07
4.350000E+01 7.913156E+00 -1.334862E-01 3.042500E+04 3.403702E+06 3.403702E+06 8.359996E+07
4.650000E+01 7.913156E+00 -3.747045E-03 3.303300E+04 3.324738E+06 3.324738E+06 8.047075E+07
4.950000E+01 7.913156E+00 2.075016E-01 3.690700E+04 3.229038E+06 3.229038E+06 7.732927E+07
5.250000E+01 7.913156E+00 3.413754E-01 3.888700E+04 3.139481E+06 3.139481E+06 7.424337E+07
5.550000E+01 7.913156E+00 2.818896E-01 3.593300E+04 2.998870E+06 2.998870E+06 7.104927E+07
5.850000E+01 7.913156E+00 2.362429E-01 3.320400E+04 2.850330E+06 2.850330E+06 6.791509E+07
1.500000E+00 1.031339E+01 3.528397E-01 5.821200E+04 5.170397E+06 5.170397E+06 1.564890E+08
4.500000E+00 1.031339E+01 3.016665E-01 5.577600E+04 5.145441E+06 5.145441E+06 1.552997E+08
7.500000E+00 1.031339E+01 1.402081E-01 4.838900E+04 5.108648E+06 5.108648E+06 1.541483E+08
1.050000E+01 1.031339E+01 5.351875E-02 4.423100E+04 5.061238E+06 5.061238E+06 1.526704E+08
1.350000E+01 1.031339E+01 -3.964828E-02 4.043700E+04 5.039226E+06 5.039226E+06 1.507085E+08
1.650000E+01 1.031339E+01 -1.144732E-01 3.752400E+04 5.009556E+06 5.009556E+06 1.483007E+08
1.950000E+01 1.031339E+01 -1.259551E-01 3.731700E+04 4.978096E+06 4.978096E+06 1.457760E+08
2.250000E+01 1.031339E+01 -1.740819E-01 3.584200E+04 4.948421E+06 4.948421E+06 1.427623E+08
2.550000E+01 1.031339E+01 -1.960135E-01 3.582900E+04 4.933542E+06 4.933542E+06 1.394412E+08
2.850000E+01 1.031339E+01 -2.003258E-01 3.628200E+04 4.899275E+06 4.899275E+06 1.358951E+08
3.150000E+01 1.031339E+01 -2.417803E-01 3.531200E+04 4.858901E+06 4.858901E+06 1.321983E+08
3.450000E+01 1.031339E+01 -2.692954E-01 3.478200E+04 4.804745E+06 4.804745E+06 1.282734E+08
3.750000E+01 1.031339E+01 -2.348970E-01 3.619100E+04 4.729326E+06 4.729326E+06 1.241451E+08
4.050000E+01 1.031339E+01 -1.807994E-01 3.800900E+04 4.641531E+06 4.641531E+06 1.199213E+08
4.350000E+01 1.031339E+01 -1.295654E-01 3.903700E+04 4.517484E+06 4.517484E+06 1.155736E+08
4.650000E+01 1.031339E+01 -1.681708E-02 4.183500E+04 4.391954E+06 4.391954E+06 1.112371E+08
4.950000E+01 1.031339E+01 1.147657E-01 4.444500E+04 4.236516E+06 4.236516E+06 1.068109E+08
5.250000E+01 1.031339E+01 2.022531E-01 4.566300E+04 4.095282E+06 4.095282E+06 1.025345E+08
5.550000E+01 1.031339E+01 2.216256E-01 4.364800E+04 3.883332E+06 3.883332E+06 9.805602E+07
5.850000E+01 1.031339E+01 1.397482E-01 3.882600E+04 3.667918E+06 3.667918E+06 9.372964E+07
1.500000E+00 1.344166E+01 2.743194E-01 7.157100E+04 6.762671E+06 6.762671E+06 2.049273E+08
4.500000E+00 1.344166E+01 2.681298E-01 7.112300E+04 6.738060E+06 6.738060E+06 2.033663E+08
7.500000E+00 1.344166E+01 1.775675E-01 6.610500E+04 6.728254E+06 6.728254E+06 2.019668E+08
1.050000E+01 1.344166E+01 2.926126E-02 5.712200E+04 6.664454E+06 6.664454E+06 2.001110E+08
1.350000E+01 1.344166E+01 -7.556653E-02 5.149400E+04 6.635898E+06 6.635898E+06 1.976387E+08
1.650000E+01 1.344166E+01 -1.372298E-01 4.779700E+04 6.561809E+06 6.561809E+06 1.946017E+08
1.950000E+01 1.344166E+01 -1.473843E-01 4.771600E+04 6.526589E+06 6.526589E+06 1.912999E+08
2.250000E+01 1.344166E+01 -1.625894E-01 4.750100E+04 6.489082E+06 6.489082E+06 1.875318E+08
2.550000E+01 1.344166E+01 -1.765955E-01 4.747800E+04 6.447927E+06 6.447927E+06 1.832829E+08
2.850000E+01 1.344166E+01 -1.731187E-01 4.800100E+04 6.378409E+06 6.378409E+06 1.787059E+08
3.150000E+01 1.344166E+01 -1.930120E-01 4.718100E+04 6.292368E+06 6.292368E+06 1.738700E+08
3.450000E+01 1.344166E+01 -1.934174E-01 4.727700E+04 6.198846E+06 6.198846E+06 1.688511E+08
3.750000E+01 1.344166E+01 -2.118274E-01 4.614100E+04 6.073401E+06 6.073401E+06 1.634471E+08
4.050000E+01 1.344166E+01 -1.497114E-01 4.839700E+04 5.931255E+06 5.931255E+06 1.579236E+08
4.350000E+01 1.344166E+01 -3.072989E-02 5.218700E+04 5.743364E+06 5.743364E+06 1.522012E+08
4.650000E+01 1.344166E+01 3.595756E-02 5.323500E+04 5.542911E+06 5.542911E+06 1.464616E+08
4.950000E+01 1.344166E+01 8.452134E-02 5.311700E+04 5.327833E+06 5.327833E+06 1.406782E+08
5.250000E+01 1.344166E+01 5.068392E-02 4.933300E+04 5.092397E+06 5.092397E+06 1.350530E+08
5.550000E+01 1.344166E+01 1.440002E-01 4.977200E+04 4.824176E+06 4.824176E+06 1.292638E+08
5.850000E+01 1.344166E+01 2.243996E-01 4.992700E+04 4.586671E+06 4.586671E+06 1.236897E+08
1.500000E+00 1.751880E+01 1.396997E-01 7.673300E+04 8.230248E+06 8.230248E+06 2.532528E+08
4.500000E+00 1.751880E+01 1.399235E-01 7.633400E+04 8.176889E+06 8.176889E+06 2.512691E+08
7.500000E+00 1.751880E+01 7.496076E-02 7.124400E+04 8.119206E+06 8.119206E+06 2.494789E+08
1.050000E+01 1.751880E+01 2.141263E-02 6.732700E+04 8.073580E+06 8.073580E+06 2.472862E+08
1.350000E+01 1.751880E+01 -3.061733E-02 6.419700E+04 8.050867E+06 8.050867E+06 2.442917E+08
1.650000E+01 1.751880E+01 -9.172787E-02 5.972500E+04 7.966393E+06 7.966393E+06 2.405747E+08
1.950000E+01 1.751880E+01 -1.127667E-01 5.853200E+04 7.905128E+06 7.905128E+06 2.365566E+08
2.250000E+01 1.751880E+01 -1.267858E-01 5.799000E+04 7.841253E+06 7.841253E+06 2.319438E+08
2.550000E+01 1.751880E+01 -1.388338E-01 5.772100E+04 7.773639E+06 7.773639E+06 2.267895E+08
2.850000E+01 1.751880E+01 -1.290845E-01 5.875400E+04 7.692232E+06 7.692232E+06 2.211930E+08
3.150000E+01 1.751880E+01 -1.486032E-01 5.789200E+04 7.598254E+06 7.598254E+06 2.152243E+08
3.450000E+01 1.751880E+01 -1.895667E-01 5.500500E+04 7.450503E+06 7.450503E+06 2.090391E+08
3.750000E+01 1.751880E+01 -2.098704E-01 5.337700E+04 7.289870E+06 7.289870E+06 2.023997E+08
4.050000E+01 1.751880E+01 -1.562315E-01 5.525000E+04 7.086484E+06 7.086484E+06 1.955357E+08
4.350000E+01 1.751880E+01 -7.374799E-02 5.778400E+04 6.840964E+06 6.840964E+06 1.885241E+08
4.650000E+01 1.751880E+01 -5.045490E-04 5.922800E+04 6.577092E+06 6.577092E+06 1.814618E+08
4.950000E+01 1.751880E+01 9.303139E-02 6.127700E+04 6.306294E+06 6.306294E+06 1.743324E+08
5.250000E+01 1.751880E+01 1.155142E-01 5.979100E+04 6.047565E+06 6.047565E+06 1.672948E+08
5.550000E+01 1.751880E+01 1.470508E-01 5.803400E+04 5.750983E+06 5.750983E+06 1.600710E+08
5.850000E+01 1.751880E+01 1.574298E-01 5.582800E+04 5.491361E+06 5.491361E+06 1.529800E+08
