5.000000E-01 5.000000E-01 8.599294E+00 8.871779E-02 1.231944E+00 1.231944E+00 3.968012E+01
1.500000E+00 5.000000E-01 5.243004E+00 5.731845E-02 1.220397E+00 1.220397E+00 3.934855E+01
2.500000E+00 5.000000E-01 3.263135E+00 3.818982E-02 1.174138E+00 1.174138E+00 3.868134E+01
3.500000E+00 5.000000E-01 1.568251E+00 2.271088E-02 1.159791E+00 1.159791E+00 3.829792E+01
4.500000E+00 5.000000E-01 1.496320E+00 2.174412E-02 1.140916E+00 1.140916E+00 3.794875E+01
5.500000E+00 5.000000E-01 8.366425E-01 1.603077E-02 1.145495E+00 1.145495E+00 3.729571E+01
6.500000E+00 5.000000E-01 3.280359E-01 1.158059E-02 1.138039E+00 1.138039E+00 3.688443E+01
7.500000E+00 5.000000E-01 4.568491E-01 1.187324E-02 1.084507E+00 1.084507E+00 3.684002E+01
8.500000E+00 5.000000E-01 3.776472E-01 1.196457E-02 1.129364E+00 1.129364E+00 3.625033E+01
9.500000E+00 5.000000E-01 2.909992E-01 1.044506E-02 1.074540E+00 1.074540E+00 3.598227E+01
1.050000E+01 5.000000E-01 2.227972E-01 1.029667E-02 1.094108E+00 1.094108E+00 3.530037E+01
1.150000E+01 5.000000E-01 -4.086719E-02 7.492347E-03 1.049289E+00 1.049289E+00 3.514498E+01
1.250000E+01 5.000000E-01 1.075965E-01 8.507167E-03 1.030736E+00 1.030736E+00 3.472550E+01
1.350000E+01 5.000000E-01 6.723344E-02 8.393310E-03 1.036875E+00 1.036875E+00 3.418100E+01
1.450000E+01 5.000000E-01 1.560919E-01 9.074465E-03 1.029577E+00 1.029577E+00 3.373329E+01
1.550000E+01 5.000000E-01 1.433689E-01 9.005019E-03 1.028289E+00 1.028289E+00 3.348300E+01
1.650000E+01 5.000000E-01 1.120424E-01 8.486933E-03 1.005212E+00 1.005212E+00 3.311076E+01
1.750000E+01 5.000000E-01 1.379697E-01 8.758110E-03 1.002904E+00 1.002904E+00 3.257492E+01
1.850000E+01 5.000000E-01 5.887285E-01 1.144674E-02 9.529150E-01 9.529150E-01 3.212062E+01
1.950000E+01 5.000000E-01 -1.922624E-01 5.740477E-03 9.521613E-01 9.521613E-01 3.166830E+01
5.000000E-01 1.500000E+00 3.183518E+00 1.132833E-01 3.555784E+00 3.555784E+00 1.167331E+02
1.500000E+00 1.500000E+00 2.831464E+00 1.027079E-01 3.522283E+00 3.522283E+00 1.154835E+02
2.500000E+00 1.500000E+00 1.904687E+00 7.556664E-02 3.397140E+00 3.397140E+00 1.135526E+02
3.500000E+00 1.500000E+00 1.535548E+00 6.581997E-02 3.402936E+00 3.402936E+00 1.126648E+02
4.500000E+00 1.500000E+00 8.901735E-01 4.918645E-02 3.416516E+00 3.416516E+00 1.115451E+02
5.500000E+00 1.500000E+00 7.041032E-01 4.270822E-02 3.300817E+00 3.300817E+00 1.101048E+02
6.500000E+00 1.500000E+00 5.214878E-01 3.867144E-02 3.330885E+00 3.330885E+00 1.085725E+02
7.500000E+00 1.500000E+00 5.734927E-01 3.874421E-02 3.243024E+00 3.243024E+00 1.075536E+02
8.500000E+00 1.500000E+00 4.933119E-01 3.685088E-02 3.242393E+00 3.242393E+00 1.065585E+02
9.500000E+00 1.500000E+00 1.810366E-01 2.918433E-02 3.224851E+00 3.224851E+00 1.048718E+02
1.050000E+01 1.500000E+00 1.777427E-01 2.741193E-02 3.105459E+00 3.105459E+00 1.042118E+02
1.150000E+01 1.500000E+00 6.573017E-02 2.534515E-02 3.131916E+00 3.131916E+00 1.031116E+02
1.250000E+01 1.500000E+00 1.084388E-01 2.518129E-02 3.036135E+00 3.036135E+00 1.017914E+02
1.350000E+01 1.500000E+00 1.254378E-01 2.587759E-02 3.035662E+00 3.035662E+00 1.003026E+02
1.450000E+01 1.500000E+00 1.885802E-01 2.685766E-02 2.990612E+00 2.990612E+00 9.925731E+01
1.550000E+01 1.500000E+00 1.254828E-01 2.632902E-02 3.033509E+00 3.033509E+00 9.792120E+01
1.650000E+01 1.500000E+00 -4.330693E-02 2.144724E-02 2.946498E+00 2.946498E+00 9.677361E+01
1.750000E+01 1.500000E+00 6.105403E-02 2.428590E-02 2.960162E+00 2.960162E+00 9.545364E+01
1.850000E+01 1.500000E+00 1.553481E-01 2.555783E-02 2.891013E+00 2.891013E+00 9.424514E+01
1.950000E+01 1.500000E+00 -1.001958E-01 2.016841E-02 2.884439E+00 2.884439E+00 9.307724E+01
5.000000E-01 2.500000E+00 2.395658E+00 1.489215E-01 5.738835E+00 5.738835E+00 1.900222E+02
1.500000E+00 2.500000E+00 1.696826E+00 1.160928E-01 5.638064E+00 5.638064E+00 1.870147E+02
2.500000E+00 2.500000E+00 1.401653E+00 1.030534E-01 5.631686E+00 5.631686E+00 1.855600E+02
3.500000E+00 2.500000E+00 1.083986E+00 8.870768E-02 5.590841E+00 5.590841E+00 1.830825E+02
4.500000E+00 2.500000E+00 6.554649E-01 7.018179E-02 5.557252E+00 5.557252E+00 1.807429E+02
5.500000E+00 2.500000E+00 5.452772E-01 6.441012E-02 5.470359E+00 5.470359E+00 1.791127E+02
6.500000E+00 2.500000E+00 2.304251E-01 5.031180E-02 5.379936E+00 5.379936E+00 1.770850E+02
7.500000E+00 2.500000E+00 2.875289E-01 5.194862E-02 5.318123E+00 5.318123E+00 1.756806E+02
8.500000E+00 2.500000E+00 2.375363E-01 4.925920E-02 5.244536E+00 5.244536E+00 1.730305E+02
9.500000E+00 2.500000E+00 2.289321E-01 4.966234E-02 5.275396E+00 5.275396E+00 1.714732E+02
1.050000E+01 2.500000E+00 2.153643E-01 4.726313E-02 5.128219E+00 5.128219E+00 1.693756E+02
1.150000E+01 2.500000E+00 1.110285E-01 4.346164E-02 5.123703E+00 5.123703E+00 1.675954E+02
1.250000E+01 2.500000E+00 -9.010973E-02 3.433539E-02 4.997897E+00 4.997897E+00 1.651825E+02
1.350000E+01 2.500000E+00 -3.921392E-02 3.640049E-02 4.970722E+00 4.970722E+00 1.629904E+02
1.450000E+01 2.500000E+00 5.602775E-02 3.978666E-02 4.934617E+00 4.934617E+00 1.614627E+02
1.550000E+01 2.500000E+00 1.816406E-01 4.394773E-02 4.871084E+00 4.871084E+00 1.592335E+02
1.650000E+01 2.500000E+00 -1.500982E-02 3.596888E-02 4.794996E+00 4.794996E+00 1.573458E+02
1.750000E+01 2.500000E+00 7.469846E-02 3.883425E-02 4.739512E+00 4.739512E+00 1.553166E+02
1.850000E+01 2.500000E+00 1.621443E-01 4.169969E-02 4.694427E+00 4.694427E+00 1.532534E+02
1.950000E+01 2.500000E+00 1.324873E-01 3.996400E-02 4.624460E+00 4.624460E+00 1.513442E+02
5.000000E-01 3.500000E+00 1.370595E+00 1.417925E-01 7.845665E+00 7.845665E+00 2.595372E+02
1.500000E+00 3.500000E+00 1.282092E+00 1.357829E-01 7.816037E+00 7.816037E+00 2.560323E+02
2.500000E+00 3.500000E+00 1.279844E+00 1.339158E-01 7.716887E+00 7.716887E+00 2.525865E+02
3.500000E+00 3.500000E+00 8.396445E-01 1.057348E-01 7.554146E+00 7.554146E+00 2.500882E+02
4.500000E+00 3.500000E+00 6.516217E-01 9.560183E-02 7.591306E+00 7.591306E+00 2.474872E+02
5.500000E+00 3.500000E+00 4.641462E-01 8.246352E-02 7.410924E+00 7.410924E+00 2.444879E+02
6.500000E+00 3.500000E+00 3.927415E-01 7.847358E-02 7.387154E+00 7.387154E+00 2.414912E+02
7.500000E+00 3.500000E+00 1.882457E-01 6.824129E-02 7.431590E+00 7.431590E+00 2.385812E+02
8.500000E+00 3.500000E+00 1.017763E-01 6.006380E-02 7.181085E+00 7.181085E+00 2.365491E+02
9.500000E+00 3.500000E+00 2.112192E-01 6.577935E-02 7.125150E+00 7.125150E+00 2.334822E+02
1.050000E+01 3.500000E+00 1.577585E-01 6.195427E-02 7.032614E+00 7.032614E+00 2.310260E+02
1.150000E+01 3.500000E+00 1.516020E-01 6.103115E-02 6.962976E+00 6.962976E+00 2.286516E+02
1.250000E+01 3.500000E+00 2.012210E-01 6.313913E-02 6.892264E+00 6.892264E+00 2.256692E+02
1.350000E+01 3.500000E+00 1.157395E-01 5.691746E-02 6.744543E+00 6.744543E+00 2.232159E+02
1.450000E+01 3.500000E+00 3.550340E-02 5.294527E-02 6.708252E+00 6.708252E+00 2.199286E+02
1.550000E+01 3.500000E+00 3.632312E-02 5.146766E-02 6.569226E+00 6.569226E+00 2.172551E+02
1.650000E+01 3.500000E+00 1.243647E-01 5.516257E-02 6.483861E+00 6.483861E+00 2.145116E+02
1.750000E+01 3.500000E+00 1.219915E-01 5.487647E-02 6.430635E+00 6.430635E+00 2.113571E+02
1.850000E+01 3.500000E+00 2.828406E-02 5.055012E-02 6.413270E+00 6.413270E+00 2.089928E+02
1.950000E+01 3.500000E+00 -2.576820E-02 4.814688E-02 6.376944E+00 6.376944E+00 2.057541E+02
5.000000E-01 4.500000E+00 1.169326E+00 1.630124E-01 9.866060E+00 9.866060E+00 3.249890E+02
1.500000E+00 4.500000E+00 1.195531E+00 1.624136E-01 9.710235E+00 9.710235E+00 3.205441E+02
2.500000E+00 4.500000E+00 9.843097E-01 1.450523E-01 9.600697E+00 9.600697E+00 3.165795E+02
3.500000E+00 4.500000E+00 8.260061E-01 1.328731E-01 9.555288E+00 9.555288E+00 3.131333E+02
4.500000E+00 4.500000E+00 6.997660E-01 1.235706E-01 9.538381E+00 9.538381E+00 3.113261E+02
5.500000E+00 4.500000E+00 4.550714E-01 1.029459E-01 9.302696E+00 9.302696E+00 3.062795E+02
6.500000E+00 4.500000E+00 2.937437E-01 9.118880E-02 9.245851E+00 9.245851E+00 3.027887E+02
7.500000E+00 4.500000E+00 2.099971E-01 8.491878E-02 9.185227E+00 9.185227E+00 2.998636E+02
8.500000E+00 4.500000E+00 2.947297E-01 8.966246E-02 9.067695E+00 9.067695E+00 2.959591E+02
9.500000E+00 4.500000E+00 1.535987E-01 7.782695E-02 8.876979E+00 8.876979E+00 2.920929E+02
1.050000E+01 4.500000E+00 2.347177E-01 8.261926E-02 8.799719E+00 8.799719E+00 2.894355E+02
1.150000E+01 4.500000E+00 1.345774E-03 6.396388E-02 8.549349E+00 8.549349E+00 2.858617E+02
1.250000E+01 4.500000E+00 2.321550E-01 8.038659E-02 8.579622E+00 8.579622E+00 2.821874E+02
1.350000E+01 4.500000E+00 1.579804E-01 7.351077E-02 8.405619E+00 8.405619E+00 2.789625E+02
1.450000E+01 4.500000E+00 9.726523E-02 6.881623E-02 8.316441E+00 8.316441E+00 2.761313E+02
1.550000E+01 4.500000E+00 1.770197E-01 7.371129E-02 8.247644E+00 8.247644E+00 2.717658E+02
1.650000E+01 4.500000E+00 1.903651E-01 7.294005E-02 8.093487E+00 8.093487E+00 2.678532E+02
1.750000E+01 4.500000E+00 6.265935E-02 6.460987E-02 8.015552E+00 8.015552E+00 2.642089E+02
1.850000E+01 4.500000E+00 7.322317E-02 6.544795E-02 7.986345E+00 7.986345E+00 2.612540E+02
1.950000E+01 4.500000E+00 -8.136815E-02 5.667398E-02 7.964802E+00 7.964802E+00 2.575710E+02
5.000000E-01 5.500000E+00 7.837872E-01 1.578738E-01 1.164440E+01 1.164440E+01 3.878205E+02
1.500000E+00 5.500000E+00 7.527133E-01 1.557887E-01 1.166747E+01 1.166747E+01 3.815549E+02
2.500000E+00 5.500000E+00 6.709602E-01 1.462362E-01 1.149326E+01 1.149326E+01 3.771362E+02
3.500000E+00 5.500000E+00 7.364401E-01 1.510554E-01 1.141606E+01 1.141606E+01 3.727927E+02
4.500000E+00 5.500000E+00 4.178276E-01 1.216234E-01 1.126169E+01 1.126169E+01 3.692774E+02
5.500000E+00 5.500000E+00 3.452187E-01 1.151212E-01 1.120029E+01 1.120029E+01 3.649759E+02
6.500000E+00 5.500000E+00 2.570377E-01 1.055693E-01 1.100981E+01 1.100981E+01 3.602453E+02
7.500000E+00 5.500000E+00 5.263844E-02 8.836430E-02 1.094278E+01 1.094278E+01 3.561562E+02
8.500000E+00 5.500000E+00 1.869880E-01 9.768011E-02 1.077195E+01 1.077195E+01 3.518286E+02
9.500000E+00 5.500000E+00 1.516025E-01 9.260988E-02 1.058894E+01 1.058894E+01 3.487544E+02
1.050000E+01 5.500000E+00 1.109526E-01 8.783315E-02 1.042913E+01 1.042913E+01 3.441677E+02
1.150000E+01 5.500000E+00 7.589146E-02 8.314883E-02 1.025802E+01 1.025802E+01 3.408050E+02
1.250000E+01 5.500000E+00 9.597195E-02 8.423776E-02 1.015832E+01 1.015832E+01 3.359442E+02
1.350000E+01 5.500000E+00 4.542723E-02 7.972912E-02 1.004968E+01 1.004968E+01 3.310440E+02
1.450000E+01 5.500000E+00 1.928025E-01 8.915215E-02 9.883879E+00 9.883879E+00 3.276839E+02
1.550000E+01 5.500000E+00 7.308482E-02 7.891896E-02 9.750142E+00 9.750142E+00 3.234772E+02
1.650000E+01 5.500000E+00 8.503960E-02 7.908906E-02 9.634086E+00 9.634086E+00 3.185763E+02
1.750000E+01 5.500000E+00 1.530047E-01 8.334230E-02 9.531987E+00 9.531987E+00 3.145824E+02
1.850000E+01 5.500000E+00 1.091144E-01 7.959641E-02 9.448209E+00 9.448209E+00 3.110352E+02
1.950000E+01 5.500000E+00 3.359633E-02 7.349221E-02 9.334916E+00 9.334916E+00 3.062607E+02
5.000000E-01 6.500000E+00 6.717315E-01 1.711945E-01 1.347244E+01 1.347244E+01 4.460629E+02
1.500000E+00 6.500000E+00 6.651678E-01 1.673233E-01 1.323000E+01 1.323000E+01 4.396260E+02
2.500000E+00 6.500000E+00 5.039385E-01 1.517451E-01 1.324229E+01 1.324229E+01 4.337278E+02
3.500000E+00 6.500000E+00 5.211008E-01 1.524670E-01 1.314740E+01 1.314740E+01 4.297666E+02
4.500000E+00 6.500000E+00 4.131341E-01 1.406713E-01 1.302646E+01 1.302646E+01 4.238116E+02
5.500000E+00 6.500000E+00 3.332767E-01 1.316958E-01 1.290734E+01 1.290734E+01 4.193479E+02
6.500000E+00 6.500000E+00 3.477654E-01 1.304611E-01 1.268400E+01 1.268400E+01 4.143458E+02
7.500000E+00 6.500000E+00 3.056751E-01 1.253398E-01 1.257415E+01 1.257415E+01 4.106356E+02
8.500000E+00 6.500000E+00 2.457204E-01 1.177604E-01 1.238595E+01 1.238595E+01 4.049310E+02
9.500000E+00 6.500000E+00 1.516680E-01 1.064247E-01 1.215996E+01 1.215996E+01 4.001477E+02
1.050000E+01 6.500000E+00 8.594534E-02 9.962124E-02 1.204961E+01 1.204961E+01 3.955340E+02
1.150000E+01 6.500000E+00 1.030796E-01 9.854014E-02 1.181502E+01 1.181502E+01 3.911178E+02
1.250000E+01 6.500000E+00 6.002569E-02 9.384061E-02 1.169418E+01 1.169418E+01 3.863146E+02
1.350000E+01 6.500000E+00 4.657642E-02 9.124531E-02 1.152823E+01 1.152823E+01 3.811733E+02
1.450000E+01 6.500000E+00 7.882353E-02 9.237436E-02 1.134362E+01 1.134362E+01 3.760792E+02
1.550000E+01 6.500000E+00 1.338468E-01 9.605734E-02 1.120917E+01 1.120917E+01 3.714528E+02
1.650000E+01 6.500000E+00 6.906321E-02 8.930824E-02 1.105494E+01 1.105494E+01 3.659776E+02
1.750000E+01 6.500000E+00 1.934270E-02 8.378279E-02 1.089665E+01 1.089665E+01 3.611135E+02
1.850000E+01 6.500000E+00 7.806717E-02 8.845846E-02 1.081640E+01 1.081640E+01 3.565410E+02
1.950000E+01 6.500000E+00 5.670886E-02 8.942447E-02 1.092026E+01 1.092026E+01 3.512816E+02
5.000000E-01 7.500000E+00 6.289253E-01 1.872764E-01 1.512839E+01 1.512839E+01 5.007270E+02
1.500000E+00 7.500000E+00 4.177770E-01 1.615343E-01 1.498903E+01 1.498903E+01 4.939981E+02
2.500000E+00 7.500000E+00 4.988320E-01 1.689174E-01 1.481625E+01 1.481625E+01 4.877648E+02
3.500000E+00 7.500000E+00 4.447528E-01 1.633117E-01 1.480124E+01 1.480124E+01 4.820006E+02
4.500000E+00 7.500000E+00 3.792979E-01 1.525238E-01 1.452219E+01 1.452219E+01 4.765769E+02
5.500000E+00 7.500000E+00 3.703317E-01 1.496112E-01 1.434110E+01 1.434110E+01 4.708509E+02
6.500000E+00 7.500000E+00 2.829968E-01 1.391390E-01 1.421672E+01 1.421672E+01 4.650668E+02
7.500000E+00 7.500000E+00 2.960465E-01 1.390995E-01 1.407081E+01 1.407081E+01 4.603250E+02
8.500000E+00 7.500000E+00 1.764595E-01 1.249174E-01 1.390015E+01 1.390015E+01 4.541065E+02
9.500000E+00 7.500000E+00 1.361483E-01 1.173647E-01 1.361835E+01 1.361835E+01 4.491887E+02
1.050000E+01 7.500000E+00 1.425198E-01 1.161449E-01 1.342078E+01 1.342078E+01 4.435342E+02
1.150000E+01 7.500000E+00 1.023170E-01 1.105784E-01 1.326011E+01 1.326011E+01 4.386502E+02
1.250000E+01 7.500000E+00 1.947901E-01 1.185481E-01 1.309524E+01 1.309524E+01 4.329228E+02
1.350000E+01 7.500000E+00 4.441212E-02 1.016902E-01 1.289213E+01 1.289213E+01 4.268849E+02
1.450000E+01 7.500000E+00 4.734282E-02 9.961168E-02 1.266714E+01 1.266714E+01 4.220997E+02
1.550000E+01 7.500000E+00 3.960263E-02 9.820154E-02 1.253466E+01 1.253466E+01 4.159722E+02
1.650000E+01 7.500000E+00 8.121174E-03 9.404496E-02 1.238322E+01 1.238322E+01 4.108106E+02
1.750000E+01 7.500000E+00 1.134434E-01 1.031723E-01 1.224412E+01 1.224412E+01 4.049396E+02
1.850000E+01 7.500000E+00 5.913128E-02 9.848726E-02 1.219134E+01 1.219134E+01 3.993449E+02
1.950000E+01 7.500000E+00 2.785517E-02 9.474187E-02 1.205662E+01 1.205662E+01 3.940073E+02
5.000000E-01 8.500000E+00 5.016354E-01 1.926760E-01 1.684056E+01 1.684056E+01 5.516458E+02
1.500000E+00 8.500000E+00 4.612981E-01 1.847615E-01 1.659357E+01 1.659357E+01 5.435710E+02
2.500000E+00 8.500000E+00 3.349695E-01 1.647759E-01 1.626474E+01 1.626474E+01 5.373940E+02
3.500000E+00 8.500000E+00 4.093003E-01 1.733583E-01 1.616093E+01 1.616093E+01 5.308547E+02
4.500000E+00 8.500000E+00 4.132186E-01 1.727725E-01 1.603435E+01 1.603435E+01 5.245435E+02
5.500000E+00 8.500000E+00 3.399213E-01 1.635508E-01 1.595593E+01 1.595593E+01 5.187155E+02
6.500000E+00 8.500000E+00 2.841587E-01 1.543049E-01 1.572564E+01 1.572564E+01 5.128658E+02
7.500000E+00 8.500000E+00 3.248459E-01 1.561981E-01 1.547068E+01 1.547068E+01 5.068974E+02
8.500000E+00 8.500000E+00 2.206186E-01 1.419344E-01 1.526441E+01 1.526441E+01 5.006233E+02
9.500000E+00 8.500000E+00 1.598033E-01 1.345031E-01 1.517486E+01 1.517486E+01 4.955149E+02
1.050000E+01 8.500000E+00 1.121003E-01 1.238618E-01 1.475193E+01 1.475193E+01 4.892855E+02
1.150000E+01 8.500000E+00 1.521126E-01 1.280088E-01 1.463436E+01 1.463436E+01 4.821906E+02
1.250000E+01 8.500000E+00 5.771092E-02 1.162523E-01 1.447489E+01 1.447489E+01 4.765537E+02
1.350000E+01 8.500000E+00 1.118414E-01 1.210625E-01 1.431932E+01 1.431932E+01 4.707551E+02
1.450000E+01 8.500000E+00 3.484602E-02 1.100157E-01 1.404324E+01 1.404324E+01 4.637595E+02
1.550000E+01 8.500000E+00 2.269142E-02 1.067627E-01 1.382629E+01 1.382629E+01 4.577678E+02
1.650000E+01 8.500000E+00 -2.851888E-02 9.910435E-02 1.358716E+01 1.358716E+01 4.518090E+02
1.750000E+01 8.500000E+00 -3.886934E-02 9.795305E-02 1.347787E+01 1.347787E+01 4.451784E+02
1.850000E+01 8.500000E+00 1.192511E-01 1.130603E-01 1.331958E+01 1.331958E+01 4.393702E+02
1.950000E+01 8.500000E+00 1.934293E-02 1.028405E-01 1.321720E+01 1.321720E+01 4.326745E+02
5.000000E-01 9.500000E+00 4.761596E-01 2.034459E-01 1.813970E+01 1.813970E+01 5.989899E+02
1.500000E+00 9.500000E+00 4.707624E-01 2.007549E-01 1.794382E+01 1.794382E+01 5.905025E+02
2.500000E+00 9.500000E+00 3.829339E-01 1.861962E-01 1.771452E+01 1.771452E+01 5.837601E+02
3.500000E+00 9.500000E+00 4.054084E-01 1.892797E-01 1.765343E+01 1.765343E+01 5.767273E+02
4.500000E+00 9.500000E+00 3.995545E-01 1.856572E-01 1.740816E+01 1.740816E+01 5.702967E+02
5.500000E+00 9.500000E+00 3.138041E-01 1.732166E-01 1.726504E+01 1.726504E+01 5.634851E+02
6.500000E+00 9.500000E+00 2.265883E-01 1.609582E-01 1.712399E+01 1.712399E+01 5.562901E+02
7.500000E+00 9.500000E+00 1.914687E-01 1.527463E-01 1.680346E+01 1.680346E+01 5.498827E+02
8.500000E+00 9.500000E+00 2.078155E-01 1.551708E-01 1.674780E+01 1.674780E+01 5.434252E+02
9.500000E+00 9.500000E+00 5.279447E-02 1.301820E-01 1.630748E+01 1.630748E+01 5.376881E+02
1.050000E+01 9.500000E+00 3.347657E-02 1.250587E-01 1.602434E+01 1.602434E+01 5.305603E+02
1.150000E+01 9.500000E+00 6.103793E-02 1.261939E-01 1.578074E+01 1.578074E+01 5.238934E+02
1.250000E+01 9.500000E+00 2.652126E-02 1.231523E-01 1.576181E+01 1.576181E+01 5.175089E+02
1.350000E+01 9.500000E+00 8.389444E-02 1.273906E-01 1.549407E+01 1.549407E+01 5.107932E+02
1.450000E+01 9.500000E+00 6.419047E-03 1.169847E-01 1.531192E+01 1.531192E+01 5.040732E+02
1.550000E+01 9.500000E+00 7.233773E-02 1.204713E-01 1.493158E+01 1.493158E+01 4.967790E+02
1.650000E+01 9.500000E+00 2.042137E-02 1.144301E-01 1.481987E+01 1.481987E+01 4.895475E+02
1.750000E+01 9.500000E+00 8.303949E-02 1.194166E-01 1.458907E+01 1.458907E+01 4.830159E+02
1.850000E+01 9.500000E+00 1.289945E-01 1.242651E-01 1.447421E+01 1.447421E+01 4.758500E+02
1.950000E+01 9.500000E+00 5.063255E-02 1.146242E-01 1.431537E+01 1.431537E+01 4.693624E+02
5.000000E-01 1.050000E+01 4.725560E-01 2.181596E-01 1.949817E+01 1.949817E+01 6.437165E+02
1.500000E+00 1.050000E+01 3.102349E-01 1.911415E-01 1.922338E+01 1.922338E+01 6.349191E+02
2.500000E+00 1.050000E+01 3.591327E-01 1.976772E-01 1.910584E+01 1.910584E+01 6.273660E+02
3.500000E+00 1.050000E+01 3.667797E-01 1.973595E-01 1.894269E+01 1.894269E+01 6.201925E+02
4.500000E+00 1.050000E+01 3.231093E-01 1.880842E-01 1.866811E+01 1.866811E+01 6.126165E+02
5.500000E+00 1.050000E+01 1.739460E-01 1.647772E-01 1.841794E+01 1.841794E+01 6.037317E+02
6.500000E+00 1.050000E+01 1.891814E-01 1.671851E-01 1.836133E+01 1.836133E+01 5.976924E+02
7.500000E+00 1.050000E+01 2.623861E-01 1.752178E-01 1.813300E+01 1.813300E+01 5.897515E+02
8.500000E+00 1.050000E+01 2.027710E-01 1.625436E-01 1.775758E+01 1.775758E+01 5.832654E+02
9.500000E+00 1.050000E+01 6.867139E-02 1.432321E-01 1.757835E+01 1.757835E+01 5.760281E+02
1.050000E+01 1.050000E+01 1.666316E-01 1.530224E-01 1.727533E+01 1.727533E+01 5.692334E+02
1.150000E+01 1.050000E+01 6.979246E-02 1.376034E-01 1.700904E+01 1.700904E+01 5.626309E+02
1.250000E+01 1.050000E+01 1.075578E-01 1.383767E-01 1.662228E+01 1.662228E+01 5.542575E+02
1.350000E+01 1.050000E+01 2.257640E-02 1.278526E-01 1.652808E+01 1.652808E+01 5.461525E+02
1.450000E+01 1.050000E+01 2.229619E-03 1.227231E-01 1.627169E+01 1.627169E+01 5.403070E+02
1.550000E+01 1.050000E+01 -1.593289E-02 1.192683E-01 1.607969E+01 1.607969E+01 5.329007E+02
1.650000E+01 1.050000E+01 1.088363E-01 1.319456E-01 1.579068E+01 1.579068E+01 5.249053E+02
1.750000E+01 1.050000E+01 1.729837E-02 1.198428E-01 1.561107E+01 1.561107E+01 5.170994E+02
1.850000E+01 1.050000E+01 1.292764E-01 1.323999E-01 1.546314E+01 1.546314E+01 5.102861E+02
1.950000E+01 1.050000E+01 -1.787146E-02 1.142477E-01 1.528453E+01 1.528453E+01 5.018678E+02
5.000000E-01 1.150000E+01 4.005779E-01 2.205389E-01 2.074234E+01 2.074234E+01 6.855551E+02
1.500000E+00 1.150000E+01 4.432073E-01 2.224560E-01 2.033712E+01 2.033712E+01 6.754303E+02
2.500000E+00 1.150000E+01 2.608465E-01 1.915867E-01 2.009089E+01 2.009089E+01 6.669379E+02
3.500000E+00 1.150000E+01 3.076721E-01 1.987628E-01 2.000175E+01 2.000175E+01 6.589177E+02
4.500000E+00 1.150000E+01 2.293529E-01 1.857134E-01 1.983604E+01 1.983604E+01 6.508258E+02
5.500000E+00 1.150000E+01 1.473872E-01 1.707383E-01 1.956290E+01 1.956290E+01 6.429371E+02
6.500000E+00 1.150000E+01 1.716657E-01 1.731920E-01 1.939295E+01 1.939295E+01 6.355460E+02
7.500000E+00 1.150000E+01 2.420332E-01 1.821537E-01 1.921639E+01 1.921639E+01 6.282957E+02
8.500000E+00 1.150000E+01 1.414000E-01 1.639454E-01 1.887802E+01 1.887802E+01 6.201961E+02
9.500000E+00 1.150000E+01 1.531040E-01 1.635083E-01 1.864749E+01 1.864749E+01 6.131240E+02
1.050000E+01 1.150000E+01 5.789755E-02 1.473244E-01 1.836858E+01 1.836858E+01 6.057758E+02
1.150000E+01 1.150000E+01 1.600997E-01 1.580090E-01 1.803359E+01 1.803359E+01 5.984753E+02
1.250000E+01 1.150000E+01 6.789732E-02 1.428991E-01 1.775314E+01 1.775314E+01 5.893984E+02
1.350000E+01 1.150000E+01 1.826096E-01 1.567250E-01 1.752717E+01 1.752717E+01 5.810590E+02
1.450000E+01 1.150000E+01 6.866013E-02 1.392292E-01 1.728060E+01 1.728060E+01 5.735614E+02
1.550000E+01 1.150000E+01 5.112238E-02 1.359321E-01 1.710538E+01 1.710538E+01 5.658169E+02
1.650000E+01 1.150000E+01 7.622560E-02 1.357630E-01 1.676214E+01 1.676214E+01 5.575926E+02
1.750000E+01 1.150000E+01 8.335069E-02 1.348889E-01 1.652825E+01 1.652825E+01 5.492878E+02
1.850000E+01 1.150000E+01 7.143387E-02 1.326596E-01 1.637031E+01 1.637031E+01 5.414222E+02
1.950000E+01 1.150000E+01 2.885491E-02 1.270180E-01 1.623433E+01 1.623433E+01 5.335330E+02
5.000000E-01 1.250000E+01 2.977005E-01 2.126504E-01 2.171714E+01 2.171714E+01 7.246557E+02
1.500000E+00 1.250000E+01 2.502060E-01 2.025079E-01 2.145115E+01 2.145115E+01 7.137742E+02
2.500000E+00 1.250000E+01 2.854703E-01 2.060849E-01 2.120158E+01 2.120158E+01 7.044962E+02
3.500000E+00 1.250000E+01 2.484542E-01 1.999151E-01 2.109031E+01 2.109031E+01 6.954651E+02
4.500000E+00 1.250000E+01 1.554680E-01 1.828746E-01 2.084811E+01 2.084811E+01 6.870393E+02
5.500000E+00 1.250000E+01 1.888328E-01 1.876726E-01 2.071255E+01 2.071255E+01 6.788335E+02
6.500000E+00 1.250000E+01 2.577222E-01 1.960482E-01 2.044822E+01 2.044822E+01 6.698230E+02
7.500000E+00 1.250000E+01 1.136571E-01 1.707790E-01 2.015253E+01 2.015253E+01 6.619388E+02
8.500000E+00 1.250000E+01 1.633796E-01 1.746012E-01 1.980623E+01 1.980623E+01 6.544167E+02
9.500000E+00 1.250000E+01 1.278173E-01 1.663066E-01 1.951348E+01 1.951348E+01 6.466937E+02
1.050000E+01 1.250000E+01 1.015254E-01 1.599327E-01 1.924299E+01 1.924299E+01 6.385863E+02
1.150000E+01 1.250000E+01 9.396103E-02 1.547550E-01 1.885465E+01 1.885465E+01 6.297528E+02
1.250000E+01 1.250000E+01 1.030169E-01 1.553405E-01 1.868698E+01 1.868698E+01 6.210271E+02
1.350000E+01 1.250000E+01 3.881686E-02 1.424154E-01 1.832858E+01 1.832858E+01 6.130327E+02
1.450000E+01 1.250000E+01 6.242595E-02 1.444401E-01 1.811101E+01 1.811101E+01 6.039296E+02
1.550000E+01 1.250000E+01 7.829210E-03 1.344073E-01 1.781930E+01 1.781930E+01 5.949840E+02
1.650000E+01 1.250000E+01 3.484392E-02 1.351599E-01 1.750936E+01 1.750936E+01 5.871971E+02
1.750000E+01 1.250000E+01 3.204884E-02 1.350863E-01 1.740281E+01 1.740281E+01 5.786037E+02
1.850000E+01 1.250000E+01 4.902734E-03 1.315055E-01 1.726492E+01 1.726492E+01 5.692342E+02
1.950000E+01 1.250000E+01 -1.465022E-02 1.294601E-01 1.718055E+01 1.718055E+01 5.614957E+02
5.000000E-01 1.350000E+01 2.084893E-01 2.073257E-01 2.275555E+01 2.275555E+01 7.580936E+02
1.500000E+00 1.350000E+01 2.209955E-01 2.086792E-01 2.256996E+01 2.256996E+01 7.471367E+02
2.500000E+00 1.350000E+01 2.078386E-01 2.040802E-01 2.231143E+01 2.231143E+01 7.383288E+02
3.500000E+00 1.350000E+01 2.422095E-01 2.093860E-01 2.218025E+01 2.218025E+01 7.302746E+02
4.500000E+00 1.350000E+01 1.281324E-01 1.870264E-01 2.185079E+01 2.185079E+01 7.204620E+02
5.500000E+00 1.350000E+01 2.157980E-01 1.981754E-01 2.150910E+01 2.150910E+01 7.111204E+02
6.500000E+00 1.350000E+01 2.119576E-01 1.966717E-01 2.135285E+01 2.135285E+01 7.028652E+02
7.500000E+00 1.350000E+01 1.142811E-01 1.799952E-01 2.118986E+01 2.118986E+01 6.944313E+02
8.500000E+00 1.350000E+01 1.421813E-01 1.816470E-01 2.087791E+01 2.087791E+01 6.848471E+02
9.500000E+00 1.350000E+01 1.634641E-01 1.819652E-01 2.057203E+01 2.057203E+01 6.766289E+02
1.050000E+01 1.350000E+01 5.665902E-02 1.591263E-01 2.005166E+01 2.005166E+01 6.681689E+02
1.150000E+01 1.350000E+01 3.760092E-02 1.525819E-01 1.968717E+01 1.968717E+01 6.593884E+02
1.250000E+01 1.350000E+01 3.697468E-02 1.523543E-01 1.953952E+01 1.953952E+01 6.499144E+02
1.350000E+01 1.350000E+01 2.402698E-02 1.494673E-01 1.934063E+01 1.934063E+01 6.406656E+02
1.450000E+01 1.350000E+01 -3.233650E-02 1.376327E-01 1.898247E+01 1.898247E+01 6.323268E+02
1.550000E+01 1.350000E+01 -1.621847E-02 1.368214E-01 1.863251E+01 1.863251E+01 6.231919E+02
1.650000E+01 1.350000E+01 4.228129E-02 1.424644E-01 1.831518E+01 1.831518E+01 6.141114E+02
1.750000E+01 1.350000E+01 8.858904E-04 1.354136E-01 1.809970E+01 1.809970E+01 6.049295E+02
1.850000E+01 1.350000E+01 1.961921E-02 1.391466E-01 1.804807E+01 1.804807E+01 5.966194E+02
1.950000E+01 1.350000E+01 -1.863726E-02 1.308769E-01 1.768723E+01 1.768723E+01 5.859531E+02
5.000000E-01 1.450000E+01 1.652803E-01 2.062657E-01 2.359605E+01 2.359605E+01 7.904195E+02
1.500000E+00 1.450000E+01 2.024871E-01 2.146000E-01 2.354976E+01 2.354976E+01 7.784412E+02
2.500000E+00 1.450000E+01 2.045287E-01 2.134243E-01 2.332905E+01 2.332905E+01 7.685970E+02
3.500000E+00 1.450000E+01 1.155811E-01 1.955693E-01 2.306272E+01 2.306272E+01 7.585501E+02
4.500000E+00 1.450000E+01 1.970822E-01 2.048041E-01 2.262295E+01 2.262295E+01 7.500199E+02
5.500000E+00 1.450000E+01 4.119317E-02 1.768175E-01 2.244055E+01 2.244055E+01 7.414049E+02
6.500000E+00 1.450000E+01 1.611359E-01 1.941928E-01 2.209280E+01 2.209280E+01 7.309211E+02
7.500000E+00 1.450000E+01 1.537041E-01 1.906661E-01 2.184021E+01 2.184021E+01 7.228731E+02
8.500000E+00 1.450000E+01 1.491271E-01 1.883714E-01 2.161231E+01 2.161231E+01 7.130275E+02
9.500000E+00 1.450000E+01 9.311571E-02 1.754919E-01 2.126219E+01 2.126219E+01 7.048632E+02
1.050000E+01 1.450000E+01 6.569105E-02 1.679023E-01 2.090692E+01 2.090692E+01 6.942282E+02
1.150000E+01 1.450000E+01 6.238571E-02 1.638077E-01 2.055599E+01 2.055599E+01 6.860359E+02
1.250000E+01 1.450000E+01 6.052696E-03 1.528714E-01 2.028434E+01 2.028434E+01 6.766409E+02
1.350000E+01 1.450000E+01 2.908224E-02 1.538477E-01 1.996798E+01 1.996798E+01 6.669679E+02
1.450000E+01 1.450000E+01 -4.235784E-02 1.409568E-01 1.969651E+01 1.969651E+01 6.574674E+02
1.550000E+01 1.450000E+01 -9.086636E-02 1.302935E-01 1.934022E+01 1.934022E+01 6.489259E+02
1.650000E+01 1.450000E+01 3.606659E-02 1.478674E-01 1.907958E+01 1.907958E+01 6.380453E+02
1.750000E+01 1.450000E+01 -1.513737E-02 1.372602E-01 1.873126E+01 1.873126E+01 6.283783E+02
1.850000E+01 1.450000E+01 1.883765E-02 1.428100E-01 1.862820E+01 1.862820E+01 6.188613E+02
1.950000E+01 1.450000E+01 1.760440E-02 1.406961E-01 1.835658E+01 1.835658E+01 6.092110E+02
5.000000E-01 1.550000E+01 1.333619E-01 2.126434E-01 2.478303E+01 2.478303E+01 8.194918E+02
1.500000E+00 1.550000E+01 1.115659E-01 2.020017E-01 2.418686E+01 2.418686E+01 8.069699E+02
2.500000E+00 1.550000E+01 1.786376E-01 2.131701E-01 2.396061E+01 2.396061E+01 7.961752E+02
3.500000E+00 1.550000E+01 1.428972E-01 2.048514E-01 2.372286E+01 2.372286E+01 7.866025E+02
4.500000E+00 1.550000E+01 1.707640E-01 2.074787E-01 2.344578E+01 2.344578E+01 7.774463E+02
5.500000E+00 1.550000E+01 1.447973E-01 2.000754E-01 2.313730E+01 2.313730E+01 7.674776E+02
6.500000E+00 1.550000E+01 8.486661E-02 1.877929E-01 2.288710E+01 2.288710E+01 7.571220E+02
7.500000E+00 1.550000E+01 1.325160E-01 1.935350E-01 2.259399E+01 2.259399E+01 7.479990E+02
8.500000E+00 1.550000E+01 4.533576E-02 1.760819E-01 2.229404E+01 2.229404E+01 7.378697E+02
9.500000E+00 1.550000E+01 1.252702E-01 1.850069E-01 2.185859E+01 2.185859E+01 7.286411E+02
1.050000E+01 1.550000E+01 1.553653E-01 1.859336E-01 2.146671E+01 2.146671E+01 7.194197E+02
1.150000E+01 1.550000E+01 8.495960E-02 1.685489E-01 2.096278E+01 2.096278E+01 7.098080E+02
1.250000E+01 1.550000E+01 2.396313E-02 1.586548E-01 2.082050E+01 2.082050E+01 6.995746E+02
1.350000E+01 1.550000E+01 1.019966E-01 1.698035E-01 2.057730E+01 2.057730E+01 6.890754E+02
1.450000E+01 1.550000E+01 4.934427E-02 1.594798E-01 2.031952E+01 2.031952E+01 6.799201E+02
1.550000E+01 1.550000E+01 5.147980E-02 1.550169E-01 1.985353E+01 1.985353E+01 6.694841E+02
1.650000E+01 1.550000E+01 8.325129E-03 1.480612E-01 1.967832E+01 1.967832E+01 6.589855E+02
1.750000E+01 1.550000E+01 2.718407E-02 1.473428E-01 1.930598E+01 1.930598E+01 6.498198E+02
1.850000E+01 1.550000E+01 -3.191576E-02 1.384634E-01 1.915276E+01 1.915276E+01 6.399470E+02
1.950000E+01 1.550000E+01 -2.475271E-02 1.385691E-01 1.892546E+01 1.892546E+01 6.294160E+02
5.000000E-01 1.650000E+01 2.185733E-01 2.319048E-01 2.528019E+01 2.528019E+01 8.443692E+02
1.500000E+00 1.650000E+01 1.073268E-01 2.100758E-01 2.509831E+01 2.509831E+01 8.311724E+02
2.500000E+00 1.650000E+01 2.279777E-01 2.286997E-01 2.467255E+01 2.467255E+01 8.208858E+02
3.500000E+00 1.650000E+01 7.674001E-02 1.983361E-01 2.443552E+01 2.443552E+01 8.113232E+02
4.500000E+00 1.650000E+01 8.397180E-02 1.972062E-01 2.412041E+01 2.412041E+01 8.004642E+02
5.500000E+00 1.650000E+01 1.256134E-02 1.803815E-01 2.374178E+01 2.374178E+01 7.908494E+02
6.500000E+00 1.650000E+01 1.514837E-01 2.030082E-01 2.341915E+01 2.341915E+01 7.804306E+02
7.500000E+00 1.650000E+01 3.709418E-03 1.747394E-01 2.315919E+01 2.315919E+01 7.698488E+02
8.500000E+00 1.650000E+01 5.643543E-02 1.843672E-01 2.302593E+01 2.302593E+01 7.596156E+02
9.500000E+00 1.650000E+01 1.876498E-02 1.698313E-01 2.238116E+01 2.238116E+01 7.511739E+02
1.050000E+01 1.650000E+01 9.191673E-02 1.797382E-01 2.204769E+01 2.204769E+01 7.405568E+02
1.150000E+01 1.650000E+01 1.722778E-01 1.899285E-01 2.168736E+01 2.168736E+01 7.308137E+02
1.250000E+01 1.650000E+01 1.518367E-01 1.839827E-01 2.138321E+01 2.138321E+01 7.198787E+02
1.350000E+01 1.650000E+01 1.423083E-01 1.807260E-01 2.113874E+01 2.113874E+01 7.095381E+02
1.450000E+01 1.650000E+01 2.862352E-02 1.599518E-01 2.086058E+01 2.086058E+01 6.998842E+02
1.550000E+01 1.650000E+01 2.352889E-02 1.556694E-01 2.047178E+01 2.047178E+01 6.890002E+02
1.650000E+01 1.650000E+01 4.013886E-02 1.551146E-01 2.011397E+01 2.011397E+01 6.789453E+02
1.750000E+01 1.650000E+01 6.607068E-02 1.559079E-01 1.975357E+01 1.975357E+01 6.688050E+02
1.850000E+01 1.650000E+01 1.876534E-02 1.495152E-01 1.965475E+01 1.965475E+01 6.580334E+02
1.950000E+01 1.650000E+01 2.174690E-03 1.451005E-01 1.937701E+01 1.937701E+01 6.478920E+02
5.000000E-01 1.750000E+01 1.164891E-01 2.154612E-01 2.583984E+01 2.583984E+01 8.686103E+02
1.500000E+00 1.750000E+01 6.240123E-02 2.043733E-01 2.564744E+01 2.564744E+01 8.560065E+02
2.500000E+00 1.750000E+01 5.926009E-02 2.002689E-01 2.524202E+01 2.524202E+01 8.436654E+02
3.500000E+00 1.750000E+01 -3.463292E-03 1.852603E-01 2.489656E+01 2.489656E+01 8.328025E+02
4.500000E+00 1.750000E+01 5.899943E-02 1.967129E-01 2.470773E+01 2.470773E+01 8.224507E+02
5.500000E+00 1.750000E+01 -1.116637E-02 1.806324E-01 2.435287E+01 2.435287E+01 8.108911E+02
6.500000E+00 1.750000E+01 2.014231E-02 1.823240E-01 2.392153E+01 2.392153E+01 8.004644E+02
7.500000E+00 1.750000E+01 4.625653E-02 1.862272E-01 2.370679E+01 2.370679E+01 7.899620E+02
8.500000E+00 1.750000E+01 1.206132E-01 1.983950E-01 2.348240E+01 2.348240E+01 7.803676E+02
9.500000E+00 1.750000E+01 6.034246E-02 1.826095E-01 2.301331E+01 2.301331E+01 7.699557E+02
1.050000E+01 1.750000E+01 6.493642E-02 1.808908E-01 2.270552E+01 2.270552E+01 7.600539E+02
1.150000E+01 1.750000E+01 7.544840E-02 1.760383E-01 2.213122E+01 2.213122E+01 7.505457E+02
1.250000E+01 1.750000E+01 8.545944E-02 1.763497E-01 2.188077E+01 2.188077E+01 7.393176E+02
1.350000E+01 1.750000E+01 5.643926E-02 1.685615E-01 2.152685E+01 2.152685E+01 7.275361E+02
1.450000E+01 1.750000E+01 1.436985E-02 1.598314E-01 2.127825E+01 2.127825E+01 7.181052E+02
1.550000E+01 1.750000E+01 -3.235643E-04 1.525902E-01 2.077995E+01 2.077995E+01 7.060611E+02
1.650000E+01 1.750000E+01 9.600701E-03 1.546654E-01 2.064101E+01 2.064101E+01 6.948964E+02
1.750000E+01 1.750000E+01 1.805774E-02 1.508172E-01 2.015119E+01 2.015119E+01 6.850301E+02
1.850000E+01 1.750000E+01 1.488354E-02 1.514370E-01 2.007488E+01 2.007488E+01 6.750256E+02
1.950000E+01 1.750000E+01 -3.703575E-02 1.414948E-01 1.976766E+01 1.976766E+01 6.631090E+02
5.000000E-01 1.850000E+01 1.941217E-02 2.003007E-01 2.643140E+01 2.643140E+01 8.888593E+02
1.500000E+00 1.850000E+01 8.591361E-02 2.142966E-01 2.624049E+01 2.624049E+01 8.738187E+02
2.500000E+00 1.850000E+01 9.673502E-02 2.129612E-01 2.585551E+01 2.585551E+01 8.626830E+02
3.500000E+00 1.850000E+01 4.579433E-02 2.000532E-01 2.552043E+01 2.552043E+01 8.518863E+02
4.500000E+00 1.850000E+01 7.991855E-02 2.053854E-01 2.528115E+01 2.528115E+01 8.414309E+02
5.500000E+00 1.850000E+01 5.610408E-02 1.960420E-01 2.481017E+01 2.481017E+01 8.301153E+02
6.500000E+00 1.850000E+01 6.160736E-03 1.835057E-01 2.444516E+01 2.444516E+01 8.186628E+02
7.500000E+00 1.850000E+01 9.871768E-02 1.970221E-01 2.404012E+01 2.404012E+01 8.085939E+02
8.500000E+00 1.850000E+01 6.192259E-02 1.885881E-01 2.378592E+01 2.378592E+01 7.978438E+02
9.500000E+00 1.850000E+01 2.208338E-02 1.781991E-01 2.343587E+01 2.343587E+01 7.876358E+02
1.050000E+01 1.850000E+01 9.805097E-02 1.886449E-01 2.306549E+01 2.306549E+01 7.771002E+02
1.150000E+01 1.850000E+01 6.722698E-02 1.760612E-01 2.244422E+01 2.244422E+01 7.658504E+02
1.250000E+01 1.850000E+01 -2.472911E-03 1.598926E-01 2.202387E+01 2.202387E+01 7.545991E+02
1.350000E+01 1.850000E+01 3.971205E-02 1.678703E-01 2.188943E+01 2.188943E+01 7.427501E+02
1.450000E+01 1.850000E+01 4.423796E-02 1.650922E-01 2.150833E+01 2.150833E+01 7.326220E+02
1.550000E+01 1.850000E+01 -4.359862E-02 1.494867E-01 2.128142E+01 2.128142E+01 7.211430E+02
1.650000E+01 1.850000E+01 -6.734474E-02 1.420752E-01 2.086656E+01 2.086656E+01 7.095160E+02
1.750000E+01 1.850000E+01 -1.989427E-02 1.465434E-01 2.047411E+01 2.047411E+01 6.983838E+02
1.850000E+01 1.850000E+01 4.119501E-02 1.572446E-01 2.036545E+01 2.036545E+01 6.873340E+02
1.950000E+01 1.850000E+01 -1.198461E-02 1.479004E-01 2.013695E+01 2.013695E+01 6.761933E+02
5.000000E-01 1.950000E+01 3.364158E-02 2.047280E-01 2.678933E+01 2.678933E+01 9.065124E+02
1.500000E+00 1.950000E+01 8.385604E-03 1.963200E-01 2.636539E+01 2.636539E+01 8.919094E+02
2.500000E+00 1.950000E+01 -2.160330E-03 1.921306E-01 2.605882E+01 2.605882E+01 8.804624E+02
3.500000E+00 1.950000E+01 3.842607E-02 1.971484E-01 2.566045E+01 2.566045E+01 8.679380E+02
4.500000E+00 1.950000E+01 7.237323E-02 2.025882E-01 2.541219E+01 2.541219E+01 8.568565E+02
5.500000E+00 1.950000E+01 3.902140E-02 1.921112E-01 2.500234E+01 2.500234E+01 8.461168E+02
6.500000E+00 1.950000E+01 2.833997E-02 1.913952E-01 2.490757E+01 2.490757E+01 8.335892E+02
7.500000E+00 1.950000E+01 6.369115E-03 1.830076E-01 2.447991E+01 2.447991E+01 8.232910E+02
8.500000E+00 1.950000E+01 -3.090463E-02 1.730645E-01 2.413311E+01 2.413311E+01 8.130159E+02
9.500000E+00 1.950000E+01 3.771113E-02 1.797364E-01 2.355132E+01 2.355132E+01 8.014165E+02
1.050000E+01 1.950000E+01 5.635894E-02 1.815389E-01 2.329258E+01 2.329258E+01 7.910219E+02
1.150000E+01 1.950000E+01 1.142919E-01 1.862791E-01 2.275684E+01 2.275684E+01 7.799885E+02
1.250000E+01 1.950000E+01 -1.434148E-02 1.604982E-01 2.240400E+01 2.240400E+01 7.677959E+02
1.350000E+01 1.950000E+01 2.757534E-02 1.673209E-01 2.217601E+01 2.217601E+01 7.552598E+02
1.450000E+01 1.950000E+01 1.226967E-02 1.611484E-01 2.180400E+01 2.180400E+01 7.457703E+02
1.550000E+01 1.950000E+01 -3.126798E-04 1.568057E-01 2.147749E+01 2.147749E+01 7.336767E+02
1.650000E+01 1.950000E+01 -2.465843E-02 1.497046E-01 2.109832E+01 2.109832E+01 7.218267E+02
1.750000E+01 1.950000E+01 2.857503E-02 1.562100E-01 2.076895E+01 2.076895E+01 7.102604E+02
1.850000E+01 1.950000E+01 1.721577E-02 1.547444E-01 2.063016E+01 2.063016E+01 6.992097E+02
1.950000E+01 1.950000E+01 3.910177E-02 1.546556E-01 2.021914E+01 2.021914E+01 6.874556E+02
