5.000000E-01 5.000000E-01 7.887878E+00 5.669000E+03 8.956000E+04 8.956000E+04 2.152444E+06
1.500000E+00 5.000000E-01 5.234373E+00 4.032000E+03 8.886600E+04 8.886600E+04 2.135771E+06
2.500000E+00 5.000000E-01 3.701533E+00 3.091000E+03 8.803100E+04 8.803100E+04 2.126907E+06
3.500000E+00 5.000000E-01 2.792903E+00 2.514000E+03 8.638400E+04 8.638400E+04 2.114727E+06
4.500000E+00 5.000000E-01 2.177488E+00 2.135000E+03 8.580600E+04 8.580600E+04 2.104231E+06
5.500000E+00 5.000000E-01 1.787335E+00 1.868000E+03 8.380100E+04 8.380100E+04 2.092438E+06
6.500000E+00 5.000000E-01 1.481477E+00 1.666000E+03 8.256000E+04 8.256000E+04 2.082883E+06
7.500000E+00 5.000000E-01 1.214551E+00 1.478000E+03 8.070800E+04 8.070800E+04 2.071848E+06
8.500000E+00 5.000000E-01 1.032760E+00 1.337000E+03 7.861900E+04 7.861900E+04 2.060613E+06
9.500000E+00 5.000000E-01 9.870585E-01 1.286000E+03 7.715400E+04 7.715400E+04 2.051706E+06
1.050000E+01 5.000000E-01 6.633655E-01 1.088000E+03 7.641400E+04 7.641400E+04 2.040165E+06
1.150000E+01 5.000000E-01 6.165436E-01 1.049000E+03 7.561200E+04 7.561200E+04 2.028129E+06
1.250000E+01 5.000000E-01 3.897813E-01 9.030000E+02 7.449300E+04 7.449300E+04 2.016240E+06
1.350000E+01 5.000000E-01 3.317965E-01 8.710000E+02 7.441300E+04 7.441300E+04 2.004500E+06
1.450000E+01 5.000000E-01 1.656380E-01 7.760000E+02 7.416900E+04 7.416900E+04 1.992921E+06
1.550000E+01 5.000000E-01 2.333808E-01 8.050000E+02 7.351400E+04 7.351400E+04 1.983499E+06
1.650000E+01 5.000000E-01 2.355553E-01 8.080000E+02 7.349100E+04 7.349100E+04 1.973386E+06
1.750000E+01 5.000000E-01 2.167869E-01 8.000000E+02 7.351200E+04 7.351200E+04 1.964033E+06
1.850000E+01 5.000000E-01 2.011332E-01 7.780000E+02 7.266300E+04 7.266300E+04 1.960134E+06
1.950000E+01 5.000000E-01 1.028392E-02 6.730000E+02 7.243500E+04 7.243500E+04 1.945829E+06
5.000000E-01 1.500000E+00 3.523616E+00 8.325000E+03 2.424410E+05 2.424410E+05 6.005905E+06
1.500000E+00 1.500000E+00 3.014434E+00 7.409000E+03 2.405880E+05 2.405880E+05 5.961230E+06
2.500000E+00 1.500000E+00 2.438068E+00 6.409000E+03 2.390420E+05 2.390420E+05 5.940803E+06
3.500000E+00 1.500000E+00 1.859461E+00 5.422000E+03 2.381010E+05 2.381010E+05 5.920239E+06
4.500000E+00 1.500000E+00 1.468915E+00 4.717000E+03 2.350490E+05 2.350490E+05 5.890718E+06
5.500000E+00 1.500000E+00 1.221557E+00 4.230000E+03 2.305060E+05 2.305060E+05 5.870827E+06
6.500000E+00 1.500000E+00 1.057424E+00 3.893000E+03 2.265900E+05 2.265900E+05 5.841070E+06
7.500000E+00 1.500000E+00 8.458385E-01 3.487000E+03 2.230200E+05 2.230200E+05 5.812010E+06
8.500000E+00 1.500000E+00 7.505424E-01 3.249000E+03 2.179980E+05 2.179980E+05 5.785143E+06
9.500000E+00 1.500000E+00 5.546288E-01 2.872000E+03 2.142880E+05 2.142880E+05 5.754833E+06
1.050000E+01 1.500000E+00 4.218132E-01 2.625000E+03 2.121330E+05 2.121330E+05 5.730326E+06
1.150000E+01 1.500000E+00 2.930949E-01 2.394000E+03 2.104140E+05 2.104140E+05 5.704366E+06
1.250000E+01 1.500000E+00 2.332023E-01 2.275000E+03 2.086060E+05 2.086060E+05 5.670272E+06
1.350000E+01 1.500000E+00 1.824740E-01 2.190000E+03 2.078610E+05 2.078610E+05 5.633951E+06
1.450000E+01 1.500000E+00 1.020817E-01 2.045000E+03 2.062830E+05 2.062830E+05 5.599193E+06
1.550000E+01 1.500000E+00 3.397409E-02 1.934000E+03 2.056330E+05 2.056330E+05 5.573067E+06
1.650000E+01 1.500000E+00 2.512795E-02 1.932000E+03 2.059030E+05 2.059030E+05 5.546312E+06
1.750000E+01 1.500000E+00 -2.954608E-02 1.834000E+03 2.046750E+05 2.046750E+05 5.519263E+06
1.850000E+01 1.500000E+00 7.952043E-03 1.882000E+03 2.038170E+05 2.038170E+05 5.504178E+06
1.950000E+01 1.500000E+00 -7.355823E-02 1.773000E+03 2.042230E+05 2.042230E+05 5.470017E+06
5.000000E-01 2.500000E+00 2.012604E+00 8.637000E+03 3.588380E+05 3.588380E+05 9.208620E+06
1.500000E+00 2.500000E+00 1.820451E+00 8.134000E+03 3.593400E+05 3.593400E+05 9.147849E+06
2.500000E+00 2.500000E+00 1.652206E+00 7.646000E+03 3.563460E+05 3.563460E+05 9.119663E+06
3.500000E+00 2.500000E+00 1.251562E+00 6.565000E+03 3.532730E+05 3.532730E+05 9.085580E+06
4.500000E+00 2.500000E+00 1.003961E+00 5.864000E+03 3.491810E+05 3.491810E+05 9.057051E+06
5.500000E+00 2.500000E+00 7.928441E-01 5.266000E+03 3.454640E+05 3.454640E+05 9.026000E+06
6.500000E+00 2.500000E+00 5.501353E-01 4.566000E+03 3.401210E+05 3.401210E+05 8.983449E+06
7.500000E+00 2.500000E+00 4.028339E-01 4.134000E+03 3.361570E+05 3.361570E+05 8.945142E+06
8.500000E+00 2.500000E+00 3.065472E-01 3.810000E+03 3.308560E+05 3.308560E+05 8.909322E+06
9.500000E+00 2.500000E+00 2.135737E-01 3.524000E+03 3.271360E+05 3.271360E+05 8.867660E+06
1.050000E+01 2.500000E+00 1.929520E-01 3.404000E+03 3.226210E+05 3.226210E+05 8.836378E+06
1.150000E+01 2.500000E+00 1.306742E-01 3.226000E+03 3.207570E+05 3.207570E+05 8.803876E+06
1.250000E+01 2.500000E+00 8.905181E-02 3.085000E+03 3.176520E+05 3.176520E+05 8.748965E+06
1.350000E+01 2.500000E+00 7.536907E-02 3.042000E+03 3.163860E+05 3.163860E+05 8.703278E+06
1.450000E+01 2.500000E+00 8.985050E-03 2.872000E+03 3.152410E+05 3.152410E+05 8.661621E+06
1.550000E+01 2.500000E+00 3.794298E-02 2.953000E+03 3.150880E+05 3.150880E+05 8.613335E+06
1.650000E+01 2.500000E+00 1.766052E-02 2.888000E+03 3.133850E+05 3.133850E+05 8.567493E+06
1.750000E+01 2.500000E+00 -9.085155E-04 2.831000E+03 3.121310E+05 3.121310E+05 8.536417E+06
1.850000E+01 2.500000E+00 7.149989E-03 2.864000E+03 3.124570E+05 3.124570E+05 8.507045E+06
1.950000E+01 2.500000E+00 -4.353720E-02 2.746000E+03 3.115510E+05 3.115510E+05 8.444321E+06
5.000000E-01 3.500000E+00 1.402503E+00 8.788000E+03 4.446700E+05 4.446700E+05 1.178351E+07
1.500000E+00 3.500000E+00 1.303344E+00 8.415000E+03 4.423260E+05 4.423260E+05 1.172193E+07
2.500000E+00 3.500000E+00 1.139062E+00 7.850000E+03 4.409710E+05 4.409710E+05 1.169728E+07
3.500000E+00 3.500000E+00 9.352150E-01 7.131000E+03 4.380190E+05 4.380190E+05 1.165538E+07
4.500000E+00 3.500000E+00 6.924413E-01 6.256000E+03 4.330940E+05 4.330940E+05 1.162094E+07
5.500000E+00 3.500000E+00 5.680570E-01 5.763000E+03 4.276680E+05 4.276680E+05 1.158563E+07
6.500000E+00 3.500000E+00 3.752929E-01 5.076000E+03 4.236970E+05 4.236970E+05 1.154374E+07
7.500000E+00 3.500000E+00 2.319632E-01 4.540000E+03 4.189580E+05 4.189580E+05 1.150415E+07
8.500000E+00 3.500000E+00 1.661789E-01 4.263000E+03 4.144780E+05 4.144780E+05 1.145789E+07
9.500000E+00 3.500000E+00 1.935969E-01 4.275000E+03 4.093660E+05 4.093660E+05 1.141646E+07
1.050000E+01 3.500000E+00 1.385953E-01 4.072000E+03 4.072470E+05 4.072470E+05 1.137914E+07
1.150000E+01 3.500000E+00 4.172250E-02 3.716000E+03 4.037110E+05 4.037110E+05 1.133034E+07
1.250000E+01 3.500000E+00 2.795259E-02 3.692000E+03 4.040180E+05 4.040180E+05 1.127650E+07
1.350000E+01 3.500000E+00 -7.561422E-03 3.578000E+03 4.029910E+05 4.029910E+05 1.122075E+07
1.450000E+01 3.500000E+00 6.517143E-03 3.634000E+03 4.026460E+05 4.026460E+05 1.115852E+07
1.550000E+01 3.500000E+00 -4.560742E-02 3.465000E+03 4.013910E+05 4.013910E+05 1.110566E+07
1.650000E+01 3.500000E+00 -2.786627E-02 3.514000E+03 3.999900E+05 3.999900E+05 1.104647E+07
1.750000E+01 3.500000E+00 -9.308051E-02 3.342000E+03 4.010160E+05 4.010160E+05 1.100318E+07
1.850000E+01 3.500000E+00 -9.916787E-02 3.310000E+03 3.992990E+05 3.992990E+05 1.095265E+07
1.950000E+01 3.500000E+00 -2.143451E-01 2.988000E+03 3.997220E+05 3.997220E+05 1.087789E+07
5.000000E-01 4.500000E+00 1.012734E+00 8.438000E+03 5.003590E+05 5.003590E+05 1.386493E+07
1.500000E+00 4.500000E+00 9.680313E-01 8.268000E+03 5.005630E+05 5.005630E+05 1.377515E+07
2.500000E+00 4.500000E+00 9.176534E-01 8.016000E+03 4.971290E+05 4.971290E+05 1.374732E+07
3.500000E+00 4.500000E+00 7.713980E-01 7.398000E+03 4.938460E+05 4.938460E+05 1.371265E+07
4.500000E+00 4.500000E+00 6.695752E-01 6.935000E+03 4.894610E+05 4.894610E+05 1.368030E+07
5.500000E+00 4.500000E+00 5.346965E-01 6.371000E+03 4.864370E+05 4.864370E+05 1.363917E+07
6.500000E+00 4.500000E+00 3.616190E-01 5.663000E+03 4.833180E+05 4.833180E+05 1.359532E+07
7.500000E+00 4.500000E+00 3.063661E-01 5.383000E+03 4.787420E+05 4.787420E+05 1.355494E+07
8.500000E+00 4.500000E+00 2.092331E-01 4.948000E+03 4.741800E+05 4.741800E+05 1.350281E+07
9.500000E+00 4.500000E+00 1.752422E-01 4.746000E+03 4.690450E+05 4.690450E+05 1.344628E+07
1.050000E+01 4.500000E+00 7.381065E-02 4.367000E+03 4.686110E+05 4.686110E+05 1.340148E+07
1.150000E+01 4.500000E+00 3.872142E-02 4.192000E+03 4.654050E+05 4.654050E+05 1.336101E+07
1.250000E+01 4.500000E+00 6.492061E-03 4.134000E+03 4.680170E+05 4.680170E+05 1.329206E+07
1.350000E+01 4.500000E+00 -5.581852E-02 3.898000E+03 4.667090E+05 4.667090E+05 1.322889E+07
1.450000E+01 4.500000E+00 -4.908607E-02 3.910000E+03 4.647450E+05 4.647450E+05 1.316144E+07
1.550000E+01 4.500000E+00 -7.299529E-02 3.840000E+03 4.645030E+05 4.645030E+05 1.308680E+07
1.650000E+01 4.500000E+00 -9.307518E-02 3.792000E+03 4.647830E+05 4.647830E+05 1.301789E+07
1.750000E+01 4.500000E+00 -1.176872E-01 3.704000E+03 4.639130E+05 4.639130E+05 1.296490E+07
1.850000E+01 4.500000E+00 -1.383593E-01 3.656000E+03 4.643480E+05 4.643480E+05 1.290225E+07
1.950000E+01 4.500000E+00 -1.819670E-01 3.528000E+03 4.646600E+05 4.646600E+05 1.282722E+07
5.000000E-01 5.500000E+00 8.203410E-01 8.241000E+03 5.382210E+05 5.382210E+05 1.548666E+07
1.500000E+00 5.500000E+00 7.876526E-01 8.078000E+03 5.366940E+05 5.366940E+05 1.540452E+07
2.500000E+00 5.500000E+00 6.849327E-01 7.601000E+03 5.345830E+05 5.345830E+05 1.536848E+07
3.500000E+00 5.500000E+00 6.612844E-01 7.451000E+03 5.315160E+05 5.315160E+05 1.533087E+07
4.500000E+00 5.500000E+00 5.368158E-01 6.893000E+03 5.299440E+05 5.299440E+05 1.529434E+07
5.500000E+00 5.500000E+00 4.631123E-01 6.535000E+03 5.271590E+05 5.271590E+05 1.525750E+07
6.500000E+00 5.500000E+00 3.501285E-01 6.010000E+03 5.242250E+05 5.242250E+05 1.520951E+07
7.500000E+00 5.500000E+00 2.650615E-01 5.628000E+03 5.225840E+05 5.225840E+05 1.516494E+07
8.500000E+00 5.500000E+00 1.379996E-01 5.020000E+03 5.178830E+05 5.178830E+05 1.511351E+07
9.500000E+00 5.500000E+00 1.127830E-01 4.870000E+03 5.144660E+05 5.144660E+05 1.505571E+07
1.050000E+01 5.500000E+00 5.594648E-02 4.596000E+03 5.117810E+05 5.117810E+05 1.501216E+07
1.150000E+01 5.500000E+00 1.379703E-02 4.397000E+03 5.097440E+05 5.097440E+05 1.496520E+07
1.250000E+01 5.500000E+00 -2.003955E-02 4.315000E+03 5.120410E+05 5.120410E+05 1.488906E+07
1.350000E+01 5.500000E+00 -3.855962E-02 4.275000E+03 5.128540E+05 5.128540E+05 1.480725E+07
1.450000E+01 5.500000E+00 -2.347356E-02 4.310000E+03 5.100410E+05 5.100410E+05 1.473994E+07
1.550000E+01 5.500000E+00 -1.039929E-01 4.022000E+03 5.112070E+05 5.112070E+05 1.465590E+07
1.650000E+01 5.500000E+00 -1.183662E-01 4.001000E+03 5.121170E+05 5.121170E+05 1.458287E+07
1.750000E+01 5.500000E+00 -1.152434E-01 4.047000E+03 5.126530E+05 5.126530E+05 1.450564E+07
1.850000E+01 5.500000E+00 -1.475909E-01 3.932000E+03 5.124200E+05 5.124200E+05 1.444114E+07
1.950000E+01 5.500000E+00 -1.699856E-01 3.892000E+03 5.135700E+05 5.135700E+05 1.434497E+07
5.000000E-01 6.500000E+00 6.627178E-01 7.910000E+03 5.665360E+05 5.665360E+05 1.674714E+07
1.500000E+00 6.500000E+00 6.264099E-01 7.687000E+03 5.629310E+05 5.629310E+05 1.666752E+07
2.500000E+00 6.500000E+00 5.398309E-01 7.301000E+03 5.637760E+05 5.637760E+05 1.662515E+07
3.500000E+00 6.500000E+00 5.182394E-01 7.157000E+03 5.609020E+05 5.609020E+05 1.658759E+07
4.500000E+00 6.500000E+00 4.347106E-01 6.768000E+03 5.604690E+05 5.604690E+05 1.653890E+07
5.500000E+00 6.500000E+00 3.965806E-01 6.572000E+03 5.591260E+05 5.591260E+05 1.651658E+07
6.500000E+00 6.500000E+00 3.544629E-01 6.332000E+03 5.558660E+05 5.558660E+05 1.646038E+07
7.500000E+00 6.500000E+00 2.972627E-01 6.040000E+03 5.537080E+05 5.537080E+05 1.641560E+07
8.500000E+00 6.500000E+00 2.350642E-01 5.690000E+03 5.493180E+05 5.493180E+05 1.636626E+07
9.500000E+00 6.500000E+00 1.787355E-01 5.385000E+03 5.456730E+05 5.456730E+05 1.630019E+07
1.050000E+01 6.500000E+00 1.230939E-01 5.142000E+03 5.455790E+05 5.455790E+05 1.624531E+07
1.150000E+01 6.500000E+00 9.474888E-02 4.992000E+03 5.435470E+05 5.435470E+05 1.619224E+07
1.250000E+01 6.500000E+00 2.258841E-02 4.696000E+03 5.442680E+05 5.442680E+05 1.611812E+07
1.350000E+01 6.500000E+00 -3.714203E-02 4.464000E+03 5.449890E+05 5.449890E+05 1.602708E+07
1.450000E+01 6.500000E+00 -6.305938E-02 4.332000E+03 5.426650E+05 5.426650E+05 1.594769E+07
1.550000E+01 6.500000E+00 -7.538921E-02 4.348000E+03 5.454040E+05 5.454040E+05 1.586382E+07
1.650000E+01 6.500000E+00 -6.219915E-02 4.420000E+03 5.446510E+05 5.446510E+05 1.577739E+07
1.750000E+01 6.500000E+00 -1.215616E-01 4.190000E+03 5.450530E+05 5.450530E+05 1.569322E+07
1.850000E+01 6.500000E+00 -1.407205E-01 4.134000E+03 5.454280E+05 5.454280E+05 1.562389E+07
1.950000E+01 6.500000E+00 -1.689485E-01 4.077000E+03 5.474310E+05 5.474310E+05 1.552226E+07
5.000000E-01 7.500000E+00 5.537328E-01 7.622000E+03 5.871780E+05 5.871780E+05 1.771164E+07
1.500000E+00 7.500000E+00 4.813017E-01 7.260000E+03 5.863330E+05 5.863330E+05 1.762396E+07
2.500000E+00 7.500000E+00 4.027750E-01 6.852000E+03 5.847570E+05 5.847570E+05 1.757957E+07
3.500000E+00 7.500000E+00 3.643240E-01 6.659000E+03 5.841730E+05 5.841730E+05 1.754150E+07
4.500000E+00 7.500000E+00 3.645905E-01 6.643000E+03 5.826550E+05 5.826550E+05 1.749596E+07
5.500000E+00 7.500000E+00 3.459945E-01 6.523000E+03 5.804930E+05 5.804930E+05 1.745406E+07
6.500000E+00 7.500000E+00 3.142743E-01 6.370000E+03 5.801780E+05 5.801780E+05 1.741301E+07
7.500000E+00 7.500000E+00 2.729668E-01 6.146000E+03 5.782400E+05 5.782400E+05 1.736074E+07
8.500000E+00 7.500000E+00 2.063400E-01 5.823000E+03 5.775310E+05 5.775310E+05 1.729783E+07
9.500000E+00 7.500000E+00 1.361532E-01 5.426000E+03 5.733670E+05 5.733670E+05 1.723982E+07
1.050000E+01 7.500000E+00 1.136317E-01 5.306000E+03 5.718590E+05 5.718590E+05 1.718193E+07
1.150000E+01 7.500000E+00 2.509695E-02 4.860000E+03 5.697220E+05 5.697220E+05 1.711830E+07
1.250000E+01 7.500000E+00 -1.297315E-02 4.719000E+03 5.709130E+05 5.709130E+05 1.704024E+07
1.350000E+01 7.500000E+00 -3.938214E-02 4.617000E+03 5.709720E+05 5.709720E+05 1.695977E+07
1.450000E+01 7.500000E+00 -6.700776E-02 4.508000E+03 5.706370E+05 5.706370E+05 1.686535E+07
1.550000E+01 7.500000E+00 -6.403363E-02 4.534000E+03 5.698740E+05 5.698740E+05 1.678280E+07
1.650000E+01 7.500000E+00 -1.117520E-01 4.332000E+03 5.694140E+05 5.694140E+05 1.668415E+07
1.750000E+01 7.500000E+00 -7.121641E-02 4.588000E+03 5.717660E+05 5.717660E+05 1.659628E+07
1.850000E+01 7.500000E+00 -1.198857E-01 4.395000E+03 5.721930E+05 5.721930E+05 1.651084E+07
1.950000E+01 7.500000E+00 -1.571611E-01 4.252000E+03 5.721220E+05 5.721220E+05 1.641494E+07
5.000000E-01 8.500000E+00 4.767927E-01 7.452000E+03 6.060740E+05 6.060740E+05 1.841685E+07
1.500000E+00 8.500000E+00 4.111346E-01 7.147000E+03 6.072380E+05 6.072380E+05 1.832382E+07
2.500000E+00 8.500000E+00 4.008964E-01 7.051000E+03 6.041120E+05 6.041120E+05 1.826954E+07
3.500000E+00 8.500000E+00 3.775330E-01 6.913000E+03 6.027080E+05 6.027080E+05 1.823798E+07
4.500000E+00 8.500000E+00 3.456982E-01 6.743000E+03 6.017580E+05 6.017580E+05 1.818831E+07
5.500000E+00 8.500000E+00 2.721621E-01 6.394000E+03 6.029660E+05 6.029660E+05 1.815546E+07
6.500000E+00 8.500000E+00 2.500466E-01 6.240000E+03 5.998810E+05 5.998810E+05 1.810524E+07
7.500000E+00 8.500000E+00 2.446934E-01 6.172000E+03 5.967660E+05 5.967660E+05 1.805123E+07
8.500000E+00 8.500000E+00 1.532377E-01 5.695000E+03 5.951500E+05 5.951500E+05 1.799175E+07
9.500000E+00 8.500000E+00 1.058337E-01 5.466000E+03 5.948580E+05 5.948580E+05 1.792952E+07
1.050000E+01 8.500000E+00 4.918133E-02 5.141000E+03 5.914460E+05 5.914460E+05 1.786318E+07
1.150000E+01 8.500000E+00 6.731686E-02 5.213000E+03 5.894680E+05 5.894680E+05 1.780942E+07
1.250000E+01 8.500000E+00 3.765027E-02 5.080000E+03 5.889380E+05 5.889380E+05 1.771920E+07
1.350000E+01 8.500000E+00 -4.499605E-02 4.709000E+03 5.898090E+05 5.898090E+05 1.763052E+07
1.450000E+01 8.500000E+00 -7.252794E-02 4.624000E+03 5.912170E+05 5.912170E+05 1.753817E+07
1.550000E+01 8.500000E+00 -1.057142E-01 4.451000E+03 5.890090E+05 5.890090E+05 1.744929E+07
1.650000E+01 8.500000E+00 -1.466929E-01 4.290000E+03 5.894480E+05 5.894480E+05 1.734802E+07
1.750000E+01 8.500000E+00 -1.544653E-01 4.289000E+03 5.898950E+05 5.898950E+05 1.725740E+07
1.850000E+01 8.500000E+00 -1.485629E-01 4.307000E+03 5.874640E+05 5.874640E+05 1.716411E+07
1.950000E+01 8.500000E+00 -1.968155E-01 4.110000E+03 5.875560E+05 5.875560E+05 1.706224E+07
5.000000E-01 9.500000E+00 4.113424E-01 7.314000E+03 6.227690E+05 6.227690E+05 1.889457E+07
1.500000E+00 9.500000E+00 4.335494E-01 7.414000E+03 6.207220E+05 6.207220E+05 1.879177E+07
2.500000E+00 9.500000E+00 3.785241E-01 7.113000E+03 6.196350E+05 6.196350E+05 1.874661E+07
3.500000E+00 9.500000E+00 3.849795E-01 7.139000E+03 6.187730E+05 6.187730E+05 1.870940E+07
4.500000E+00 9.500000E+00 2.982165E-01 6.674000E+03 6.177170E+05 6.177170E+05 1.866372E+07
5.500000E+00 9.500000E+00 2.479350E-01 6.399000E+03 6.165790E+05 6.165790E+05 1.862646E+07
6.500000E+00 9.500000E+00 1.929461E-01 6.097000E+03 6.150490E+05 6.150490E+05 1.857547E+07
7.500000E+00 9.500000E+00 9.047264E-02 5.558000E+03 6.140870E+05 6.140870E+05 1.852774E+07
8.500000E+00 9.500000E+00 1.047139E-01 5.586000E+03 6.103930E+05 6.103930E+05 1.846513E+07
9.500000E+00 9.500000E+00 8.779923E-02 5.474000E+03 6.080210E+05 6.080210E+05 1.840444E+07
1.050000E+01 9.500000E+00 1.027904E-02 5.049000E+03 6.054940E+05 6.054940E+05 1.833824E+07
1.150000E+01 9.500000E+00 5.565106E-02 5.246000E+03 6.024120E+05 6.024120E+05 1.828256E+07
1.250000E+01 9.500000E+00 1.853235E-02 5.113000E+03 6.044860E+05 6.044860E+05 1.819922E+07
1.350000E+01 9.500000E+00 -1.779561E-02 4.943000E+03 6.038840E+05 6.038840E+05 1.810856E+07
1.450000E+01 9.500000E+00 -1.070344E-01 4.528000E+03 6.045040E+05 6.045040E+05 1.801581E+07
1.550000E+01 9.500000E+00 -1.128460E-01 4.483000E+03 6.016560E+05 6.016560E+05 1.791294E+07
1.650000E+01 9.500000E+00 -1.370308E-01 4.378000E+03 6.007400E+05 6.007400E+05 1.781240E+07
1.750000E+01 9.500000E+00 -1.004049E-01 4.592000E+03 6.006960E+05 6.006960E+05 1.771106E+07
1.850000E+01 9.500000E+00 -1.051392E-01 4.567000E+03 5.988230E+05 5.988230E+05 1.761458E+07
1.950000E+01 9.500000E+00 -1.241600E-01 4.526000E+03 5.999970E+05 5.999970E+05 1.750857E+07
5.000000E-01 1.050000E+01 3.268869E-01 6.960000E+03 6.316110E+05 6.316110E+05 1.917819E+07
1.500000E+00 1.050000E+01 3.425903E-01 7.051000E+03 6.309120E+05 6.309120E+05 1.908046E+07
2.500000E+00 1.050000E+01 3.263296E-01 6.960000E+03 6.301240E+05 6.301240E+05 1.903068E+07
3.500000E+00 1.050000E+01 3.731600E-01 7.188000E+03 6.284360E+05 6.284360E+05 1.899790E+07
4.500000E+00 1.050000E+01 3.135654E-01 6.885000E+03 6.287610E+05 6.287610E+05 1.894707E+07
5.500000E+00 1.050000E+01 2.410438E-01 6.461000E+03 6.259560E+05 6.259560E+05 1.890358E+07
6.500000E+00 1.050000E+01 1.924269E-01 6.213000E+03 6.261080E+05 6.261080E+05 1.886925E+07
7.500000E+00 1.050000E+01 1.250106E-01 5.822000E+03 6.232290E+05 6.232290E+05 1.880886E+07
8.500000E+00 1.050000E+01 9.189124E-02 5.649000E+03 6.225970E+05 6.225970E+05 1.875909E+07
9.500000E+00 1.050000E+01 7.933401E-02 5.546000E+03 6.194330E+05 6.194330E+05 1.869626E+07
1.050000E+01 1.050000E+01 6.151597E-02 5.449000E+03 6.182580E+05 6.182580E+05 1.863431E+07
1.150000E+01 1.050000E+01 2.755708E-02 5.244000E+03 6.155610E+05 6.155610E+05 1.856811E+07
1.250000E+01 1.050000E+01 1.390310E-02 5.168000E+03 6.138980E+05 6.138980E+05 1.848461E+07
1.350000E+01 1.050000E+01 -3.782762E-02 4.973000E+03 6.165920E+05 6.165920E+05 1.838646E+07
1.450000E+01 1.050000E+01 -8.954086E-02 4.699000E+03 6.146940E+05 6.146940E+05 1.830452E+07
1.550000E+01 1.050000E+01 -1.049994E-01 4.621000E+03 6.128040E+05 6.128040E+05 1.819755E+07
1.650000E+01 1.050000E+01 -7.538663E-02 4.777000E+03 6.114230E+05 6.114230E+05 1.810601E+07
1.750000E+01 1.050000E+01 -1.203063E-01 4.541000E+03 6.090040E+05 6.090040E+05 1.800066E+07
1.850000E+01 1.050000E+01 -1.084811E-01 4.618000E+03 6.082360E+05 6.082360E+05 1.790425E+07
1.950000E+01 1.050000E+01 -1.171062E-01 4.585000E+03 6.067550E+05 6.067550E+05 1.779203E+07
5.000000E-01 1.150000E+01 2.848996E-01 6.810000E+03 6.378770E+05 6.378770E+05 1.932093E+07
1.500000E+00 1.150000E+01 3.337296E-01 7.063000E+03 6.360820E+05 6.360820E+05 1.922541E+07
2.500000E+00 1.150000E+01 3.086667E-01 6.917000E+03 6.348540E+05 6.348540E+05 1.917378E+07
3.500000E+00 1.150000E+01 3.063659E-01 6.901000E+03 6.341760E+05 6.341760E+05 1.913394E+07
4.500000E+00 1.150000E+01 2.948663E-01 6.838000E+03 6.336720E+05 6.336720E+05 1.909711E+07
5.500000E+00 1.150000E+01 2.351607E-01 6.518000E+03 6.331910E+05 6.331910E+05 1.905721E+07
6.500000E+00 1.150000E+01 2.303841E-01 6.440000E+03 6.294320E+05 6.294320E+05 1.900818E+07
7.500000E+00 1.150000E+01 1.790634E-01 6.191000E+03 6.302660E+05 6.302660E+05 1.895949E+07
8.500000E+00 1.150000E+01 1.119305E-01 5.798000E+03 6.273190E+05 6.273190E+05 1.890263E+07
9.500000E+00 1.150000E+01 5.043329E-02 5.519000E+03 6.292790E+05 6.292790E+05 1.884677E+07
1.050000E+01 1.150000E+01 4.182286E-02 5.437000E+03 6.260290E+05 6.260290E+05 1.877956E+07
1.150000E+01 1.150000E+01 4.578486E-02 5.399000E+03 6.215280E+05 6.215280E+05 1.871789E+07
1.250000E+01 1.150000E+01 -9.864070E-03 5.131000E+03 6.215090E+05 6.215090E+05 1.862939E+07
1.350000E+01 1.150000E+01 -5.364865E-02 4.936000E+03 6.218020E+05 6.218020E+05 1.853020E+07
1.450000E+01 1.150000E+01 -9.598544E-02 4.727000E+03 6.209960E+05 6.209960E+05 1.844893E+07
1.550000E+01 1.150000E+01 -1.104575E-01 4.657000E+03 6.194390E+05 6.194390E+05 1.834912E+07
1.650000E+01 1.150000E+01 -1.446333E-01 4.496000E+03 6.184080E+05 6.184080E+05 1.824792E+07
1.750000E+01 1.150000E+01 -1.409718E-01 4.486000E+03 6.146070E+05 6.146070E+05 1.813898E+07
1.850000E+01 1.150000E+01 -1.360719E-01 4.489000E+03 6.115760E+05 6.115760E+05 1.804870E+07
1.950000E+01 1.150000E+01 -1.402823E-01 4.489000E+03 6.108610E+05 6.108610E+05 1.794466E+07
5.000000E-01 1.250000E+01 2.648256E-01 6.723000E+03 6.394280E+05 6.394280E+05 1.934018E+07
1.500000E+00 1.250000E+01 2.894826E-01 6.869000E+03 6.390010E+05 6.390010E+05 1.924450E+07
2.500000E+00 1.250000E+01 3.112880E-01 6.977000E+03 6.376660E+05 6.376660E+05 1.918034E+07
3.500000E+00 1.250000E+01 2.811875E-01 6.757000E+03 6.339050E+05 6.339050E+05 1.915390E+07
4.500000E+00 1.250000E+01 2.880201E-01 6.806000E+03 6.341080E+05 6.341080E+05 1.910988E+07
5.500000E+00 1.250000E+01 2.986398E-01 6.826000E+03 6.314550E+05 6.314550E+05 1.907220E+07
6.500000E+00 1.250000E+01 2.499358E-01 6.596000E+03 6.328630E+05 6.328630E+05 1.903659E+07
7.500000E+00 1.250000E+01 2.183091E-01 6.418000E+03 6.316440E+05 6.316440E+05 1.898344E+07
8.500000E+00 1.250000E+01 1.747427E-01 6.190000E+03 6.310190E+05 6.310190E+05 1.891896E+07
9.500000E+00 1.250000E+01 8.289570E-02 5.670000E+03 6.282270E+05 6.282270E+05 1.885975E+07
1.050000E+01 1.250000E+01 2.789292E-02 5.379000E+03 6.273650E+05 6.273650E+05 1.880468E+07
1.150000E+01 1.250000E+01 -4.857788E-03 5.176000E+03 6.244820E+05 6.244820E+05 1.873934E+07
1.250000E+01 1.250000E+01 -4.870778E-02 5.002000E+03 6.264110E+05 6.264110E+05 1.865573E+07
1.350000E+01 1.250000E+01 -6.855882E-02 4.887000E+03 6.241690E+05 6.241690E+05 1.856688E+07
1.450000E+01 1.250000E+01 -1.304150E-01 4.548000E+03 6.214090E+05 6.214090E+05 1.847213E+07
1.550000E+01 1.250000E+01 -1.331855E-01 4.510000E+03 6.182170E+05 6.182170E+05 1.837826E+07
1.650000E+01 1.250000E+01 -1.535967E-01 4.427000E+03 6.176340E+05 6.176340E+05 1.827890E+07
1.750000E+01 1.250000E+01 -1.628232E-01 4.377000E+03 6.155280E+05 6.155280E+05 1.817882E+07
1.850000E+01 1.250000E+01 -1.575188E-01 4.421000E+03 6.143300E+05 6.143300E+05 1.806517E+07
1.950000E+01 1.250000E+01 -1.921457E-01 4.273000E+03 6.141100E+05 6.141100E+05 1.797109E+07
5.000000E-01 1.350000E+01 2.605409E-01 6.620000E+03 6.336540E+05 6.336540E+05 1.925794E+07
1.500000E+00 1.350000E+01 2.858148E-01 6.769000E+03 6.332850E+05 6.332850E+05 1.916645E+07
2.500000E+00 1.350000E+01 2.884980E-01 6.758000E+03 6.309670E+05 6.309670E+05 1.909943E+07
3.500000E+00 1.350000E+01 3.041020E-01 6.866000E+03 6.320800E+05 6.320800E+05 1.907099E+07
4.500000E+00 1.350000E+01 2.702988E-01 6.672000E+03 6.307790E+05 6.307790E+05 1.902698E+07
5.500000E+00 1.350000E+01 2.749547E-01 6.693000E+03 6.300250E+05 6.300250E+05 1.898411E+07
6.500000E+00 1.350000E+01 2.435399E-01 6.550000E+03 6.310470E+05 6.310470E+05 1.894879E+07
7.500000E+00 1.350000E+01 1.773921E-01 6.203000E+03 6.306220E+05 6.306220E+05 1.889489E+07
8.500000E+00 1.350000E+01 1.205745E-01 5.914000E+03 6.306650E+05 6.306650E+05 1.884610E+07
9.500000E+00 1.350000E+01 5.596648E-02 5.574000E+03 6.297710E+05 6.297710E+05 1.878106E+07
1.050000E+01 1.350000E+01 4.362498E-02 5.416000E+03 6.233560E+05 6.233560E+05 1.872638E+07
1.150000E+01 1.350000E+01 3.844431E-03 5.204000E+03 6.221530E+05 6.221530E+05 1.866362E+07
1.250000E+01 1.350000E+01 -2.151537E-02 5.099000E+03 6.223260E+05 6.223260E+05 1.857604E+07
1.350000E+01 1.350000E+01 -8.454180E-02 4.802000E+03 6.227950E+05 6.227950E+05 1.849651E+07
1.450000E+01 1.350000E+01 -1.341155E-01 4.539000E+03 6.206750E+05 6.206750E+05 1.840149E+07
1.550000E+01 1.350000E+01 -1.339714E-01 4.482000E+03 6.156340E+05 6.156340E+05 1.831752E+07
1.650000E+01 1.350000E+01 -1.334365E-01 4.508000E+03 6.149150E+05 6.149150E+05 1.820673E+07
1.750000E+01 1.350000E+01 -1.574034E-01 4.380000E+03 6.126410E+05 6.126410E+05 1.810596E+07
1.850000E+01 1.350000E+01 -1.461637E-01 4.454000E+03 6.120430E+05 6.120430E+05 1.802272E+07
1.950000E+01 1.350000E+01 -1.431720E-01 4.491000E+03 6.109330E+05 6.109330E+05 1.789684E+07
5.000000E-01 1.450000E+01 2.655023E-01 6.559000E+03 6.264830E+05 6.264830E+05 1.910120E+07
1.500000E+00 1.450000E+01 2.397331E-01 6.397000E+03 6.237260E+05 6.237260E+05 1.899552E+07
2.500000E+00 1.450000E+01 2.605772E-01 6.538000E+03 6.247200E+05 6.247200E+05 1.893281E+07
3.500000E+00 1.450000E+01 2.588092E-01 6.547000E+03 6.254400E+05 6.254400E+05 1.890239E+07
4.500000E+00 1.450000E+01 2.694456E-01 6.609000E+03 6.253540E+05 6.253540E+05 1.886866E+07
5.500000E+00 1.450000E+01 2.023063E-01 6.251000E+03 6.246870E+05 6.246870E+05 1.882723E+07
6.500000E+00 1.450000E+01 2.164869E-01 6.345000E+03 6.253750E+05 6.253750E+05 1.879356E+07
7.500000E+00 1.450000E+01 1.408182E-01 5.932000E+03 6.238240E+05 6.238240E+05 1.874076E+07
8.500000E+00 1.450000E+01 9.223895E-02 5.676000E+03 6.229530E+05 6.229530E+05 1.868385E+07
9.500000E+00 1.450000E+01 4.825007E-02 5.410000E+03 6.199250E+05 6.199250E+05 1.862481E+07
1.050000E+01 1.450000E+01 2.358325E-02 5.249000E+03 6.170710E+05 6.170710E+05 1.856656E+07
1.150000E+01 1.450000E+01 -1.917441E-02 5.016000E+03 6.154520E+05 6.154520E+05 1.850618E+07
1.250000E+01 1.450000E+01 -3.688449E-02 4.954000E+03 6.159010E+05 6.159010E+05 1.842863E+07
1.350000E+01 1.450000E+01 -6.342110E-02 4.823000E+03 6.147950E+05 6.147950E+05 1.834496E+07
1.450000E+01 1.450000E+01 -1.184746E-01 4.560000E+03 6.143500E+05 6.143500E+05 1.825476E+07
1.550000E+01 1.450000E+01 -1.221221E-01 4.497000E+03 6.100850E+05 6.100850E+05 1.816847E+07
1.650000E+01 1.450000E+01 -1.326260E-01 4.458000E+03 6.089650E+05 6.089650E+05 1.806350E+07
1.750000E+01 1.450000E+01 -1.442913E-01 4.388000E+03 6.062760E+05 6.062760E+05 1.795682E+07
1.850000E+01 1.450000E+01 -1.129642E-01 4.567000E+03 6.057450E+05 6.057450E+05 1.786166E+07
1.950000E+01 1.450000E+01 -1.401954E-01 4.446000E+03 6.045320E+05 6.045320E+05 1.774915E+07
5.000000E-01 1.550000E+01 2.114133E-01 6.207000E+03 6.198200E+05 6.198200E+05 1.887507E+07
1.500000E+00 1.550000E+01 2.218712E-01 6.224000E+03 6.161460E+05 6.161460E+05 1.876944E+07
2.500000E+00 1.550000E+01 2.509827E-01 6.354000E+03 6.139740E+05 6.139740E+05 1.870856E+07
3.500000E+00 1.550000E+01 2.549706E-01 6.414000E+03 6.159460E+05 6.159460E+05 1.868007E+07
4.500000E+00 1.550000E+01 2.201328E-01 6.234000E+03 6.156140E+05 6.156140E+05 1.864130E+07
5.500000E+00 1.550000E+01 2.043287E-01 6.139000E+03 6.143480E+05 6.143480E+05 1.860088E+07
6.500000E+00 1.550000E+01 1.540355E-01 5.884000E+03 6.142210E+05 6.142210E+05 1.855841E+07
7.500000E+00 1.550000E+01 1.323649E-01 5.763000E+03 6.130130E+05 6.130130E+05 1.850797E+07
8.500000E+00 1.550000E+01 6.771015E-02 5.380000E+03 6.094270E+05 6.094270E+05 1.845648E+07
9.500000E+00 1.550000E+01 5.646744E-02 5.343000E+03 6.099790E+05 6.099790E+05 1.841096E+07
1.050000E+01 1.550000E+01 1.570221E-02 5.114000E+03 6.077690E+05 6.077690E+05 1.834220E+07
1.150000E+01 1.550000E+01 -1.167217E-02 4.939000E+03 6.048400E+05 6.048400E+05 1.828858E+07
1.250000E+01 1.550000E+01 -3.127077E-02 4.890000E+03 6.065850E+05 6.065850E+05 1.821097E+07
1.350000E+01 1.550000E+01 -4.579496E-02 4.802000E+03 6.042320E+05 6.042320E+05 1.812321E+07
1.450000E+01 1.550000E+01 -8.722452E-02 4.631000E+03 6.052180E+05 6.052180E+05 1.804621E+07
1.550000E+01 1.550000E+01 -1.096269E-01 4.476000E+03 6.008160E+05 6.008160E+05 1.794221E+07
1.650000E+01 1.550000E+01 -1.035041E-01 4.484000E+03 5.976760E+05 5.976760E+05 1.784626E+07
1.750000E+01 1.550000E+01 -1.421495E-01 4.337000E+03 5.985670E+05 5.985670E+05 1.774681E+07
1.850000E+01 1.550000E+01 -1.228455E-01 4.421000E+03 5.960330E+05 5.960330E+05 1.765119E+07
1.950000E+01 1.550000E+01 -1.230624E-01 4.443000E+03 5.956130E+05 5.956130E+05 1.755579E+07
5.000000E-01 1.650000E+01 2.081140E-01 6.078000E+03 6.094670E+05 6.094670E+05 1.859623E+07
1.500000E+00 1.650000E+01 1.808907E-01 5.916000E+03 6.069310E+05 6.069310E+05 1.849710E+07
2.500000E+00 1.650000E+01 1.716395E-01 5.859000E+03 6.055540E+05 6.055540E+05 1.843618E+07
3.500000E+00 1.650000E+01 1.507863E-01 5.748000E+03 6.050750E+05 6.050750E+05 1.841481E+07
4.500000E+00 1.650000E+01 1.852411E-01 5.918000E+03 6.040800E+05 6.040800E+05 1.837845E+07
5.500000E+00 1.650000E+01 1.803119E-01 5.865000E+03 6.018950E+05 6.018950E+05 1.833897E+07
6.500000E+00 1.650000E+01 1.555188E-01 5.725000E+03 6.006280E+05 6.006280E+05 1.830084E+07
7.500000E+00 1.650000E+01 9.821084E-02 5.412000E+03 5.986080E+05 5.986080E+05 1.823898E+07
8.500000E+00 1.650000E+01 3.892368E-02 5.134000E+03 5.992580E+05 5.992580E+05 1.818320E+07
9.500000E+00 1.650000E+01 5.831805E-03 4.925000E+03 5.961460E+05 5.961460E+05 1.813914E+07
1.050000E+01 1.650000E+01 3.786357E-02 5.111000E+03 5.965750E+05 5.965750E+05 1.808190E+07
1.150000E+01 1.650000E+01 4.765955E-02 5.140000E+03 5.943630E+05 5.943630E+05 1.802104E+07
1.250000E+01 1.650000E+01 1.268443E-02 4.976000E+03 5.939660E+05 5.939660E+05 1.794959E+07
1.350000E+01 1.650000E+01 -3.417672E-02 4.763000E+03 5.938370E+05 5.938370E+05 1.786150E+07
1.450000E+01 1.650000E+01 -7.944955E-02 4.556000E+03 5.936170E+05 5.936170E+05 1.778241E+07
1.550000E+01 1.650000E+01 -1.149356E-01 4.354000E+03 5.903420E+05 5.903420E+05 1.768577E+07
1.650000E+01 1.650000E+01 -1.187582E-01 4.313000E+03 5.873520E+05 5.873520E+05 1.759632E+07
1.750000E+01 1.650000E+01 -1.134900E-01 4.349000E+03 5.860560E+05 5.860560E+05 1.749515E+07
1.850000E+01 1.650000E+01 -1.230501E-01 4.322000E+03 5.854710E+05 5.854710E+05 1.740068E+07
1.950000E+01 1.650000E+01 -1.272717E-01 4.334000E+03 5.854290E+05 5.854290E+05 1.729542E+07
5.000000E-01 1.750000E+01 1.376462E-01 5.559000E+03 5.962390E+05 5.962390E+05 1.830280E+07
1.500000E+00 1.750000E+01 1.458085E-01 5.604000E+03 5.949270E+05 5.949270E+05 1.819868E+07
2.500000E+00 1.750000E+01 1.047491E-01 5.368000E+03 5.925560E+05 5.925560E+05 1.814386E+07
3.500000E+00 1.750000E+01 1.301181E-01 5.486000E+03 5.913130E+05 5.913130E+05 1.810522E+07
4.500000E+00 1.750000E+01 1.427428E-01 5.530000E+03 5.896350E+05 5.896350E+05 1.807252E+07
5.500000E+00 1.750000E+01 1.405312E-01 5.467000E+03 5.858880E+05 5.858880E+05 1.802677E+07
6.500000E+00 1.750000E+01 9.849198E-02 5.237000E+03 5.843520E+05 5.843520E+05 1.799213E+07
7.500000E+00 1.750000E+01 7.342186E-02 5.130000E+03 5.847170E+05 5.847170E+05 1.793962E+07
8.500000E+00 1.750000E+01 4.108708E-02 4.967000E+03 5.840080E+05 5.840080E+05 1.789531E+07
9.500000E+00 1.750000E+01 3.775856E-02 4.934000E+03 5.820850E+05 5.820850E+05 1.783622E+07
1.050000E+01 1.750000E+01 3.211812E-02 4.903000E+03 5.809930E+05 5.809930E+05 1.777893E+07
1.150000E+01 1.750000E+01 -9.904833E-04 4.713000E+03 5.788790E+05 5.788790E+05 1.774017E+07
1.250000E+01 1.750000E+01 1.575292E-02 4.848000E+03 5.804630E+05 5.804630E+05 1.764999E+07
1.350000E+01 1.750000E+01 -4.368524E-02 4.592000E+03 5.812200E+05 5.812200E+05 1.756066E+07
1.450000E+01 1.750000E+01 -7.476361E-02 4.421000E+03 5.787830E+05 5.787830E+05 1.748364E+07
1.550000E+01 1.750000E+01 -8.960849E-02 4.334000E+03 5.763700E+05 5.763700E+05 1.739741E+07
1.650000E+01 1.750000E+01 -8.231870E-02 4.388000E+03 5.756510E+05 5.756510E+05 1.729748E+07
1.750000E+01 1.750000E+01 -1.338955E-01 4.111000E+03 5.723620E+05 5.723620E+05 1.720674E+07
1.850000E+01 1.750000E+01 -1.191354E-01 4.172000E+03 5.701570E+05 5.701570E+05 1.712226E+07
1.950000E+01 1.750000E+01 -1.636390E-01 3.984000E+03 5.695990E+05 5.695990E+05 1.701357E+07
5.000000E-01 1.850000E+01 1.061824E-01 5.205000E+03 5.797550E+05 5.797550E+05 1.796757E+07
1.500000E+00 1.850000E+01 1.125299E-01 5.279000E+03 5.808480E+05 5.808480E+05 1.787290E+07
2.500000E+00 1.850000E+01 1.014251E-01 5.182000E+03 5.775690E+05 5.775690E+05 1.781841E+07
3.500000E+00 1.850000E+01 1.016943E-01 5.156000E+03 5.752620E+05 5.752620E+05 1.777355E+07
4.500000E+00 1.850000E+01 9.514513E-02 5.106000E+03 5.736150E+05 5.736150E+05 1.773293E+07
5.500000E+00 1.850000E+01 7.891921E-02 4.997000E+03 5.714700E+05 5.714700E+05 1.770264E+07
6.500000E+00 1.850000E+01 7.035171E-02 4.941000E+03 5.701200E+05 5.701200E+05 1.766718E+07
7.500000E+00 1.850000E+01 5.348712E-02 4.843000E+03 5.685180E+05 5.685180E+05 1.761978E+07
8.500000E+00 1.850000E+01 4.749044E-02 4.829000E+03 5.685950E+05 5.685950E+05 1.756596E+07
9.500000E+00 1.850000E+01 5.207065E-03 4.665000E+03 5.704300E+05 5.704300E+05 1.751581E+07
1.050000E+01 1.850000E+01 3.508591E-02 4.792000E+03 5.683160E+05 5.683160E+05 1.745931E+07
1.150000E+01 1.850000E+01 1.196233E-02 4.609000E+03 5.633460E+05 5.633460E+05 1.740959E+07
1.250000E+01 1.850000E+01 -1.694674E-02 4.501000E+03 5.640730E+05 5.640730E+05 1.733512E+07
1.350000E+01 1.850000E+01 -1.137369E-02 4.594000E+03 5.665100E+05 5.665100E+05 1.724723E+07
1.450000E+01 1.850000E+01 -2.750963E-02 4.515000E+03 5.651600E+05 5.651600E+05 1.717154E+07
1.550000E+01 1.850000E+01 -6.656115E-02 4.286000E+03 5.610980E+05 5.610980E+05 1.707948E+07
1.650000E+01 1.850000E+01 -8.957059E-02 4.136000E+03 5.570780E+05 5.570780E+05 1.698851E+07
1.750000E+01 1.850000E+01 -8.263575E-02 4.193000E+03 5.566980E+05 5.566980E+05 1.688910E+07
1.850000E+01 1.850000E+01 -5.846279E-02 4.279000E+03 5.534090E+05 5.534090E+05 1.680045E+07
1.950000E+01 1.850000E+01 -1.083606E-01 4.097000E+03 5.548530E+05 5.548530E+05 1.670595E+07
5.000000E-01 1.950000E+01 9.261467E-02 4.922000E+03 5.617600E+05 5.617600E+05 1.762567E+07
1.500000E+00 1.950000E+01 8.682058E-02 4.869000E+03 5.587210E+05 5.587210E+05 1.752183E+07
2.500000E+00 1.950000E+01 6.959521E-02 4.784000E+03 5.578480E+05 5.578480E+05 1.746647E+07
3.500000E+00 1.950000E+01 8.573402E-02 4.891000E+03 5.589590E+05 5.589590E+05 1.743092E+07
4.500000E+00 1.950000E+01 9.465061E-02 4.915000E+03 5.572740E+05 5.572740E+05 1.739730E+07
5.500000E+00 1.950000E+01 1.087537E-01 4.989000E+03 5.571080E+05 5.571080E+05 1.736611E+07
6.500000E+00 1.950000E+01 8.929524E-02 4.888000E+03 5.559900E+05 5.559900E+05 1.731638E+07
7.500000E+00 1.950000E+01 2.190810E-02 4.551000E+03 5.546680E+05 5.546680E+05 1.726843E+07
8.500000E+00 1.950000E+01 1.591830E-02 4.514000E+03 5.534720E+05 5.534720E+05 1.722460E+07
9.500000E+00 1.950000E+01 5.554272E-05 4.431000E+03 5.522080E+05 5.522080E+05 1.717125E+07
1.050000E+01 1.950000E+01 1.956111E-02 4.528000E+03 5.514010E+05 5.514010E+05 1.711182E+07
1.150000E+01 1.950000E+01 3.594345E-02 4.579000E+03 5.489840E+05 5.489840E+05 1.706489E+07
1.250000E+01 1.950000E+01 2.369070E-02 4.532000E+03 5.485700E+05 5.485700E+05 1.699669E+07
1.350000E+01 1.950000E+01 -4.062333E-02 4.268000E+03 5.496250E+05 5.496250E+05 1.690920E+07
1.450000E+01 1.950000E+01 -4.720101E-02 4.268000E+03 5.500320E+05 5.500320E+05 1.682617E+07
1.550000E+01 1.950000E+01 -4.055777E-02 4.270000E+03 5.468990E+05 5.468990E+05 1.674719E+07
1.650000E+01 1.950000E+01 -4.385861E-02 4.198000E+03 5.420580E+05 5.420580E+05 1.666302E+07
1.750000E+01 1.950000E+01 -5.003031E-02 4.178000E+03 5.407500E+05 5.407500E+05 1.655855E+07
1.850000E+01 1.950000E+01 -6.179117E-02 4.112000E+03 5.386730E+05 5.386730E+05 1.647960E+07
1.950000E+01 1.950000E+01 -9.476263E-02 3.981000E+03 5.381750E+05 5.381750E+05 1.638183E+07
