1.000000000000000048e-04 2.121481240471893770e+01
1.028073223830865281e-04 2.179005518578405542e+01
1.056934553557988362e-04 2.238088182354322697e+01
1.086606113854597351e-04 2.298771322990480215e+01
1.117110650504824041e-04 2.361098101178640363e+01
1.148471547840289439e-04 2.425113059788004577e+01
1.180712846666190141e-04 2.490861995979842192e+01
1.213859262690628250e-04 2.558391632477329125e+01
1.247936205471311189e-04 2.627749876208507729e+01
1.282969797894147957e-04 2.698985980293041465e+01
1.318986896198670199e-04 2.772150545947180333e+01
1.356015110565633925e-04 2.847295568419067280e+01
1.394082826282578376e-04 2.924474586756145555e+01
1.433219225503574155e-04 3.003742648774952428e+01
1.473454309619835539e-04 3.085155723972701836e+01
1.514818922258346051e-04 3.168771160380337193e+01
1.557344772926134557e-04 3.254648739478140840e+01
1.601064461318317826e-04 3.342849694832728602e+01
1.646011502308550778e-04 3.433435759517732322e+01
1.692220351641037391e-04 3.526470840468385148e+01
1.739726432343801689e-04 3.622021628179165731e+01
1.788566161883461665e-04 3.720155551548599249e+01
1.838776980082327715e-04 3.820940881697283231e+01
1.890397377819221208e-04 3.924448742268338464e+01
1.943466926536020897e-04 4.030752647237469688e+01
1.998026308572550618e-04 4.139927607194290005e+01
2.054117348353064979e-04 4.252050369621825610e+01
2.111783044448243749e-04 4.367199421737078779e+01
2.171067602537265953e-04 4.485455455767957744e+01
2.232016469295233991e-04 4.606901587287499922e+01
2.294676367231936914e-04 4.731622996660443192e+01
2.359095330508635614e-04 4.859706965909156651e+01
2.425322741760353111e-04 4.991243109994351812e+01
2.493409369951879494e-04 5.126323244482036756e+01
2.563407409296515377e-04 5.265040733914106852e+01
2.635370519267394326e-04 5.407491547160310574e+01
2.709353865732051759e-04 5.553775424326902765e+01
2.785414163241767813e-04 5.703993947784650231e+01
2.863609718508116210e-04 5.858249813133546269e+01
2.944000475100034728e-04 6.016649662240514118e+01
3.026648059395691654e-04 6.179304073787001528e+01
3.111615827824361444e-04 6.346324428991895417e+01
3.198968915434537695e-04 6.517824053199112200e+01
3.288774285825511105e-04 6.693920763784659300e+01
3.381100782480684795e-04 6.874735349549779073e+01
3.476019181541978613e-04 7.060390113121313505e+01
3.573602246065787046e-04 7.251010540450175768e+01
3.673924781802075296e-04 7.446725904181211320e+01
3.777063694539367416e-04 7.647668211636512581e+01
3.883098049059605528e-04 7.853972214791504314e+01
3.992109129748052884e-04 8.065776103115940998e+01
4.104180502904709654e-04 8.283221355341278525e+01
4.219398080805026588e-04 8.506452023963741738e+01
4.337850187558990231e-04 8.735615478085031782e+01
4.459627626819093779e-04 8.970863061146224027e+01
4.584823751389095932e-04 9.212349005199959606e+01
4.713534534786909978e-04 9.460229916424525243e+01
4.845858644816496185e-04 9.714667037104825909e+01
4.981897519205162042e-04 9.975826122511486460e+01
5.121755443364240474e-04 1.024387324092168825e+02
5.265539630332758715e-04 1.051897678921419015e+02
5.413360302965379654e-04 1.080131281601444471e+02
5.565330778427647921e-04 1.109106127573086269e+02
5.721567555063251324e-04 1.138840210934856145e+02
5.882190401699957617e-04 1.169351864083428580e+02
6.047322449462647380e-04 1.200659855993701370e+02
6.217090286163829381e-04 1.232783271107230547e+02
6.391624053344003523e-04 1.265741511243648887e+02
6.571057546036271476e-04 1.299554442829966376e+02
6.755528315331644270e-04 1.334242307169226365e+02
6.945177773823697038e-04 1.369825384381609013e+02
7.140151304013400355e-04 1.406324247345700087e+02
7.340598369757211656e-04 1.443759971249051830e+02
7.546672630843890076e-04 1.482153930322667748e+02
7.758532060787837713e-04 1.521527693102405294e+02
7.976339067929278130e-04 1.561903038718135974e+02
8.200260619934130737e-04 1.603301974929938183e+02
8.430468371788971344e-04 1.645746997741760254e+02
8.667138797389231696e-04 1.689260954827153398e+02
8.910453324821514341e-04 1.733866571621191497e+02
9.160598475443706154e-04 1.779586735421187598e+02
9.417766006869523988e-04 1.826444696849011962e+02
9.682153059967085751e-04 1.874463894876572567e+02
9.953962309984236857e-04 1.923667850957333485e+02
1.023340212191642049e-03 1.974080228774940906e+02
1.052068671023622922e-03 2.025724839660349517e+02
1.081603630310709867e-03 2.078625776196852257e+02
1.111967731120699519e-03 2.132807277131610135e+02
1.143184250129150028e-03 2.188293216617971382e+02
1.175277117462945366e-03 2.245107481957134041e+02
1.208270935044776636e-03 2.303274327973785489e+02
1.242190995452617476e-03 2.362817855724723870e+02
1.277063301308643990e-03 2.423761728259802624e+02
1.312914585212465604e-03 2.486130357492533278e+02
1.349772330233942573e-03 2.549948672213592431e+02
1.387664790981308705e-03 2.615237746618307142e+02
1.426621015260737648e-03 2.682018887807209353e+02
1.466670866343968349e-03 2.750330063335316595e+02
1.507845045861051347e-03 2.820205001232392306e+02
1.550175117335769997e-03 2.891642441838396849e+02
1.593693530381775150e-03 2.964649765164720634e+02
1.638433645577984637e-03 3.039264806610644314e+02
1.684429760042315850e-03 3.115517362642241324e+02
1.731717133723354026e-03 3.193424733707949486e+02
1.780332016430114135e-03 3.273007872320183083e+02
1.830311675620612021e-03 3.354289191274532982e+02
1.881694424970556086e-03 3.437283460267642567e+02
1.934519653744045872e-03 3.522005743249198986e+02
1.988827856988810081e-03 3.608482778364842716e+02
2.044660666579116784e-03 3.696737615335277383e+02
2.102060883130158625e-03 3.786781649872155526e+02
2.161072508808377368e-03 3.878627454631874230e+02
2.221740781062885202e-03 3.972290410405308307e+02
2.284112207303824749e-03 4.067784972452453758e+02
2.348234600554276272e-03 4.165123796884357716e+02
2.414157116103019234e-03 4.264314278632126047e+02
2.481930289186255051e-03 4.365361981461966820e+02
2.551606073727184613e-03 4.468274805547775941e+02
2.623237882163122550e-03 4.573058142920646105e+02
2.696880626390694112e-03 4.679712266060110437e+02
2.772590759860483686e-03 4.788236372120171609e+02
2.850426320853435488e-03 4.898628934874741390e+02
2.930446976972143555e-03 5.010884885245993701e+02
3.012714070881164757e-03 5.124995829042363766e+02
3.097290667331408388e-03 5.240950516928536445e+02
3.184241601504654226e-03 5.358735095191324262e+02
3.273633528715246682e-03 5.478333308997636095e+02
3.365534975507094694e-03 5.599725493853597982e+02
3.460016392185110562e-03 5.722887702884250984e+02
3.557150206821386215e-03 5.847793495406023112e+02
3.657010880777490907e-03 5.974414005494644471e+02
3.759674965785466966e-03 6.102715791805819663e+02
3.865221162631264206e-03 6.232661058500774516e+02
3.973730381485608698e-03 6.364208270142314632e+02
4.085285803928562741e-03 6.497312033669089715e+02
4.199972946715305709e-03 6.631922685781983091e+02
4.317879727332022029e-03 6.767985486331654101e+02
4.439096531392168997e-03 6.905439546360335044e+02
4.563716281924761094e-03 7.044219916235120991e+02
4.691834510607797992e-03 7.184257611239621610e+02
4.823549431001468782e-03 7.325476644999162090e+02
4.958962013837215146e-03 7.467794536408564454e+02
5.098176064420424994e-03 7.611123494297786465e+02
5.241298302206058926e-03 7.755370184570584797e+02
5.388438442608223244e-03 7.900434717393666233e+02
5.539709281106404079e-03 8.046210345211184176e+02
5.695226779712823234e-03 8.192582336883625658e+02
5.855110155867242032e-03 8.339429885212256295e+02
6.019481973827276768e-03 8.486626138553306191e+02
6.188468238624385796e-03 8.634036157696948521e+02
6.362198492657489789e-03 8.781517105364653162e+02
6.540805914998253610e-03 8.928917212382521029e+02
6.724427423484249239e-03 9.076077345958581191e+02
6.913203779678128193e-03 9.222831686912077203e+02
7.107279696773417810e-03 9.369004904223783115e+02
7.306803950529504668e-03 9.514409029254895813e+02
7.511929493320966197e-03 9.658856907064450752e+02
7.722813571388646714e-03 9.802160593243488620e+02
7.939617845382279313e-03 9.944071576692002736e+02
8.162508514287231468e-03 1.008433008150914702e+03
8.391656442830155299e-03 1.022290088332615483e+03
8.627237292461452031e-03 1.035973015371653219e+03
8.869431656014713575e-03 1.049434814131295298e+03
9.118425196146570655e-03 1.062632706113662380e+03
9.374408787662998066e-03 1.075553119893561643e+03
9.637578663841087079e-03 1.088170637694916422e+03
9.908136566858672528e-03 1.100443761236724413e+03
1.018628990244687879e-02 1.112368290269586396e+03
1.047225189888434729e-02 1.123943881442120073e+03
1.076624177045493527e-02 1.135007029716963871e+03
1.106848488549412070e-02 1.145413534099551043e+03
1.137921293915315074e-02 1.155349732538788885e+03
1.169866413101306943e-02 1.164941747602317037e+03
1.202708334768511945e-02 1.174026015717092150e+03
1.236472235053715993e-02 1.182471088462249782e+03
1.271183996869028332e-02 1.190238970095472723e+03
1.306870229743346996e-02 1.197407436412321431e+03
1.343558290220825575e-02 1.204087375521019567e+03
1.381276302832009847e-02 1.210062339048792637e+03
1.420053181653682141e-02 1.215075674414910281e+03
1.459918652473978819e-02 1.219242199042399307e+03
1.500903275579736421e-02 1.222623677213609653e+03
1.543038469183564444e-02 1.224991720293016897e+03
1.586356533508591002e-02 1.226313142853260842e+03
1.630890675549331870e-02 1.226820005762190021e+03
1.676675034527700184e-02 1.226478023024302047e+03
1.723744708063620554e-02 1.225085826857584607e+03
1.772135779080359283e-02 1.222707277587984436e+03
1.821885343465167589e-02 1.219440587641458933e+03
1.873031538506437013e-02 1.215084581147857307e+03
1.925613572129198509e-02 1.209489161116832747e+03
1.979671752951332395e-02 1.202754198172197221e+03
2.035247521183577296e-02 1.194934414275253403e+03
2.092383480396978190e-02 1.185992374490024304e+03
2.151123430182166549e-02 1.175917500712986111e+03
2.211512399725490061e-02 1.164723340566277329e+03
2.273596682327716154e-02 1.152421872630985035e+03
2.337423870891815886e-02 1.139028219052670011e+03
2.403042894406967958e-02 1.124567096598576882e+03
2.470504055456825693e-02 1.109070744015520404e+03
2.539859068780726467e-02 1.092578993529863283e+03
2.611161100917459149e-02 1.075139415688158579e+03
2.684464810961964890e-02 1.056807265659091172e+03
2.759826392466179640e-02 1.037646583869971664e+03
2.837303616516213128e-02 1.017729705275472497e+03
2.916955876018797328e-02 9.971366070559074615e+02
2.998844231231028931e-02 9.759548275368696295e+02
3.083031456568277942e-02 9.542793378845374264e+02
3.169582088726115993e-02 9.322117078505712016e+02
3.258562476153226140e-02 9.098590346386877172e+02
3.350040829913133317e-02 8.873329975945063097e+02
3.444087275973822804e-02 8.647490974454736943e+02
3.540773908965272332e-02 8.422248524320818888e+02
3.640174847446139839e-02 8.198781113558959532e+02
3.742366290721982347e-02 7.978259062139518392e+02
3.847426577258503816e-02 7.761825151279145985e+02
3.955436244734702317e-02 7.550566545255585424e+02
4.066478091781854792e-02 7.345507702674838129e+02
4.180637241455758407e-02 7.147575739852492234e+02
4.298001206490798670e-02 6.957588966293029671e+02
4.418659956385941057e-02 6.776228254954862678e+02
4.542705986374045990e-02 6.604020705875130943e+02
4.670234388327333674e-02 6.441310334162894833e+02
4.801342923653453137e-02 6.288247951642302951e+02
4.936132098237919208e-02 6.144764490153752377e+02
5.074705239490467923e-02 6.010554530410420284e+02
5.217168575554350513e-02 5.885070820725925387e+02
5.363631316739241039e-02 5.767503487300435836e+02
5.514205739240302800e-02 5.656785791249509430e+02
5.669007271207433807e-02 5.551632171307359158e+02
5.828154581230844677e-02 5.450327059341007043e+02
5.991769669310622465e-02 5.352711410605492119e+02
6.159977960380166873e-02 5.253869146980332516e+02
6.332908400455118658e-02 5.153365818883937663e+02
6.510693555481457395e-02 5.049041222512465197e+02
6.693469712958663442e-02 4.938936909055877891e+02
6.881376986415664587e-02 4.821303405154583857e+02
7.074559422819878818e-02 4.694712422658745936e+02
7.273165113001461846e-02 4.558199774984196324e+02
7.477346305177587360e-02 4.411318721147781616e+02
7.687259521663733497e-02 4.253927288664016828e+02
7.903065678861345700e-02 4.087495408572007705e+02
8.124930210614052239e-02 3.913759368340341780e+02
8.353023195026774983e-02 3.735140994840985513e+02
8.587519484845174134e-02 3.554613951297769177e+02
8.828598841495152727e-02 3.375541630468056269e+02
9.076446072885357985e-02 3.201444915080978149e+02
9.331251175078249249e-02 3.035743239747882285e+02
9.593209477938241525e-02 2.881523203047348147e+02
9.862521794868782388e-02 2.741277701628307568e+02
1.013939457675292477e-01 2.616694465007691974e+02
1.042404007021556500e-01 2.508514025809580801e+02
1.071667648032863795e-01 2.416415897480869432e+02
1.101752813788386687e-01 2.338970816084123499e+02
1.132682567136154145e-01 2.273665047689347887e+02
1.164480618372685794e-01 2.217046053470538993e+02
1.197171343418966943e-01 2.164951296357956210e+02
1.230779802506665743e-01 2.112873776183599261e+02
1.265331759388942934e-01 2.056475077778197544e+02
1.300853701090571579e-01 1.992174103601063848e+02
1.337372858212496074e-01 1.917763984591730946e+02
1.374917225806419896e-01 1.832847752236345116e+02
1.413515584835395023e-01 1.738995329699721140e+02
1.453197524236895799e-01 1.639581944141642111e+02
1.493993463605258198e-01 1.539245278127656604e+02
1.535934676510897212e-01 1.443076368448407720e+02
1.579053314474175851e-01 1.355643098878980481e+02
1.623382431612278298e-01 1.280185325809951848e+02
1.668956009978024568e-01 1.218137201622287193e+02
1.715808985610006165e-01 1.168812932529321813e+02
1.763977275314044801e-01 1.129457796221097965e+02
1.813497804196496366e-01 1.095815952091366370e+02
1.864408533970486059e-01 1.062960610692134367e+02
1.916748492056815356e-01 1.026353169654077817e+02
1.970557801501798822e-01 9.831101427790910918e+01
2.025877711735017406e-01 9.328678853997215015e+01
2.082750630190516594e-01 8.778040663405610644e+01
2.141220154815729193e-01 8.219651110786440995e+01
2.201331107493031680e-01 7.698430757628398169e+01
2.263129568399529223e-01 7.248444706039383334e+01
2.326662911331459360e-01 6.883106216879195927e+01
2.391979840020238557e-01 6.591089329393440721e+01
2.459130425468044889e-01 6.341678756593936583e+01
2.528166144331501219e-01 6.096689341315757815e+01
2.599139918382933900e-01 5.825684270926910813e+01
2.672106155079435608e-01 5.518966495696077601e+01
2.747120789270811603e-01 5.190260432421046488e+01
2.824241326078435477e-01 4.868329081650941248e+01
2.903526884977813416e-01 4.580453429450941627e+01
2.985038245118734057e-01 4.338953208009743179e+01
3.068837891917643446e-01 4.135825629984219631e+01
3.154990064958086982e-01 3.949504688989388512e+01
3.243560807235809640e-01 3.758318993371237582e+01
3.334618015786366407e-01 3.553772992734276670e+01
3.428231493733970847e-01 3.344039352598118597e+01
3.524473003801584237e-01 3.145689109669045891e+01
3.623416323323152555e-01 2.970459263202487676e+01
3.725137300800212548e-01 2.817138712071470863e+01
3.829713914046279921e-01 2.674542461843796559e+01
3.937226329963477989e-01 2.531883779093568521e+01
4.047756965997323930e-01 2.387388070686794350e+01
4.161390553316708374e-01 2.247774800937957806e+01
4.278214201767614466e-01 2.120024462963050027e+01
4.398317466650228380e-01 2.004413955651502377e+01
4.521792417370701922e-01 1.895526315143659346e+01
4.648733708020256206e-01 1.788875303745377465e+01
4.779238649935594330e-01 1.685168509522678448e+01
4.913407286296365140e-01 1.587806379201156659e+01
5.051342468816764075e-01 1.497900855805260711e+01
5.193149936590210070e-01 1.413308306755125443e+01
5.338938397147356962e-01 1.331978238306134976e+01
5.488819609789672427e-01 1.254271353851258475e+01
5.642908471262538805e-01 1.181378955092901073e+01
5.801323103833373462e-01 1.113087117672697168e+01
5.964184945842465613e-01 1.048289242974783342e+01
6.131618844795774237e-01 9.866630212296854552e+00
6.303753153071274262e-01 9.285783111953266555e+00
6.480719826311974741e-01 8.739550514484911048e+00
6.662654524581153037e-01 8.223202005728323272e+00
6.849696716357442927e-01 7.734434087977805738e+00
7.041989785449285222e-01 7.274123275717101933e+00
7.239681140910878554e-01 6.840198166113321321e+00
7.442922330043759693e-01 6.430550319755254485e+00
7.651869154570819509e-01 6.044336326823425587e+00
7.866681790071589075e-01 5.680328810098611569e+00
8.087524908770455934e-01 5.337174451234862893e+00
8.314567805772061782e-01 5.013807477289871528e+00
8.547984528840417706e-01 4.709220407583783796e+00
8.787954011821322853e-01 4.422307757087968305e+00
9.034660211810530139e-01 4.152160522773697515e+00
9.288292250172494047e-01 3.897869389761587922e+00
9.549044557518088228e-01 3.658539292535327725e+00
9.817117022752195332e-01 3.433332310756755490e+00
1.009271514630570854e+00 3.221456449149716850e+00
1.037605019766912440e+00 3.022149147884373832e+00
1.066733937734857918e+00 2.834698104839081356e+00
1.096680598336868151e+00 2.658440565800614497e+00
1.127467958244945612e+00 2.492751056813982125e+00
1.159119618598886126e+00 2.337030686526177625e+00
1.191659843098559213e+00 2.190709677719020032e+00
1.225113576604118126e+00 2.053246485866520921e+00
1.259506464258359104e+00 1.924116758853130049e+00
1.294864871145904983e+00 1.802832443518998629e+00
1.331215902504307769e+00 1.688941159385488611e+00
1.368587424502517580e+00 1.582015751088733380e+00
1.407008085602686087e+00 1.481655686051867038e+00
1.446507338521646480e+00 1.387472291525438717e+00
1.487115462808953126e+00 1.299082340749414310e+00
1.528863588058731571e+00 1.216323337305389662e+00
1.571783717773163280e+00 1.138836557519718129e+00
1.615908753895917815e+00 1.066286130476282512e+00
1.661272522034291654e+00 9.983575821646368809e-01
1.707909797389428608e+00 9.347564723742689541e-01
1.755856331414468618e+00 8.752071184265279857e-01
1.805148879221108116e+00 8.194514002121521257e-01
1.855825227755520057e+00 7.672476413547679730e-01
1.907924224765265908e+00 7.183695616506985404e-01
1.961485808579430667e+00 6.726052962443683780e-01
2.016551038724745393e+00 6.297564772878688766e-01
2.073162127401231736e+00 5.896373741040800143e-01
2.131362471841438122e+00 5.520740881263376254e-01
2.191196687578147895e+00 5.169037991250665653e-01
2.252710642645982198e+00 4.839740594541055985e-01
2.315951492743154372e+00 4.531421332575912841e-01
2.380967717380357840e+00 4.242743777731592392e-01
2.447809157044444017e+00 3.972456640496820901e-01
2.516527051405392790e+00 3.719388345686145403e-01
2.587174078595922744e+00 3.482441954179711363e-01
2.659804395593756698e+00 3.260590408177387323e-01
2.734473679737583041e+00 3.052872079357490942e-01
2.811239171408464355e+00 2.858386600643368358e-01
2.890159717909508874e+00 2.676290963510363774e-01
2.971295818577336600e+00 2.505795863916757682e-01
3.054709671159970164e+00 2.346162281019865126e-01
3.140465219496751281e+00 2.196698273847576544e-01
3.228628202536729219e+00 2.056755982040299469e-01
3.319266204733191561e+00 1.925728817662867853e-01
3.412448707852890450e+00 1.803048835914150549e-01
3.508247144239789783e+00 1.688184273337552666e-01
3.606734951574031900e+00 1.580637242861644420e-01
3.707987629168172372e+00 1.479941575679933896e-01
3.812082795843888317e+00 1.385660800615286514e-01
3.919100249433401739e+00 1.297386252210435964e-01
4.029122027951350660e+00 1.214735299343988606e-01
4.142232472483896366e+00 1.137349686693758799e-01
4.258518291843413017e+00 1.064893981858413274e-01
4.378068629038172510e+00 9.970541214063795288e-02
4.500975129608047354e+00 9.335360495497883881e-02
4.627332011878690032e+00 8.740644435427025183e-02
4.757236139187885904e+00 8.183815202787925180e-02
4.890787094139594338e+00 7.662459189155965134e-02
5.028087254942479767e+00 7.174316546820269647e-02
5.169241873891597727e+00 6.717271393343465791e-02
5.314359158053243881e+00 6.289342640147216335e-02
5.463550352214879169e+00 5.888675405369526994e-02
5.616929824163807261e+00 5.513532973772324042e-02
5.774615152359817039e+00 5.162289268849092061e-02
5.936727216069127344e+00 4.833421804502469055e-02
6.103390288028621491e+00 4.525505085740449268e-02
6.274732129711575013e+00 4.237204429786116389e-02
6.450884089267698407e+00 3.967270180818176228e-02
6.631981202212673843e+00 3.714532293265718904e-02
6.818162294944477786e+00 3.477895260178209130e-02
7.009570091165615580e+00 3.256333364687424153e-02
7.206351321293055889e+00 3.048886233978530258e-02
7.408656834939563396e+00 2.854654676498725313e-02
7.616641716552886798e+00 2.672796784359592059e-02
7.830465404301192756e+00 2.502524284038796717e-02
8.050291812295983007e+00 2.343099119563043023e-02
8.276289456246344045e+00 2.193830253361886418e-02
8.508631582640587609e+00 2.054070670925530612e-02
8.747496301554422260e+00 1.923214576283114458e-02
8.993066723187620681e+00 1.800694766145140638e-02
9.245531098233566780e+00 1.685980171328098701e-02
9.505082962189515428e+00 1.578573554804462917e-02
9.771921283717999174e+00 1.478009356400114549e-02
1.004625061717340628e+01 1.383851674796918521e-02
1.032828125941029640e+01 1.295692378093316229e-02
1.061822941099384643e+01 1.213149334733060539e-02
1.091631734193614811e+01 1.135864757133944226e-02
1.122277356208507015e+01 1.063503650836889781e-02
1.153783299629661485e+01 9.957523624531453704e-03
1.186173716452478821e+01 9.323172201155806652e-03
1.219473436696737778e+01 8.729232605410412738e-03
1.253707987440921379e+01 8.173130371861379168e-03
1.288903612390893194e+01 7.652455043303575850e-03
1.325087291997952832e+01 7.164949722494841182e-03
1.362286764141645712e+01 6.708501289504714866e-03
1.400530545393221082e+01 6.281131242274229885e-03
1.439847952876007753e+01 5.880987120684622732e-03
1.480269126739508501e+01 5.506334476962105977e-03
1.521825053264387861e+01 5.155549357613952929e-03
1.564547588616096618e+01 4.827111264308430426e-03
1.608469483265355748e+01 4.519596563187069753e-03
1.653624407094179460e+01 4.231672314041610983e-03
1.700046975206718614e+01 3.962090492607778063e-03
1.747772774464680978e+01 3.709682580932134599e-03
1.796838390767719673e+01 3.473354502363617397e-03
1.847281437099635681e+01 3.252081879215183279e-03
1.899140582361934904e+01 3.044905592539653288e-03
1.952455581016860364e+01 2.850927624773306069e-03
2.007267303562567662e+01 2.669307167226965885e-03
2.063617767863859598e+01 2.499256975552234528e-03
2.121550171362450854e+01 2.340039957385463797e-03
2.181108924191518383e+01 2.190965977378390907e-03
2.242339683219847757e+01 2.051388865766667902e-03
2.305289387051708516e+01 1.920703617509747930e-03
2.370006292009328064e+01 1.798343769861644043e-03
2.436540009125468131e+01 1.683778947005485672e-03
2.504941542174504221e+01 1.576512561108948550e-03
2.575263326771200667e+01 1.476079659835655665e-03
2.647559270567065681e+01 1.382044910982458980e-03
2.721884794575180422e+01 1.294000715506895063e-03
2.798296875655116978e+01 1.211565440765628807e-03
2.876854090190592217e+01 1.134381766305746567e-03
2.957616658993256564e+01 1.062115135038648860e-03
3.040646493467068723e+01 9.944523030830491623e-04
3.126007243068703190e+01 9.310999819913073992e-04
3.213764344100275139e+01 8.717835674737352096e-04
3.303985069871860247e+01 8.162459491104662743e-04
3.396738582272208617e+01 7.642463958915107639e-04
3.492095984787270169e+01 7.155595127543091160e-04
3.590130377007073292e+01 6.699742635958328167e-04
3.690916910662779316e+01 6.272930565244245853e-04
3.794532847236938977e+01 5.873308873863470779e-04
3.901057617190990356e+01 5.499145378546088127e-04
4.010572880855499989e+01 5.148818246041345602e-04
4.123162591029752377e+01 4.820808963187898791e-04
4.238913057338778145e+01 4.513695754830914864e-04
4.357913012397032304e+01 4.226147421055674569e-04
4.480253679829492341e+01 3.956917567024760595e-04
4.606028844202401018e+01 3.704839200407742620e-04
4.735334922917113687e+01 3.468819672985618886e-04
4.868271040122284887e+01 3.247835944504089654e-04
5.004939102700954123e+01 3.040930148246569274e-04
5.145443878390924652e+01 2.847205439105655921e-04
5.289893076098154978e+01 2.665822106156290664e-04
5.438397428464800498e+01 2.495993932880319495e-04
5.591070776755292115e+01 2.336984789265647859e-04
5.748030158125349942e+01 2.188105441008248613e-04
5.909395895340973937e+01 2.048710561986317644e-04
6.075291689016074059e+01 1.918195937056979951e-04
6.245844712439613744e+01 1.795995843050903005e-04
6.421185709064765490e+01 1.681580596612590722e-04
6.601449092734890201e+01 1.574454258257329184e-04
6.786773050723294887e+01 1.474152482692886966e-04
6.977299649665530978e+01 1.380240506088063355e-04
7.173174944465618807e+01 1.292311261563786886e-04
7.374549090259552031e+01 1.209983614738250165e-04
7.581576457522108115e+01 1.132900711677948776e-04
7.794415750404954224e+01 1.060728432093725613e-04
8.013230128396889995e+01 9.931539410771066600e-05
8.238187331399603863e+01 9.298843330993460284e-05
8.469459808314594795e+01 8.706453623955189990e-05
8.707224849239922548e+01 8.151802542304363564e-05
8.951664721378301692e+01 7.632485918937444202e-05
9.202966808760409378e+01 7.146252745998287793e-05
9.461323755890775544e+01 6.690995417754745927e-05
9.726933615426175095e+01 6.264740595060075629e-05
9.999999999999995737e+01 5.865640651800583757e-05
