1.000000000000000048e-04 2.623880373878424734e+02
1.028073223830865281e-04 2.695019826919203751e+02
1.056934553557988362e-04 2.768086328405538552e+02
1.086606113854597351e-04 2.843131902589847755e+02
1.117110650504824041e-04 2.920209280943540193e+02
1.148471547840289439e-04 2.999373360019447432e+02
1.180712846666190141e-04 3.080680829781299508e+02
1.213859262690628250e-04 3.164189467608550217e+02
1.247936205471311189e-04 3.249958468277847601e+02
1.282969797894147957e-04 3.338048614146624118e+02
1.318986896198670199e-04 3.428522476006139641e+02
1.356015110565633925e-04 3.521444528553328723e+02
1.394082826282578376e-04 3.616880588259475076e+02
1.433219225503574155e-04 3.714897884662987053e+02
1.473454309619835539e-04 3.815565680022791071e+02
1.514818922258346051e-04 3.918955275258840061e+02
1.557344772926134557e-04 4.025140149369194660e+02
1.601064461318317826e-04 4.134195586316462254e+02
1.646011502308550778e-04 4.246198228381979334e+02
1.692220351641037391e-04 4.361226844554237232e+02
1.739726432343801689e-04 4.479362612542009856e+02
1.788566161883461665e-04 4.600688843614400412e+02
1.838776980082327715e-04 4.725290993867410521e+02
1.890397377819221208e-04 4.853256600408731742e+02
1.943466926536020897e-04 4.984675379389480554e+02
1.998026308572550618e-04 5.119639265238828330e+02
2.054117348353064979e-04 5.258242717888290372e+02
2.111783044448243749e-04 5.400583113076373820e+02
2.171067602537265953e-04 5.546760210133876399e+02
2.232016469295233991e-04 5.696875963105131859e+02
2.294676367231936914e-04 5.851034514774692070e+02
2.359095330508635614e-04 6.009342421368759233e+02
2.425322741760353111e-04 6.171910140887517855e+02
2.493409369951879494e-04 6.338851292275506921e+02
2.563407409296515377e-04 6.510280654299123171e+02
2.635370519267394326e-04 6.686315914252700168e+02
2.709353865732051759e-04 6.867079279561063458e+02
2.785414163241767813e-04 7.052695464305256792e+02
2.863609718508116210e-04 7.243290973945054247e+02
2.944000475100034728e-04 7.438996527286562923e+02
3.026648059395691654e-04 7.639947010265916560e+02
3.111615827824361444e-04 7.846278367186341711e+02
3.198968915434537695e-04 8.058129132618259973e+02
3.288774285825511105e-04 8.275644233033627870e+02
3.381100782480684795e-04 8.498972035232882263e+02
3.476019181541978613e-04 8.728261347220141033e+02
3.573602246065787046e-04 8.963665485327051101e+02
3.673924781802075296e-04 9.205343810896952164e+02
3.777063694539367416e-04 9.453457133186701640e+02
3.883098049059605528e-04 9.708167776039861110e+02
3.992109129748052884e-04 9.969644506883729491e+02
4.104180502904709654e-04 1.023806138281065842e+03
4.219398080805026588e-04 1.051359503041198650e+03
4.337850187558990231e-04 1.079642505754699869e+03
4.459627626819093779e-04 1.108673340805569069e+03
4.584823751389095932e-04 1.138470684985848266e+03
4.713534534786909978e-04 1.169053810759587805e+03
4.845858644816496185e-04 1.200442376114348690e+03
4.981897519205162042e-04 1.232656394922559912e+03
5.121755443364240474e-04 1.265716141839767488e+03
5.265539630332758715e-04 1.299642237033452147e+03
5.413360302965379654e-04 1.334455811908973374e+03
5.565330778427647921e-04 1.370178461509526414e+03
5.721567555063251324e-04 1.406832214032199772e+03
5.882190401699957617e-04 1.444439529660148764e+03
6.047322449462647380e-04 1.483023284100339424e+03
6.217090286163829381e-04 1.522606592027331544e+03
6.391624053344003523e-04 1.563212826265220428e+03
6.571057546036271476e-04 1.604866069302584492e+03
6.755528315331644270e-04 1.647590937350118793e+03
6.945177773823697038e-04 1.691412021678067049e+03
7.140151304013400355e-04 1.736354309592171830e+03
7.340598369757211656e-04 1.782443606003234663e+03
7.546672630843890076e-04 1.829705904529673489e+03
7.758532060787837713e-04 1.878167075008131178e+03
7.976339067929278130e-04 1.927853838693860780e+03
8.200260619934130737e-04 1.978793771212711363e+03
8.430468371788971344e-04 2.031013945303114269e+03
8.667138797389231696e-04 2.084541373270043096e+03
8.910453324821514341e-04 2.139404227286542209e+03
9.160598475443706154e-04 2.195631163564710278e+03
9.417766006869523988e-04 2.253250641869810352e+03
9.682153059967085751e-04 2.312291267744308243e+03
9.953962309984236857e-04 2.372781827072612487e+03
1.023340212191642049e-03 2.434751584118248957e+03
1.052068671023622922e-03 2.498230257478226576e+03
1.081603630310709867e-03 2.563247359360347218e+03
1.111967731120699519e-03 2.629832360642073581e+03
1.143184250129150028e-03 2.698015097160698588e+03
1.175277117462945366e-03 2.767825520385802520e+03
1.208270935044776636e-03 2.839293327307506388e+03
1.242190995452617476e-03 2.912448215102889662e+03
1.277063301308643990e-03 2.987319950052421518e+03
1.312914585212465604e-03 3.063939323585039347e+03
1.349772330233942573e-03 3.142337597160191763e+03
1.387664790981308705e-03 3.222539030371891840e+03
1.426621015260737648e-03 3.304568364489148735e+03
1.466670866343968349e-03 3.388480749177328107e+03
1.507845045861051347e-03 3.474323726898032874e+03
1.550175117335769997e-03 3.562081350126088182e+03
1.593693530381775150e-03 3.651754119588304093e+03
1.638433645577984637e-03 3.743399095099960959e+03
1.684429760042315850e-03 3.837057071847875704e+03
1.731717133723354026e-03 3.932744320435566806e+03
1.780332016430114135e-03 4.030486107963230097e+03
1.830311675620612021e-03 4.130311848635998103e+03
1.881694424970556086e-03 4.232235833773715058e+03
1.934519653744045872e-03 4.336272933912036024e+03
1.988827856988810081e-03 4.442460677365622360e+03
2.044660666579116784e-03 4.550829861561478538e+03
2.102060883130158625e-03 4.661389334608186800e+03
2.161072508808377368e-03 4.774151163569686105e+03
2.221740781062885202e-03 4.889133920202183617e+03
2.284112207303824749e-03 5.006355450304999067e+03
2.348234600554276272e-03 5.125831112678531099e+03
2.414157116103019234e-03 5.247567006169893830e+03
2.481930289186255051e-03 5.371566758695511453e+03
2.551606073727184613e-03 5.497840029988824426e+03
2.623237882163122550e-03 5.626393290736016752e+03
2.696880626390694112e-03 5.757225248633904812e+03
2.772590759860483686e-03 5.890334752725887483e+03
2.850426320853435488e-03 6.025721481130916800e+03
2.930446976972143555e-03 6.163378570752336600e+03
3.012714070881164757e-03 6.303294000219031659e+03
3.097290667331408388e-03 6.445455380819747006e+03
3.184241601504654226e-03 6.589847513804938899e+03
3.273633528715246682e-03 6.736449106564809881e+03
3.365534975507094694e-03 6.885235419172040565e+03
3.460016392185110562e-03 7.036179206893969422e+03
3.557150206821386215e-03 7.189248228519588338e+03
3.657010880777490907e-03 7.344404755514825411e+03
3.759674965785466966e-03 7.501607467851608817e+03
3.865221162631264206e-03 7.660810898273183739e+03
3.973730381485608698e-03 7.821962923569984923e+03
4.085285803928562741e-03 7.985005854465536686e+03
4.199972946715305709e-03 8.149876876022374745e+03
4.317879727332022029e-03 8.316507839519692425e+03
4.439096531392168997e-03 8.484824760165560292e+03
4.563716281924761094e-03 8.654746316129667321e+03
4.691834510607797992e-03 8.826183559222112308e+03
4.823549431001468782e-03 8.999043743808349973e+03
4.958962013837215146e-03 9.173228914742281631e+03
5.098176064420424994e-03 9.348629531140328254e+03
5.241298302206058926e-03 9.525128506675397148e+03
5.388438442608223244e-03 9.702605579185663373e+03
5.539709281106404079e-03 9.880932138651225614e+03
5.695226779712823234e-03 1.005996755206761190e+04
5.855110155867242032e-03 1.023956310181655863e+04
6.019481973827276768e-03 1.041956227929615125e+04
6.188468238624385796e-03 1.059979962609926770e+04
6.362198492657489789e-03 1.078010059638523853e+04
6.540805914998253610e-03 1.096027885806465383e+04
6.724427423484249239e-03 1.114013913603556648e+04
6.913203779678128193e-03 1.131947947099271551e+04
7.107279696773417810e-03 1.149808547431589250e+04
7.306803950529504668e-03 1.167572498772705876e+04
7.511929493320966197e-03 1.185216916303571816e+04
7.722813571388646714e-03 1.202719094072843109e+04
7.939617845382279313e-03 1.220048383602485228e+04
8.162508514287231468e-03 1.237172636122593212e+04
8.391656442830155299e-03 1.254089002411407091e+04
8.627237292461452031e-03 1.270792087644962703e+04
8.869431656014713575e-03 1.287221780092045992e+04
9.118425196146570655e-03 1.303324068679412085e+04
9.374408787662998066e-03 1.319084524034256719e+04
9.637578663841087079e-03 1.334473030339863362e+04
9.908136566858672528e-03 1.349437835407275816e+04
1.018628990244687879e-02 1.363974011231890108e+04
1.047225189888434729e-02 1.378081962072449460e+04
1.076624177045493527e-02 1.391560238161758934e+04
1.106848488549412070e-02 1.404231152962054512e+04
1.137921293915315074e-02 1.416325326027145456e+04
1.169866413101306943e-02 1.427998910155110934e+04
1.202708334768511945e-02 1.439050187003575229e+04
1.236472235053715993e-02 1.449317394307161339e+04
1.271183996869028332e-02 1.458754462651419635e+04
1.306870229743346996e-02 1.467457455056508661e+04
1.343558290220825575e-02 1.475562976512687419e+04
1.381276302832009847e-02 1.482805518574644884e+04
1.420053181653682141e-02 1.488870189404576922e+04
1.459918652473978819e-02 1.493898194468847032e+04
1.500903275579736421e-02 1.497965267214628329e+04
1.543038469183564444e-02 1.500790334959173742e+04
1.586356533508591002e-02 1.502332971376715432e+04
1.630890675549331870e-02 1.502879543928515886e+04
1.676675034527700184e-02 1.502388306931201805e+04
1.723744708063620554e-02 1.500611683671200808e+04
1.772135779080359283e-02 1.497628455843284428e+04
1.821885343465167589e-02 1.493559729323649299e+04
1.873031538506437013e-02 1.488158585954535556e+04
1.925613572129198509e-02 1.481240843574445898e+04
1.979671752951332395e-02 1.472929407495570013e+04
2.035247521183577296e-02 1.463291750226643308e+04
2.092383480396978190e-02 1.452282181127930380e+04
2.151123430182166549e-02 1.439887787345559082e+04
2.211512399725490061e-02 1.426125152307401004e+04
2.273596682327716154e-02 1.411009101896967695e+04
2.337423870891815886e-02 1.394558374273176742e+04
2.403042894406967958e-02 1.376803440564989251e+04
2.470504055456825693e-02 1.357783725609133762e+04
2.539859068780726467e-02 1.337547693663026075e+04
2.611161100917459149e-02 1.316153908107403186e+04
2.684464810961964890e-02 1.293670347560367554e+04
2.759826392466179640e-02 1.270175186252591266e+04
2.837303616516213128e-02 1.245756933121702605e+04
2.916955876018797328e-02 1.220513630966996243e+04
2.998844231231028931e-02 1.194552513660103068e+04
3.083031456568277942e-02 1.167989363014093033e+04
3.169582088726115993e-02 1.140948567080485554e+04
3.258562476153226140e-02 1.113561469101250987e+04
3.350040829913133317e-02 1.085964629928024806e+04
3.444087275973822804e-02 1.058299107484202978e+04
3.540773908965272332e-02 1.030708588893598244e+04
3.640174847446139839e-02 1.003337514003247452e+04
3.742366290721982347e-02 9.763292137301354160e+03
3.847426577258503816e-02 9.498228882555791643e+03
3.955436244734702317e-02 9.239515072711130415e+03
4.066478091781854792e-02 8.988406200717536194e+03
4.180637241455758407e-02 8.746035858040215317e+03
4.298001206490798670e-02 8.513399934011467849e+03
4.418659956385941057e-02 8.291333539268123786e+03
4.542705986374045990e-02 8.080480204158656306e+03
4.670234388327333674e-02 7.881260505924827157e+03
4.801342923653453137e-02 7.693856897893654605e+03
4.936132098237919208e-02 7.518182061332875492e+03
5.074705239490467923e-02 7.353865927695699611e+03
5.217168575554350513e-02 7.200231014198448065e+03
5.363631316739241039e-02 7.056292747401418637e+03
5.514205739240302800e-02 6.920741828872559381e+03
5.669007271207433807e-02 6.792006161852069454e+03
5.828154581230844677e-02 6.667983732546767897e+03
5.991769669310622465e-02 6.548482911812083330e+03
6.159977960380166873e-02 6.427486652554978718e+03
6.332908400455118658e-02 6.304463628472988603e+03
6.510693555481457395e-02 6.176771454165444084e+03
6.693469712958663442e-02 6.042013435677764392e+03
6.881376986415664587e-02 5.898050801550340111e+03
7.074559422819878818e-02 5.743135341893061195e+03
7.273165113001461846e-02 5.576086575554912997e+03
7.477346305177587360e-02 5.396359753984402232e+03
7.687259521663733497e-02 5.203780529469679095e+03
7.903065678861345700e-02 5.000147668164540846e+03
8.124930210614052239e-02 4.787583469596554096e+03
8.353023195026774983e-02 4.569051680425365703e+03
8.587519484845174134e-02 4.348189890372770606e+03
8.828598841495152727e-02 4.129112422523396162e+03
9.076446072885357985e-02 3.916124510266922243e+03
9.331251175078249249e-02 3.713409195123442714e+03
9.593209477938241525e-02 3.524744303820516052e+03
9.862521794868782388e-02 3.353173408760555503e+03
1.013939457675292477e-01 3.200764704864987380e+03
1.042404007021556500e-01 3.068422217901499607e+03
1.071667648032863795e-01 2.955753691087821608e+03
1.101752813788386687e-01 2.861010364315085553e+03
1.132682567136154145e-01 2.781117144367306992e+03
1.164480618372685794e-01 2.711850246789389985e+03
1.197171343418966943e-01 2.648118683341447650e+03
1.230779802506665743e-01 2.584409053624524859e+03
1.265331759388942934e-01 2.515415051728444723e+03
1.300853701090571579e-01 2.436755777789864169e+03
1.337372858212496074e-01 2.345731689010437549e+03
1.374917225806419896e-01 2.241859200546391094e+03
1.413515584835395023e-01 2.127056341022093420e+03
1.453197524236895799e-01 2.005452975059612299e+03
1.493993463605258198e-01 1.882721197789859161e+03
1.535934676510897212e-01 1.765087912027817765e+03
1.579053314474175851e-01 1.658140722093761269e+03
1.623382431612278298e-01 1.565841314365342441e+03
1.668956009978024568e-01 1.489944987165039038e+03
1.715808985610006165e-01 1.429611651495625438e+03
1.763977275314044801e-01 1.381472609132183379e+03
1.813497804196496366e-01 1.340321888402797867e+03
1.864408533970486059e-01 1.300133214918105523e+03
1.916748492056815356e-01 1.255355674533765068e+03
1.970557801501798822e-01 1.202462403755512014e+03
2.025877711735017406e-01 1.141008134189474958e+03
2.082750630190516594e-01 1.073656922080625691e+03
2.141220154815729193e-01 1.005357945523226135e+03
2.201331107493031680e-01 9.416051749353467812e+02
2.263129568399529223e-01 8.865657256321106843e+02
2.326662911331459360e-01 8.418799037080869994e+02
2.391979840020238557e-01 8.061621700776917123e+02
2.459130425468044889e-01 7.756554616240069890e+02
2.528166144331501219e-01 7.456899062792696213e+02
2.599139918382933900e-01 7.125426408373931508e+02
2.672106155079435608e-01 6.750270076643732864e+02
2.747120789270811603e-01 6.348222749584235771e+02
2.824241326078435477e-01 5.954463807064437333e+02
2.903526884977813416e-01 5.602357767243079252e+02
2.985038245118734057e-01 5.306974681449424907e+02
3.068837891917643446e-01 5.058524568028902308e+02
3.154990064958086982e-01 4.830633681323417363e+02
3.243560807235809640e-01 4.596791753996868124e+02
3.334618015786366407e-01 4.346609134130673624e+02
3.428231493733970847e-01 4.090082043756663666e+02
3.524473003801584237e-01 3.847477674016915898e+02
3.623416323323152555e-01 3.633152919082669428e+02
3.725137300800212548e-01 3.445626213754869127e+02
3.829713914046279921e-01 3.271216720535219338e+02
3.937226329963477989e-01 3.096729269356372924e+02
4.047756965997323930e-01 2.919996809534719091e+02
4.161390553316708374e-01 2.749235487457065119e+02
4.278214201767614466e-01 2.592984332311914955e+02
4.398317466650228380e-01 2.451580964853431510e+02
4.521792417370701922e-01 2.318400946642578333e+02
4.648733708020256206e-01 2.187956254070821558e+02
4.779238649935594330e-01 2.061112602564819838e+02
4.913407286296365140e-01 1.942029668027334992e+02
5.051342468816764075e-01 1.832066560898454668e+02
5.193149936590210070e-01 1.728601914715966075e+02
5.338938397147356962e-01 1.629127179410321560e+02
5.488819609789672427e-01 1.534084824056227490e+02
5.642908471262538805e-01 1.444930426828573218e+02
5.801323103833373462e-01 1.361403339061026543e+02
5.964184945842465613e-01 1.282149305296073862e+02
6.131618844795774237e-01 1.206774901390124768e+02
6.303753153071274262e-01 1.135731988729335171e+02
6.480719826311974741e-01 1.068922639873363778e+02
6.662654524581153037e-01 1.005768010849531606e+02
6.849696716357442927e-01 9.459881621560775500e+01
7.041989785449285222e-01 8.896878175656509313e+01
7.239681140910878554e-01 8.366149703416941463e+01
7.442922330043759693e-01 7.865114783042056956e+01
7.651869154570819509e-01 7.392740409909255561e+01
7.866681790071589075e-01 6.947527622301494432e+01
8.087524908770455934e-01 6.527818298988317736e+01
8.314567805772061782e-01 6.132310969097621012e+01
8.547984528840417706e-01 5.759775296372097131e+01
8.787954011821322853e-01 5.408856201638806738e+01
9.034660211810530139e-01 5.078443297764059139e+01
9.288292250172494047e-01 4.767423137006885270e+01
9.549044557518088228e-01 4.474700857625952466e+01
9.817117022752195332e-01 4.199253305241360579e+01
1.009271514630570854e+00 3.940111579879575032e+01
1.037605019766912440e+00 3.696340976671141476e+01
1.066733937734857918e+00 3.467071800945986837e+01
1.096680598336868151e+00 3.251494416906885476e+01
1.127467958244945612e+00 3.048841840419101601e+01
1.159119618598886126e+00 2.858381914498396981e+01
1.191659843098559213e+00 2.679418905436142850e+01
1.225113576604118126e+00 2.511289512845427652e+01
1.259506464258359104e+00 2.353353226047110169e+01
1.294864871145904983e+00 2.205012665040043274e+01
1.331215902504307769e+00 2.065713794167188411e+01
1.368587424502517580e+00 1.934934571764609146e+01
1.407008085602686087e+00 1.812185717218325465e+01
1.446507338521646480e+00 1.696991513590055334e+01
1.487115462808953126e+00 1.588883133348667265e+01
1.528863588058731571e+00 1.487661895314426985e+01
1.571783717773163280e+00 1.392889047859794971e+01
1.615908753895917815e+00 1.304153790426759052e+01
1.661272522034291654e+00 1.221071492878651199e+01
1.707909797389428608e+00 1.143282028289770835e+01
1.755856331414468618e+00 1.070448211946153272e+01
1.805148879221108116e+00 1.002254339791207371e+01
1.855825227755520057e+00 9.384048199809962298e+00
1.907924224765265908e+00 8.786228916175268466e+00
1.961485808579430667e+00 8.226494251062963059e+00
2.016551038724745393e+00 7.702417989381464380e+00
2.073162127401231736e+00 7.211728480267447949e+00
2.131362471841438122e+00 6.752298790431805919e+00
2.191196687578147895e+00 6.322137484795598006e+00
2.252710642645982198e+00 5.919379994453945137e+00
2.315951492743154372e+00 5.542280534551591309e+00
2.380967717380357840e+00 5.189204537037507059e+00
2.447809157044444017e+00 4.858621565497728945e+00
2.516527051405392790e+00 4.549098681355174811e+00
2.587174078595922744e+00 4.259294232681694048e+00
2.659804395593756698e+00 3.987952038699493329e+00
2.734473679737583041e+00 3.733895944764134445e+00
2.811239171408464355e+00 3.496024724227289049e+00
2.890159717909508874e+00 3.273307305080925822e+00
2.971295818577336600e+00 3.064778300692466484e+00
3.054709671159970164e+00 2.869533825258481219e+00
3.140465219496751281e+00 2.686727575838716575e+00
3.228628202536729219e+00 2.515567163987676658e+00
3.319266204733191561e+00 2.355310681082939173e+00
3.412448707852890450e+00 2.205263482462341607e+00
3.508247144239789783e+00 2.064775176430612813e+00
3.606734951574031900e+00 1.933236805084071142e+00
3.707987629168172372e+00 1.810078204733426288e+00
3.812082795843888317e+00 1.694765534483242853e+00
3.919100249433401739e+00 1.586798962255485224e+00
4.029122027951350660e+00 1.485710498227022169e+00
4.142232472483896366e+00 1.391061966289961926e+00
4.258518291843413017e+00 1.302443104741938695e+00
4.378068629038172510e+00 1.219469787973644692e+00
4.500975129608047354e+00 1.141782361445366156e+00
4.627332011878690032e+00 1.069044082735350454e+00
4.757236139187885904e+00 1.000939661902590982e+00
4.890787094139594338e+00 9.371738948371277633e-01
5.028087254942479767e+00 8.774703836740013196e-01
5.169241873891597727e+00 8.215703387243947775e-01
5.314359158053243881e+00 7.692314567308348172e-01
5.463550352214879169e+00 7.202268705841639029e-01
5.616929824163807261e+00 6.743441659497393381e-01
5.774615152359817039e+00 6.313844605403540200e-01
5.936727216069127344e+00 5.911615420449057856e-01
6.103390288028621491e+00 5.535010609761040756e-01
6.274732129711575013e+00 5.182397749385407870e-01
6.450884089267698407e+00 4.852248410413514956e-01
6.631981202212673843e+00 4.543131533883646433e-01
6.818162294944477786e+00 4.253707227740427532e-01
7.009570091165615580e+00 3.982720958964549030e-01
7.206351321293055889e+00 3.728998115698111682e-01
7.408656834939563396e+00 3.491438915794713993e-01
7.616641716552886798e+00 3.269013639724950848e-01
7.830465404301192756e+00 3.060758167173989741e-01
8.050291812295983007e+00 2.865769797984235590e-01
8.276289456246344045e+00 2.683203339328623094e-01
8.508631582640587609e+00 2.512267442154081376e-01
8.747496301554422260e+00 2.352221171015177748e-01
8.993066723187620681e+00 2.202370792429618751e-01
9.245531098233566780e+00 2.062066767834464243e-01
9.505082962189515428e+00 1.930700938108795006e-01
9.771921283717999174e+00 1.807703887458904923e-01
1.004625061717340628e+01 1.692542475239579292e-01
1.032828125941029640e+01 1.584717525012926398e-01
1.061822941099384643e+01 1.483761660827813134e-01
1.091631734193614811e+01 1.389237281341071661e-01
1.122277356208507015e+01 1.300734662999155078e-01
1.153783299629661485e+01 1.217870184058315874e-01
1.186173716452478821e+01 1.140284661745190747e-01
1.219473436696737778e+01 1.067641795350073031e-01
1.253707987440921379e+01 9.996267085043376854e-02
1.288903612390893194e+01 9.359445843234032170e-02
1.325087291997952832e+01 8.763193874991456744e-02
1.362286764141645712e+01 8.204926678025713238e-02
1.400530545393221082e+01 7.682224398104360585e-02
1.439847952876007753e+01 7.192821339998933805e-02
1.480269126739508501e+01 6.734596146646069925e-02
1.521825053264387861e+01 6.305562603954072143e-02
1.564547588616096618e+01 5.903861031397583670e-02
1.608469483265355748e+01 5.527750221082225468e-02
1.653624407094179460e+01 5.175599890338419135e-02
1.700046975206718614e+01 4.845883615129540495e-02
1.747772774464680978e+01 4.537172213643717034e-02
1.796838390767719673e+01 4.248127551389887374e-02
1.847281437099635681e+01 3.977496740945824644e-02
1.899140582361934904e+01 3.724106711216467608e-02
1.952455581016860364e+01 3.486859122662556293e-02
2.007267303562567662e+01 3.264725606459235180e-02
2.063617767863859598e+01 3.056743306948366337e-02
2.121550171362450854e+01 2.862010708062948106e-02
2.181108924191518383e+01 2.679683725632948932e-02
2.242339683219847757e+01 2.508972048634328794e-02
2.305289387051708516e+01 2.349135713522108870e-02
2.370006292009328064e+01 2.199481896798649583e-02
2.436540009125468131e+01 2.059361911914271356e-02
2.504941542174504221e+01 1.928168397483037352e-02
2.575263326771200667e+01 1.805332684625796102e-02
2.647559270567065681e+01 1.690322332029019214e-02
2.721884794575180422e+01 1.582638818034943703e-02
2.798296875655116978e+01 1.481815379759203292e-02
2.876854090190592217e+01 1.387414989869426192e-02
2.957616658993256564e+01 1.299028462254982023e-02
3.040646493467068723e+01 1.216272678376753395e-02
3.126007243068703190e+01 1.138788926608900326e-02
3.213764344100275139e+01 1.066241347374360243e-02
3.303985069871860247e+01 9.983154773343981894e-03
3.396738582272208617e+01 9.347168863218792770e-03
3.492095984787270169e+01 8.751699011099411257e-03
3.590130377007073292e+01 8.194164104841375473e-03
3.690916910662779316e+01 7.672147464385437043e-03
3.794532847236938977e+01 7.183386366462737697e-03
3.901057617190990356e+01 6.725762236638154097e-03
4.010572880855499989e+01 6.297291466178371079e-03
4.123162591029752377e+01 5.896116813939706290e-03
4.238913057338778145e+01 5.520499356006434294e-03
4.357913012397032304e+01 5.168810948184701139e-03
4.480253679829492341e+01 4.839527168680080906e-03
4.606028844202401018e+01 4.531220710368244996e-03
4.735334922917113687e+01 4.242555194017008473e-03
4.868271040122284887e+01 3.972279375642666713e-03
5.004939102700954123e+01 3.719221722891942038e-03
5.145443878390924652e+01 3.482285336940419904e-03
5.289893076098154978e+01 3.260443197896048095e-03
5.438397428464800498e+01 3.052733713098506208e-03
5.591070776755292115e+01 2.858256549018191144e-03
5.748030158125349942e+01 2.676168728687852716e-03
5.909395895340973937e+01 2.505680977750879973e-03
6.075291689016074059e+01 2.346054303287885452e-03
6.245844712439613744e+01 2.196596790592238689e-03
6.421185709064765490e+01 2.056660604009915520e-03
6.601449092734890201e+01 1.925639178843556541e-03
6.786773050723294887e+01 1.802964592148821729e-03
6.977299649665530978e+01 1.688105101026540723e-03
7.173174944465618807e+01 1.580562837740190569e-03
7.374549090259552031e+01 1.479871651668001036e-03
7.581576457522108115e+01 1.385595088735451811e-03
7.794415750404954224e+01 1.297324499569855408e-03
8.013230128396889995e+01 1.214677268176660293e-03
8.238187331399603863e+01 1.137295153459535850e-03
8.469459808314594795e+01 1.064842736395420642e-03
8.707224849239922548e+01 9.970059661336895702e-04
8.951664721378301692e+01 9.334907987173894639e-04
9.202966808760409378e+01 8.740219225259702194e-04
9.461323755890775544e+01 8.183415649148408078e-04
9.726933615426175095e+01 7.662083748790315648e-04
9.999999999999995737e+01 7.173963768977804824e-04
