1.000000000000000048e-04 2.275056311530553188e+01
1.028073223830865281e-04 2.336744104992249405e+01
1.056934553557988362e-04 2.400103513227245600e+01
1.086606113854597351e-04 2.465179715914906211e+01
1.117110650504824041e-04 2.532018388176192758e+01
1.148471547840289439e-04 2.600667208221113569e+01
1.180712846666190141e-04 2.671175438685745718e+01
1.213859262690628250e-04 2.743593086884955312e+01
1.247936205471311189e-04 2.817971524049492160e+01
1.282969797894147957e-04 2.894364010595361592e+01
1.318986896198670199e-04 2.972824891633118227e+01
1.356015110565633925e-04 3.053409341728791304e+01
1.394082826282578376e-04 3.136174627142528948e+01
1.433219225503574155e-04 3.221180097143772514e+01
1.473454309619835539e-04 3.308486096279381883e+01
1.514818922258346051e-04 3.398154302422650375e+01
1.557344772926134557e-04 3.490248292790268891e+01
1.601064461318317826e-04 3.584833278533948686e+01
1.646011502308550778e-04 3.681975845571863459e+01
1.692220351641037391e-04 3.781744685053509158e+01
1.739726432343801689e-04 3.884210914711271556e+01
1.788566161883461665e-04 3.989447088239759154e+01
1.838776980082327715e-04 4.097527189424411631e+01
1.890397377819221208e-04 4.208526985133472920e+01
1.943466926536020897e-04 4.322524367410521506e+01
1.998026308572550618e-04 4.439600346483967286e+01
2.054117348353064979e-04 4.559837901878792366e+01
2.111783044448243749e-04 4.683320802762209212e+01
2.171067602537265953e-04 4.810135261728578371e+01
2.232016469295233991e-04 4.940370529626590468e+01
2.294676367231936914e-04 5.074118112203588993e+01
2.359095330508635614e-04 5.211471685881246430e+01
2.425322741760353111e-04 5.352526629483990916e+01
2.493409369951879494e-04 5.497380627254166541e+01
2.563407409296515377e-04 5.646135141687562964e+01
2.635370519267394326e-04 5.798894239336483736e+01
2.709353865732051759e-04 5.955763472259591396e+01
2.785414163241767813e-04 6.116851121662862312e+01
2.863609718508116210e-04 6.282268617790100507e+01
2.944000475100034728e-04 6.452130183829383725e+01
3.026648059395691654e-04 6.626552870790793293e+01
3.111615827824361444e-04 6.805656700309268103e+01
3.198968915434537695e-04 6.989564566720822825e+01
3.288774285825511105e-04 7.178401608788911403e+01
3.381100782480684795e-04 7.372296128252509106e+01
3.476019181541978613e-04 7.571380527977321151e+01
3.573602246065787046e-04 7.775790199884174569e+01
3.673924781802075296e-04 7.985663105732788836e+01
3.777063694539367416e-04 8.201140409087003036e+01
3.883098049059605528e-04 8.422366576301476471e+01
3.992109129748052884e-04 8.649489260076698827e+01
4.104180502904709654e-04 8.882659637997001312e+01
4.219398080805026588e-04 9.122033307909266853e+01
4.337850187558990231e-04 9.367769254137161283e+01
4.459627626819093779e-04 9.620028484885168041e+01
4.584823751389095932e-04 9.878975550513391113e+01
4.713534534786909978e-04 1.014477900331468732e+02
4.845858644816496185e-04 1.041761122897065235e+02
4.981897519205162042e-04 1.069764847339250053e+02
5.121755443364240474e-04 1.098507075231024714e+02
5.265539630332758715e-04 1.128006154071399720e+02
5.413360302965379654e-04 1.158280601999983759e+02
5.565330778427647921e-04 1.189349355913541331e+02
5.721567555063251324e-04 1.221232053615210731e+02
5.882190401699957617e-04 1.253948529865844819e+02
6.047322449462647380e-04 1.287518571945338692e+02
6.217090286163829381e-04 1.321962660584494813e+02
6.391624053344003523e-04 1.357301985417854269e+02
6.571057546036271476e-04 1.393557619106229879e+02
6.755528315331644270e-04 1.430750779842167617e+02
6.945177773823697038e-04 1.468903511861876154e+02
7.140151304013400355e-04 1.508038215991456639e+02
7.340598369757211656e-04 1.548177086809059801e+02
7.546672630843890076e-04 1.589342759060905905e+02
7.758532060787837713e-04 1.631558558498037712e+02
7.976339067929278130e-04 1.674848058066832550e+02
8.200260619934130737e-04 1.719235013718709979e+02
8.430468371788971344e-04 1.764743349414688680e+02
8.667138797389231696e-04 1.811397193076311964e+02
8.910453324821514341e-04 1.859220859234351906e+02
9.160598475443706154e-04 1.908238957404700216e+02
9.417766006869523988e-04 1.958476507610249939e+02
9.682153059967085751e-04 2.009958746264158833e+02
9.953962309984236857e-04 2.062711003623949466e+02
1.023340212191642049e-03 2.116758578799698967e+02
1.052068671023622922e-03 2.172126740932656332e+02
1.081603630310709867e-03 2.228841216884810876e+02
1.111967731120699519e-03 2.286928007117102766e+02
1.143184250129150028e-03 2.346412786110583966e+02
1.175277117462945366e-03 2.407321265268764421e+02
1.208270935044776636e-03 2.469679536481793605e+02
1.242190995452617476e-03 2.533513446092260324e+02
1.277063301308643990e-03 2.598848227342574546e+02
1.312914585212465604e-03 2.665710027720963353e+02
1.349772330233942573e-03 2.734125671726957876e+02
1.387664790981308705e-03 2.804117649733447024e+02
1.426621015260737648e-03 2.875708700265113862e+02
1.466670866343968349e-03 2.948940217293928754e+02
1.507845045861051347e-03 3.023848883574586921e+02
1.550175117335769997e-03 3.100432311915603805e+02
1.593693530381775150e-03 3.178697778119239956e+02
1.638433645577984637e-03 3.258686586323331085e+02
1.684429760042315850e-03 3.340431037092422457e+02
1.731717133723354026e-03 3.423949457478148588e+02
1.780332016430114135e-03 3.509264402809450871e+02
1.830311675620612021e-03 3.596400165589992639e+02
1.881694424970556086e-03 3.685372491507690711e+02
1.934519653744045872e-03 3.776197289358407829e+02
1.988827856988810081e-03 3.868902945937169875e+02
2.044660666579116784e-03 3.963514220497780229e+02
2.102060883130158625e-03 4.060044000018036172e+02
2.161072508808377368e-03 4.158505722534995925e+02
2.221740781062885202e-03 4.258915022304892659e+02
2.284112207303824749e-03 4.361287522627637259e+02
2.348234600554276272e-03 4.465637456416549753e+02
2.414157116103019234e-03 4.571972422762145811e+02
2.481930289186255051e-03 4.680297764431789460e+02
2.551606073727184613e-03 4.790621696684016797e+02
2.623237882163122550e-03 4.902950057976250378e+02
2.696880626390694112e-03 5.017283649016579830e+02
2.772590759860483686e-03 5.133621789724246582e+02
2.850426320853435488e-03 5.251962549268736211e+02
2.930446976972143555e-03 5.372299849249537829e+02
3.012714070881164757e-03 5.494624098396355976e+02
3.097290667331408388e-03 5.618924419230510239e+02
3.184241601504654226e-03 5.745187145938557478e+02
3.273633528715246682e-03 5.873393535170115456e+02
3.365534975507094694e-03 6.003521613476646053e+02
3.460016392185110562e-03 6.135546764277236207e+02
3.557150206821386215e-03 6.269441333843307120e+02
3.657010880777490907e-03 6.405174327548960491e+02
3.759674965785466966e-03 6.542709347183024420e+02
3.865221162631264206e-03 6.682005269139647226e+02
3.973730381485608698e-03 6.823018691574275181e+02
4.085285803928562741e-03 6.965701878255617885e+02
4.199972946715305709e-03 7.109999309680616761e+02
4.317879727332022029e-03 7.255851261910861467e+02
4.439096531392168997e-03 7.403195314326878815e+02
4.563716281924761094e-03 7.551962364105154393e+02
4.691834510607797992e-03 7.702075848439606034e+02
4.823549431001468782e-03 7.853454376508216228e+02
4.958962013837215146e-03 8.006011270170264424e+02
5.098176064420424994e-03 8.159651836528659032e+02
5.241298302206058926e-03 8.314274757498886856e+02
5.388438442608223244e-03 8.469772742780878616e+02
5.539709281106404079e-03 8.626031999177987473e+02
5.695226779712823234e-03 8.782931360259625535e+02
5.855110155867242032e-03 8.940341540843157873e+02
6.019481973827276768e-03 9.098124751313933984e+02
6.188468238624385796e-03 9.256135830345895101e+02
6.362198492657489789e-03 9.414222117804827121e+02
6.540805914998253610e-03 9.572221072633886934e+02
6.724427423484249239e-03 9.729962381144155188e+02
6.913203779678128193e-03 9.887269453198424571e+02
7.107279696773417810e-03 1.004395427648453278e+03
7.306803950529504668e-03 1.019981242627715574e+03
7.511929493320966197e-03 1.035464329938236915e+03
7.722813571388646714e-03 1.050824915474171576e+03
7.939617845382279313e-03 1.066036301557271372e+03
8.162508514287231468e-03 1.081070326124906160e+03
8.391656442830155299e-03 1.095923384023120434e+03
8.627237292461452031e-03 1.110589949333245386e+03
8.869431656014713575e-03 1.125019418554706363e+03
9.118425196146570655e-03 1.139165749782456714e+03
9.374408787662998066e-03 1.153014579663822360e+03
9.637578663841087079e-03 1.166538758712687240e+03
9.908136566858672528e-03 1.179693739443441928e+03
1.018628990244687879e-02 1.192475005581409050e+03
1.047225189888434729e-02 1.204882205853783944e+03
1.076624177045493527e-02 1.216740005730531720e+03
1.106848488549412070e-02 1.227893780483047976e+03
1.137921293915315074e-02 1.238543415503653705e+03
1.169866413101306943e-02 1.248824201450210239e+03
1.202708334768511945e-02 1.258560712629368481e+03
1.236472235053715993e-02 1.267612006256249515e+03
1.271183996869028332e-02 1.275937415598428515e+03
1.306870229743346996e-02 1.283620385901454028e+03
1.343558290220825575e-02 1.290779819231344845e+03
1.381276302832009847e-02 1.297183451056927424e+03
1.420053181653682141e-02 1.302555969653628608e+03
1.459918652473978819e-02 1.307020882457693915e+03
1.500903275579736421e-02 1.310644596735979576e+03
1.543038469183564444e-02 1.313181716003892916e+03
1.586356533508591002e-02 1.314596556539472203e+03
1.630890675549331870e-02 1.315138417389769302e+03
1.676675034527700184e-02 1.314770565096182054e+03
1.723744708063620554e-02 1.313276809860843059e+03
1.772135779080359283e-02 1.310725656333170264e+03
1.821885343465167589e-02 1.307222536113456499e+03
1.873031538506437013e-02 1.302551721431607575e+03
1.925613572129198509e-02 1.296552253439670494e+03
1.979671752951332395e-02 1.289331267294451891e+03
2.035247521183577296e-02 1.280947458859425296e+03
2.092383480396978190e-02 1.271360668518679631e+03
2.151123430182166549e-02 1.260559592436581624e+03
2.211512399725490061e-02 1.248558802643935451e+03
2.273596682327716154e-02 1.235370937515831429e+03
2.337423870891815886e-02 1.221012078725071888e+03
2.403042894406967958e-02 1.205509170845498147e+03
2.470504055456825693e-02 1.188896812595787651e+03
2.539859068780726467e-02 1.171217145449096506e+03
2.611161100917459149e-02 1.152521486715088031e+03
2.684464810961964890e-02 1.132869386361825491e+03
2.759826392466179640e-02 1.112328998845185652e+03
2.837303616516213128e-02 1.090977842701810687e+03
2.916955876018797328e-02 1.068901911131275256e+03
2.998844231231028931e-02 1.046195194011491594e+03
3.083031456568277942e-02 1.022959224750991893e+03
3.169582088726115993e-02 9.993028348466049238e+02
3.258562476153226140e-02 9.753408525210971902e+02
3.350040829913133317e-02 9.511930799235324230e+02
3.444087275973822804e-02 9.269836448789690166e+02
3.540773908965272332e-02 9.028378178118750839e+02
3.640174847446139839e-02 8.788824177281177299e+02
3.742366290721982347e-02 8.552429196200555452e+02
3.847426577258503816e-02 8.320415429399810137e+02
3.955436244734702317e-02 8.093950101203006398e+02
4.066478091781854792e-02 7.874130906609946123e+02
4.180637241455758407e-02 7.661953364552930452e+02
4.298001206490798670e-02 7.458290700910474698e+02
4.418659956385941057e-02 7.263876048615665013e+02
4.542705986374045990e-02 7.079272353633709827e+02
4.670234388327333674e-02 6.904851863060505366e+02
4.801342923653453137e-02 6.740773332849104236e+02
4.936132098237919208e-02 6.586961951400808175e+02
5.074705239490467923e-02 6.443092152465798108e+02
5.217168575554350513e-02 6.308576548291590598e+02
5.363631316739241039e-02 6.182546314326260699e+02
5.514205739240302800e-02 6.063861216533985043e+02
5.669007271207433807e-02 5.951139685067954588e+02
5.828154581230844677e-02 5.842542064085729407e+02
5.991769669310622465e-02 5.737901436235246138e+02
6.159977960380166873e-02 5.631945042266188466e+02
6.332908400455118658e-02 5.524207999981714465e+02
6.510693555481457395e-02 5.412375987114232885e+02
6.693469712958663442e-02 5.294346814281033176e+02
6.881376986415664587e-02 5.168247757787346472e+02
7.074559422819878818e-02 5.032546301129845574e+02
7.273165113001461846e-02 4.886209028623824793e+02
7.477346305177587360e-02 4.728758379764726101e+02
7.687259521663733497e-02 4.560040665421686299e+02
7.903065678861345700e-02 4.381631785291905317e+02
8.124930210614052239e-02 4.195392504479228251e+02
8.353023195026774983e-02 4.003921359081014089e+02
8.587519484845174134e-02 3.810402822524816884e+02
8.828598841495152727e-02 3.618444483208119209e+02
9.076446072885357985e-02 3.431818646116698233e+02
9.331251175078249249e-02 3.254192133320790958e+02
9.593209477938241525e-02 3.088875507479460225e+02
9.862521794868782388e-02 2.938537778893731343e+02
1.013939457675292477e-01 2.804989318780698113e+02
1.042404007021556500e-01 2.689024189066008717e+02
1.071667648032863795e-01 2.590298332370846310e+02
1.101752813788386687e-01 2.507280550263883185e+02
1.132682567136154145e-01 2.437275139226730971e+02
1.164480618372685794e-01 2.376581753015471179e+02
1.197171343418966943e-01 2.320737979909503679e+02
1.230779802506665743e-01 2.264913230450513595e+02
1.265331759388942934e-01 2.204456154183204717e+02
1.300853701090571579e-01 2.135527913185393629e+02
1.337372858212496074e-01 2.055763364707158303e+02
1.374917225806419896e-01 1.964736598127506966e+02
1.413515584835395023e-01 1.864130527450662669e+02
1.453197524236895799e-01 1.757563419909004381e+02
1.493993463605258198e-01 1.650006575183956272e+02
1.535934676510897212e-01 1.546917553858193628e+02
1.579053314474175851e-01 1.453192918575413728e+02
1.623382431612278298e-01 1.372305153551699846e+02
1.668956009978024568e-01 1.305792115372439923e+02
1.715808985610006165e-01 1.252918437290698250e+02
1.763977275314044801e-01 1.210731403359731928e+02
1.813497804196496366e-01 1.174668588724798042e+02
1.864408533970486059e-01 1.139449139504622224e+02
1.916748492056815356e-01 1.100207571954424566e+02
1.970557801501798822e-01 1.053852849187686473e+02
2.025877711735017406e-01 9.999952137981235012e+01
2.082750630190516594e-01 9.409691188465350820e+01
2.141220154815729193e-01 8.811118846600379584e+01
2.201331107493031680e-01 8.252392486049549802e+01
2.263129568399529223e-01 7.770026680610075687e+01
2.326662911331459360e-01 7.378400073843413054e+01
2.391979840020238557e-01 7.065369899833117984e+01
2.459130425468044889e-01 6.798011284300325485e+01
2.528166144331501219e-01 6.535392486627421249e+01
2.599139918382933900e-01 6.244888271100693089e+01
2.672106155079435608e-01 5.916098476677821338e+01
2.747120789270811603e-01 5.563738357813566893e+01
2.824241326078435477e-01 5.218642327983958040e+01
2.903526884977813416e-01 4.910051790991055753e+01
2.985038245118734057e-01 4.651174168770083384e+01
3.068837891917643446e-01 4.433429423936239289e+01
3.154990064958086982e-01 4.233701315516464092e+01
3.243560807235809640e-01 4.028758696178618237e+01
3.334618015786366407e-01 3.809494059986839432e+01
3.428231493733970847e-01 3.584668328411410698e+01
3.524473003801584237e-01 3.372045205139959734e+01
3.623416323323152555e-01 3.184206407065138933e+01
3.725137300800212548e-01 3.019853168787916431e+01
3.829713914046279921e-01 2.866996184281573434e+01
3.937226329963477989e-01 2.714071952003562416e+01
4.047756965997323930e-01 2.559178694954193745e+01
4.161390553316708374e-01 2.409519284738302147e+01
4.278214201767614466e-01 2.272575906186541772e+01
4.398317466650228380e-01 2.148646648588105279e+01
4.521792417370701922e-01 2.031923558273377850e+01
4.648733708020256206e-01 1.917598362221059816e+01
4.779238649935594330e-01 1.806428937151272862e+01
4.913407286296365140e-01 1.702060903384189317e+01
5.051342468816764075e-01 1.605686105102819283e+01
5.193149936590210070e-01 1.515006438354406804e+01
5.338938397147356962e-01 1.427823952009380015e+01
5.488819609789672427e-01 1.344525774723712175e+01
5.642908471262538805e-01 1.266387870177770836e+01
5.801323103833373462e-01 1.193182190798881415e+01
5.964184945842465613e-01 1.123721592227678734e+01
6.131618844795774237e-01 1.057660798557465220e+01
6.303753153071274262e-01 9.953964293872898494e+00
6.480719826311974741e-01 9.368426264554921445e+00
6.662654524581153037e-01 8.814920290270473302e+00
6.849696716357442927e-01 8.290986431228498432e+00
7.041989785449285222e-01 7.797551848981425060e+00
7.239681140910878554e-01 7.332400969590480599e+00
7.442922330043759693e-01 6.893276529930939311e+00
7.651869154570819509e-01 6.479271883548156197e+00
7.866681790071589075e-01 6.089071083171500476e+00
8.087524908770455934e-01 5.721223059842948544e+00
8.314567805772061782e-01 5.374587877497383204e+00
8.547984528840417706e-01 5.048084783585239599e+00
8.787954011821322853e-01 4.740525321213927334e+00
9.034660211810530139e-01 4.450939571072254353e+00
9.288292250172494047e-01 4.178350598855906206e+00
9.549044557518088228e-01 3.921797960583478293e+00
9.817117022752195332e-01 3.680385504547459607e+00
1.009271514630570854e+00 3.453264436484551947e+00
1.037605019766912440e+00 3.239615083271520923e+00
1.066733937734857918e+00 3.038675134518154852e+00
1.096680598336868151e+00 2.849734998014747944e+00
1.127467958244945612e+00 2.672123361175299028e+00
1.159119618598886126e+00 2.505197686755178843e+00
1.191659843098559213e+00 2.348347437487321443e+00
1.225113576604118126e+00 2.200992534095920217e+00
1.259506464258359104e+00 2.062571438712226701e+00
1.294864871145904983e+00 1.932559946611558388e+00
1.331215902504307769e+00 1.810473120282443782e+00
1.368587424502517580e+00 1.695853335086305869e+00
1.407008085602686087e+00 1.588271464755587559e+00
1.446507338521646480e+00 1.487311191114592424e+00
1.487115462808953126e+00 1.392561020596701393e+00
1.528863588058731571e+00 1.303846974103697098e+00
1.571783717773163280e+00 1.220784516251160801e+00
1.615908753895917815e+00 1.143013608742749154e+00
1.661272522034291654e+00 1.070197149766544786e+00
1.707909797389428608e+00 1.002019512810723434e+00
1.755856331414468618e+00 9.381851785649623077e-01
1.805148879221108116e+00 8.784174539774993740e-01
1.855825227755520057e+00 8.224572729155342765e-01
1.907924224765265908e+00 7.700620732303714577e-01
1.961485808579430667e+00 7.210047453598943390e-01
2.016551038724745393e+00 6.750726479110322753e-01
2.073162127401231736e+00 6.320666859552156458e-01
2.131362471841438122e+00 5.918004480416459989e-01
2.191196687578147895e+00 5.540993981877220254e-01
2.252710642645982198e+00 5.188001193442656200e-01
2.315951492743154372e+00 4.857496050563085421e-01
2.380967717380357840e+00 4.548045962491117367e-01
2.447809157044444017e+00 4.258309602646812020e-01
2.516527051405392790e+00 3.987031094571852896e-01
2.587174078595922744e+00 3.733034568271452747e-01
2.659804395593756698e+00 3.495219063348213306e-01
2.734473679737583041e+00 3.272553756835293592e-01
2.811239171408464355e+00 3.064073495043719841e-01
2.890159717909508874e+00 2.868874610056391106e-01
2.971295818577336600e+00 2.686111002735193654e-01
3.054709671159970164e+00 2.514990475262786629e-01
3.140465219496751281e+00 2.354771297322330870e-01
3.228628202536729219e+00 2.204758991031053883e-01
3.319266204733191561e+00 2.064303320691819044e-01
3.412448707852890450e+00 1.932795474314612238e-01
3.508247144239789783e+00 1.809665424691118407e-01
3.606734951574031900e+00 1.694379458583838427e-01
3.707987629168172372e+00 1.586437863319891395e-01
3.812082795843888317e+00 1.485372760761931032e-01
3.919100249433401739e+00 1.390746079267419777e-01
4.029122027951350660e+00 1.302147654845610958e-01
4.142232472483896366e+00 1.219193453281623846e-01
4.258518291843413017e+00 1.141523905521306115e-01
4.378068629038172510e+00 1.068802349101537763e-01
4.500975129608047354e+00 1.000713568870278958e-01
4.627332011878690032e+00 9.369624306710366834e-02
4.757236139187885904e+00 8.772726020693918936e-02
4.890787094139594338e+00 8.213853545765135988e-02
5.028087254942479767e+00 7.690584421778379198e-02
5.169241873891597727e+00 7.200650513058404201e-02
5.314359158053243881e+00 6.741928177055045435e-02
5.463550352214879169e+00 6.312429059310478707e-02
5.616929824163807261e+00 5.910291474839310388e-02
5.774615152359817039e+00 5.533772338563736071e-02
5.936727216069127344e+00 5.181239609825796094e-02
6.103390288028621491e+00 4.851165218227124903e-02
6.274732129711575013e+00 4.542118440132877216e-02
6.450884089267698407e+00 4.252759697129988858e-02
6.631981202212673843e+00 3.981834749558856024e-02
6.818162294944477786e+00 3.728169259950032260e-02
7.009570091165615580e+00 3.490663702800891194e-02
7.206351321293055889e+00 3.268288598628414643e-02
7.408656834939563396e+00 3.060080051639903903e-02
7.616641716552886798e+00 2.865135571679396434e-02
7.830465404301192756e+00 2.682610162339837262e-02
8.050291812295983007e+00 2.511712658284720456e-02
8.276289456246344045e+00 2.351702295903142226e-02
8.508631582640587609e+00 2.201885502433610642e-02
8.747496301554422260e+00 2.061612889638899868e-02
8.993066723187620681e+00 1.930276439000899388e-02
9.245531098233566780e+00 1.807306866234529436e-02
9.505082962189515428e+00 1.692171153697096322e-02
9.771921283717999174e+00 1.584370239997185195e-02
1.004625061717340628e+01 1.483436856788587603e-02
1.032828125941029640e+01 1.388933503372742975e-02
1.061822941099384643e+01 1.300450550330510720e-02
1.091631734193614811e+01 1.217604463963365725e-02
1.122277356208507015e+01 1.140036143847777093e-02
1.153783299629661485e+01 1.067409366296815341e-02
1.186173716452478821e+01 9.994093269820940664e-03
1.219473436696737778e+01 9.357412763989741977e-03
1.253707987440921379e+01 8.761292422603829053e-03
1.288903612390893194e+01 8.203148332814042334e-03
1.325087291997952832e+01 7.680561191695839569e-03
1.362286764141645712e+01 7.191265819662155494e-03
1.400530545393221082e+01 6.733141341931406579e-03
1.439847952876007753e+01 6.304201995491763404e-03
1.480269126739508501e+01 5.902588521714001273e-03
1.521825053264387861e+01 5.526560107303814078e-03
1.564547588616096618e+01 5.174486838661228848e-03
1.608469483265355748e+01 4.844842636940191807e-03
1.653624407094179460e+01 4.536198643184978334e-03
1.700046975206718614e+01 4.247217024870989129e-03
1.747772774464680978e+01 3.976645177004075465e-03
1.796838390767719673e+01 3.723310292642774671e-03
1.847281437099635681e+01 3.486114279309112090e-03
1.899140582361934904e+01 3.264028999252920407e-03
1.952455581016860364e+01 3.056091812938339838e-03
2.007267303562567662e+01 2.861401406435557047e-03
2.063617767863859598e+01 2.679113884631377594e-03
2.121550171362450854e+01 2.508439113324479903e-03
2.181108924191518383e+01 2.348637294349980361e-03
2.242339683219847757e+01 2.199015758888009202e-03
2.305289387051708516e+01 2.058925965056749435e-03
2.370006292009328064e+01 1.927760686775850749e-03
2.436540009125468131e+01 1.804951381715209089e-03
2.504941542174504221e+01 1.689965726920359713e-03
2.575263326771200667e+01 1.582305311432530368e-03
2.647559270567065681e+01 1.481503475901901337e-03
2.721884794575180422e+01 1.387123289829773551e-03
2.798296875655116978e+01 1.298755657671896071e-03
2.876854090190592217e+01 1.216017545593771777e-03
2.957616658993256564e+01 1.138550321191720031e-03
3.040646493467068723e+01 1.066018198983138083e-03
3.126007243068703190e+01 9.981067849278630645e-04
3.213764344100275139e+01 9.345217136717881221e-04
3.303985069871860247e+01 8.749873726058024709e-04
3.396738582272208617e+01 8.192457072094224465e-04
3.492095984787270169e+01 7.670551025008195663e-04
3.590130377007073292e+01 7.181893357448351908e-04
3.690916910662779316e+01 6.724365958794421404e-04
3.794532847236938977e+01 6.295985654103104616e-04
3.901057617190990356e+01 5.894895607939052437e-04
4.010572880855499989e+01 5.519357275830611082e-04
4.123162591029752377e+01 5.167742868463579822e-04
4.238913057338778145e+01 4.838528295948597694e-04
4.357913012397032304e+01 4.530286561578801053e-04
4.480253679829492341e+01 4.241681576442621142e-04
4.606028844202401018e+01 3.971462368080885688e-04
4.735334922917113687e+01 3.718457658085357683e-04
4.868271040122284887e+01 3.481570785135042179e-04
5.004939102700954123e+01 3.259774951463918508e-04
5.145443878390924652e+01 3.052108772155677496e-04
5.289893076098154978e+01 2.857672107973662466e-04
5.438397428464800498e+01 2.675622163663209075e-04
5.591070776755292115e+01 2.505169834814293772e-04
5.748030158125349942e+01 2.345576287449771004e-04
5.909395895340973937e+01 2.196149755513278183e-04
6.075291689016074059e+01 2.056242542375341642e-04
6.245844712439613744e+01 1.925248213360578021e-04
6.421185709064765490e+01 1.802598967126858994e-04
6.601449092734890201e+01 1.687763174502553577e-04
6.786773050723294887e+01 1.580243074113815780e-04
6.977299649665530978e+01 1.479572614813503726e-04
7.173174944465618807e+01 1.385315435559629407e-04
7.374549090259552031e+01 1.297062973987027725e-04
7.581576457522108115e+01 1.214432695473750167e-04
7.794415750404954224e+01 1.137066435025989840e-04
8.013230128396889995e+01 1.064628844794355590e-04
8.238187331399603863e+01 9.968059404921728235e-05
8.469459808314594795e+01 9.333037404151996836e-05
8.707224849239922548e+01 8.738469911635145530e-05
8.951664721378301692e+01 8.181779745421571880e-05
9.202966808760409378e+01 7.660553904689769726e-05
9.461323755890775544e+01 7.172533110475947705e-05
9.726933615426175095e+01 6.715602012718575799e-05
9.999999999999995737e+01 6.287780021169833765e-05
