1.000000000000000048e-04 2.538435932453470656e+01
1.028073223830865281e-04 2.607265262929792371e+01
1.056934553557988362e-04 2.677959460758613019e+01
1.086606113854597351e-04 2.750568864330955421e+01
1.117110650504824041e-04 2.825144907771018765e+01
1.148471547840289439e-04 2.901740655771380872e+01
1.180712846666190141e-04 2.980410771676610082e+01
1.213859262690628250e-04 3.061211555872579382e+01
1.247936205471311189e-04 3.144200584397946230e+01
1.282969797894147957e-04 3.229436224776401332e+01
1.318986896198670199e-04 3.316978845403693299e+01
1.356015110565633925e-04 3.406891281079951028e+01
1.394082826282578376e-04 3.499237649345470658e+01
1.433219225503574155e-04 3.594083353910750844e+01
1.473454309619835539e-04 3.691495578754128104e+01
1.514818922258346051e-04 3.791543319094410691e+01
1.557344772926134557e-04 3.894297385074922602e+01
1.601064461318317826e-04 3.999830461868072717e+01
1.646011502308550778e-04 4.108217168630886107e+01
1.692220351641037391e-04 4.219534259424309397e+01
1.739726432343801689e-04 4.333860755719738478e+01
1.788566161883461665e-04 4.451277589679693847e+01
1.838776980082327715e-04 4.571867593141352870e+01
1.890397377819221208e-04 4.695715321340544790e+01
1.943466926536020897e-04 4.822907533851973483e+01
1.998026308572550618e-04 4.953534420218597489e+01
2.054117348353064979e-04 5.087688397732592449e+01
2.111783044448243749e-04 5.225462909908834064e+01
2.171067602537265953e-04 5.366954242126399777e+01
2.232016469295233991e-04 5.512262203855937059e+01
2.294676367231936914e-04 5.661488867705359240e+01
2.359095330508635614e-04 5.814738502744996396e+01
2.425322741760353111e-04 5.972117601700053768e+01
2.493409369951879494e-04 6.133735315166206448e+01
2.563407409296515377e-04 6.299704467164590227e+01
2.635370519267394326e-04 6.470140838850093701e+01
2.709353865732051759e-04 6.645162539247752420e+01
2.785414163241767813e-04 6.824890729756261010e+01
2.863609718508116210e-04 7.009449867308975968e+01
2.944000475100034728e-04 7.198967050313680716e+01
3.026648059395691654e-04 7.393572113639007171e+01
3.111615827824361444e-04 7.593398591953909715e+01
3.198968915434537695e-04 7.798583669892606451e+01
3.288774285825511105e-04 8.009268131583117167e+01
3.381100782480684795e-04 8.225595781960818442e+01
3.476019181541978613e-04 8.447712424319840352e+01
3.573602246065787046e-04 8.675768071757069322e+01
3.673924781802075296e-04 8.909917883545755046e+01
3.777063694539367416e-04 9.150319862650752611e+01
3.883098049059605528e-04 9.397134812691358263e+01
3.992109129748052884e-04 9.650527765053033136e+01
4.104180502904709654e-04 9.910667657060125180e+01
4.219398080805026588e-04 1.017772596957702973e+02
4.337850187558990231e-04 1.045187853631436070e+02
4.459627626819093779e-04 1.073330764998671327e+02
4.584823751389095932e-04 1.102219802227741212e+02
4.713534534786909978e-04 1.131873490168680121e+02
4.845858644816496185e-04 1.162311024359320157e+02
4.981897519205162042e-04 1.193552290341253865e+02
5.121755443364240474e-04 1.225617277901828430e+02
5.265539630332758715e-04 1.258526231425509962e+02
5.413360302965379654e-04 1.292299966872680272e+02
5.565330778427647921e-04 1.326959736071431166e+02
5.721567555063251324e-04 1.362527073969252740e+02
5.882190401699957617e-04 1.399023983358271721e+02
6.047322449462647380e-04 1.436473000858877356e+02
6.217090286163829381e-04 1.474896940312810045e+02
6.391624053344003523e-04 1.514318884605602875e+02
6.571057546036271476e-04 1.554762443801589029e+02
6.755528315331644270e-04 1.596251697536777101e+02
6.945177773823697038e-04 1.638810985246162772e+02
7.140151304013400355e-04 1.682464955538225126e+02
7.340598369757211656e-04 1.727238496707970796e+02
7.546672630843890076e-04 1.773157025420206594e+02
7.758532060787837713e-04 1.820246619287571832e+02
7.976339067929278130e-04 1.868533399321962634e+02
8.200260619934130737e-04 1.918043483204971267e+02
8.430468371788971344e-04 1.968803512383634313e+02
8.667138797389231696e-04 2.020840578056632921e+02
8.910453324821514341e-04 2.074181987523961652e+02
9.160598475443706154e-04 2.128855282120707102e+02
9.417766006869523988e-04 2.184888139747462219e+02
9.682153059967085751e-04 2.242308444445809812e+02
9.953962309984236857e-04 2.301144260553664651e+02
1.023340212191642049e-03 2.361423987745173179e+02
1.052068671023622922e-03 2.423176324010431699e+02
1.081603630310709867e-03 2.486429761010510902e+02
1.111967731120699519e-03 2.551212734891845173e+02
1.143184250129150028e-03 2.617553999736479113e+02
1.175277117462945366e-03 2.685482529790258468e+02
1.208270935044776636e-03 2.755027471243006971e+02
1.242190995452617476e-03 2.826217551454631689e+02
1.277063301308643990e-03 2.899080654910502517e+02
1.312914585212465604e-03 2.973646116585729260e+02
1.349772330233942573e-03 3.049944452026650765e+02
1.387664790981308705e-03 3.128000526310694909e+02
1.426621015260737648e-03 3.207839154935684292e+02
1.466670866343968349e-03 3.289507303527191198e+02
1.507845045861051347e-03 3.373046543729669224e+02
1.550175117335769997e-03 3.458452721693058152e+02
1.593693530381775150e-03 3.545733338776374239e+02
1.638433645577984637e-03 3.634936325402960620e+02
1.684429760042315850e-03 3.726098235139616008e+02
1.731717133723354026e-03 3.819238302790171247e+02
1.780332016430114135e-03 3.914381437408456463e+02
1.830311675620612021e-03 4.011555109413192213e+02
1.881694424970556086e-03 4.110776823270967384e+02
1.934519653744045872e-03 4.212064299214708285e+02
1.988827856988810081e-03 4.315449841944075615e+02
2.044660666579116784e-03 4.420961330202871409e+02
2.102060883130158625e-03 4.528612390559513869e+02
2.161072508808377368e-03 4.638417426713631926e+02
2.221740781062885202e-03 4.750393673843044553e+02
2.284112207303824749e-03 4.864559090694817769e+02
2.348234600554276272e-03 4.980930286725833867e+02
2.414157116103019234e-03 5.099514661032558820e+02
2.481930289186255051e-03 5.220317047489844526e+02
2.551606073727184613e-03 5.343347791221870011e+02
2.623237882163122550e-03 5.468613845942006719e+02
2.696880626390694112e-03 5.596114176750662637e+02
2.772590759860483686e-03 5.725847849075018985e+02
2.850426320853435488e-03 5.857814722067861339e+02
2.930446976972143555e-03 5.992007957613698181e+02
3.012714070881164757e-03 6.128415499441113070e+02
3.097290667331408388e-03 6.267025218403396138e+02
3.184241601504654226e-03 6.407822321313288967e+02
3.273633528715246682e-03 6.550785992653728727e+02
3.365534975507094694e-03 6.695892163967085935e+02
3.460016392185110562e-03 6.843114589193852453e+02
3.557150206821386215e-03 6.992421948688072462e+02
3.657010880777490907e-03 7.143777357101128018e+02
3.759674965785466966e-03 7.297141126999487142e+02
3.865221162631264206e-03 7.452469963980170178e+02
3.973730381485608698e-03 7.609713656171792309e+02
4.085285803928562741e-03 7.768816844631364802e+02
4.199972946715305709e-03 7.929720729684340768e+02
4.317879727332022029e-03 8.092360192411126718e+02
4.439096531392168997e-03 8.256661523554372479e+02
4.563716281924761094e-03 8.422546613575780157e+02
4.691834510607797992e-03 8.589933230392628047e+02
4.823549431001468782e-03 8.758730503593503727e+02
4.958962013837215146e-03 8.928839594964209709e+02
5.098176064420424994e-03 9.100155413342536121e+02
5.241298302206058926e-03 9.272566349098296996e+02
5.388438442608223244e-03 9.445953199324218303e+02
5.539709281106404079e-03 9.620188631533213766e+02
5.695226779712823234e-03 9.795135779037840393e+02
5.855110155867242032e-03 9.970650331876232713e+02
6.019481973827276768e-03 1.014658054264865541e+03
6.188468238624385796e-03 1.032276512533379673e+03
6.362198492657489789e-03 1.049903345594343818e+03
6.540805914998253610e-03 1.067520423793826694e+03
6.724427423484249239e-03 1.085108727323806534e+03
6.913203779678128193e-03 1.102648400105030078e+03
7.107279696773417810e-03 1.120118444760995772e+03
7.306803950529504668e-03 1.137496365299140507e+03
7.511929493320966197e-03 1.154759833706206564e+03
7.722813571388646714e-03 1.171886496055363068e+03
7.939617845382279313e-03 1.188846550315868626e+03
8.162508514287231468e-03 1.205608772321791776e+03
8.391656442830155299e-03 1.222169307048537803e+03
8.627237292461452031e-03 1.238522043901426059e+03
8.869431656014713575e-03 1.254610214080051719e+03
9.118425196146570655e-03 1.270382289582823660e+03
9.374408787662998066e-03 1.285822577131669732e+03
9.637578663841087079e-03 1.300900954328492844e+03
9.908136566858672528e-03 1.315567616860480257e+03
1.018628990244687879e-02 1.329817502367797942e+03
1.047225189888434729e-02 1.343650262133449814e+03
1.076624177045493527e-02 1.356870304668882909e+03
1.106848488549412070e-02 1.369305137840568705e+03
1.137921293915315074e-02 1.381177788751900380e+03
1.169866413101306943e-02 1.392639219799054899e+03
1.202708334768511945e-02 1.403493744033303983e+03
1.236472235053715993e-02 1.413584144679433621e+03
1.271183996869028332e-02 1.422865071667612710e+03
1.306870229743346996e-02 1.431429590035997080e+03
1.343558290220825575e-02 1.439410325738187794e+03
1.381276302832009847e-02 1.446548409331349376e+03
1.420053181653682141e-02 1.452536926970521336e+03
1.459918652473978819e-02 1.457513377423213342e+03
1.500903275579736421e-02 1.461551682715411971e+03
1.543038469183564444e-02 1.464378423739505251e+03
1.586356533508591002e-02 1.465953771732427185e+03
1.630890675549331870e-02 1.466555344847620972e+03
1.676675034527700184e-02 1.466142345592508491e+03
1.723744708063620554e-02 1.464474187528039920e+03
1.772135779080359283e-02 1.461627147930523734e+03
1.821885343465167589e-02 1.457718512097305847e+03
1.873031538506437013e-02 1.452507772408213896e+03
1.925613572129198509e-02 1.445815497871943990e+03
1.979671752951332395e-02 1.437761055523194273e+03
2.035247521183577296e-02 1.428409962601258030e+03
2.092383480396978190e-02 1.417717695312581554e+03
2.151123430182166549e-02 1.405671462845450606e+03
2.211512399725490061e-02 1.392287109455908649e+03
2.273596682327716154e-02 1.377579069366430076e+03
2.337423870891815886e-02 1.361565726348160979e+03
2.403042894406967958e-02 1.344276909023405324e+03
2.470504055456825693e-02 1.325750933873406893e+03
2.539859068780726467e-02 1.306034673744114571e+03
2.611161100917459149e-02 1.285185406710873167e+03
2.684464810961964890e-02 1.263269706347650072e+03
2.759826392466179640e-02 1.240363786889022549e+03
2.837303616516213128e-02 1.216554063043043470e+03
2.916955876018797328e-02 1.191936156092838473e+03
2.998844231231028931e-02 1.166614615394200428e+03
3.083031456568277942e-02 1.140703120093822918e+03
3.169582088726115993e-02 1.114322960294284258e+03
3.258562476153226140e-02 1.087602071936485345e+03
3.350040829913133317e-02 1.060674157107694782e+03
3.444087275973822804e-02 1.033677290782059117e+03
3.540773908965272332e-02 1.006751623781342687e+03
3.640174847446139839e-02 9.800384056278379603e+02
3.742366290721982347e-02 9.536775532235692481e+02
3.847426577258503816e-02 9.278052379761919610e+02
3.955436244734702317e-02 9.025516449481096970e+02
4.066478091781854792e-02 8.780391729373016005e+02
4.180637241455758407e-02 8.543787558296056659e+02
4.298001206490798670e-02 8.316681561014942190e+02
4.418659956385941057e-02 8.099887853764136025e+02
4.542705986374045990e-02 7.894034046886242777e+02
4.670234388327333674e-02 7.699534625132401970e+02
4.801342923653453137e-02 7.516569221701181505e+02
4.936132098237919208e-02 7.345051519808353078e+02
5.074705239490467923e-02 7.184621115595807623e+02
5.217168575554350513e-02 7.034621885785398945e+02
5.363631316739241039e-02 6.894084507653618630e+02
5.514205739240302800e-02 6.761737742855201532e+02
5.669007271207433807e-02 6.636040236942068304e+02
5.828154581230844677e-02 6.514943283932719851e+02
5.991769669310622465e-02 6.398257038375071488e+02
6.159977960380166873e-02 6.280105236591788298e+02
6.332908400455118658e-02 6.159967851593818295e+02
6.510693555481457395e-02 6.035262724020860787e+02
6.693469712958663442e-02 5.903648887737331279e+02
6.881376986415664587e-02 5.763035920591810282e+02
7.074559422819878818e-02 5.611717015913928890e+02
7.273165113001461846e-02 5.448536823806533675e+02
7.477346305177587360e-02 5.272964389809990280e+02
7.687259521663733497e-02 5.084828345765587869e+02
7.903065678861345700e-02 4.885887455694490882e+02
8.124930210614052239e-02 4.678214301408733036e+02
8.353023195026774983e-02 4.464706509035357271e+02
8.587519484845174134e-02 4.248916448028298305e+02
8.828598841495152727e-02 4.034865821346787129e+02
9.076446072885357985e-02 3.826762251109097974e+02
9.331251175078249249e-02 3.628694307698924604e+02
9.593209477938241525e-02 3.444351034927221917e+02
9.862521794868782388e-02 3.276711963883649901e+02
1.013939457675292477e-01 3.127793970892363404e+02
1.042404007021556500e-01 2.998482801206978365e+02
1.071667648032863795e-01 2.888395076630308722e+02
1.101752813788386687e-01 2.795823377096154445e+02
1.132682567136154145e-01 2.717760958908730800e+02
1.164480618372685794e-01 2.650083115776485556e+02
1.197171343418966943e-01 2.587812325163520200e+02
1.230779802506665743e-01 2.525562655052096659e+02
1.265331759388942934e-01 2.458148159918566762e+02
1.300853701090571579e-01 2.381287314769270154e+02
1.337372858212496074e-01 2.292342904461258968e+02
1.374917225806419896e-01 2.190840652237046413e+02
1.413515584835395023e-01 2.078656739181446085e+02
1.453197524236895799e-01 1.959825531784975396e+02
1.493993463605258198e-01 1.839890713602027859e+02
1.535934676510897212e-01 1.724937991608600498e+02
1.579053314474175851e-01 1.620427372668863768e+02
1.623382431612278298e-01 1.530230754502737227e+02
1.668956009978024568e-01 1.456063409562755737e+02
1.715808985610006165e-01 1.397105004009140146e+02
1.763977275314044801e-01 1.350063182034080285e+02
1.813497804196496366e-01 1.309850024814477933e+02
1.864408533970486059e-01 1.270577363635328680e+02
1.916748492056815356e-01 1.226819754916864582e+02
1.970557801501798822e-01 1.175130434734726634e+02
2.025877711735017406e-01 1.115075058745099028e+02
2.082750630190516594e-01 1.049256038245362106e+02
2.141220154815729193e-01 9.825105695576316123e+01
2.201331107493031680e-01 9.202079677747437358e+01
2.263129568399529223e-01 8.664202030794457698e+01
2.326662911331459360e-01 8.227507188990627185e+01
2.391979840020238557e-01 7.878453903962670779e+01
2.459130425468044889e-01 7.580327910339684649e+01
2.528166144331501219e-01 7.287486150035752530e+01
2.599139918382933900e-01 6.963550495656110684e+01
2.672106155079435608e-01 6.596922399277215732e+01
2.747120789270811603e-01 6.204014927534063162e+01
2.824241326078435477e-01 5.819204263285632805e+01
2.903526884977813416e-01 5.475100905925970807e+01
2.985038245118734057e-01 5.186431721585032761e+01
3.068837891917643446e-01 4.943628512366703376e+01
3.154990064958086982e-01 4.720915159098944969e+01
3.243560807235809640e-01 4.492387778710347845e+01
3.334618015786366407e-01 4.247890240729157796e+01
3.428231493733970847e-01 3.997191218613249220e+01
3.524473003801584237e-01 3.760099169396965380e+01
3.623416323323152555e-01 3.550643955920198636e+01
3.725137300800212548e-01 3.367377668809450597e+01
3.829713914046279921e-01 3.196929834862937270e+01
3.937226329963477989e-01 3.026406847979182047e+01
4.047756965997323930e-01 2.853688205879416628e+01
4.161390553316708374e-01 2.686806249463674590e+01
4.278214201767614466e-01 2.534103456243490271e+01
4.398317466650228380e-01 2.395912700944274931e+01
4.521792417370701922e-01 2.265757164547108005e+01
4.648733708020256206e-01 2.138274976685805839e+01
4.779238649935594330e-01 2.014312114606517312e+01
4.913407286296365140e-01 1.897933773475760333e+01
5.051342468816764075e-01 1.790467956255536919e+01
5.193149936590210070e-01 1.689352972567452582e+01
5.338938397147356962e-01 1.592137490616479667e+01
5.488819609789672427e-01 1.499253366887446148e+01
5.642908471262538805e-01 1.412123546581197964e+01
5.801323103833373462e-01 1.330493281738495170e+01
5.964184945842465613e-01 1.253039019757577321e+01
6.131618844795774237e-01 1.179376130028048308e+01
6.303753153071274262e-01 1.109946421222596946e+01
6.480719826311974741e-01 1.044654190965847640e+01
6.662654524581153037e-01 9.829335351415325661e+00
6.849696716357442927e-01 9.245108433313538043e+00
7.041989785449285222e-01 8.694890311190084375e+00
7.239681140910878554e-01 8.176211736611056935e+00
7.442922330043759693e-01 7.686552164865402048e+00
7.651869154570819509e-01 7.224903406579295861e+00
7.866681790071589075e-01 6.789798980990758182e+00
8.087524908770455934e-01 6.379619812743565710e+00
8.314567805772061782e-01 5.993093170855682494e+00
8.547984528840417706e-01 5.629015515710918294e+00
8.787954011821322853e-01 5.286063743406113957e+00
9.034660211810530139e-01 4.963152334085220829e+00
9.288292250172494047e-01 4.659193329934734784e+00
9.549044557518088228e-01 4.373117170323002512e+00
9.817117022752195332e-01 4.103923402070141613e+00
1.009271514630570854e+00 3.850665048380584654e+00
1.037605019766912440e+00 3.612429303978246686e+00
1.066733937734857918e+00 3.388365159049714137e+00
1.096680598336868151e+00 3.177681294231927467e+00
1.127467958244945612e+00 2.979630049796228697e+00
1.159119618598886126e+00 2.793494829292102466e+00
1.191659843098559213e+00 2.618594268945108272e+00
1.225113576604118126e+00 2.454281763872026900e+00
1.259506464258359104e+00 2.299931176845745107e+00
1.294864871145904983e+00 2.154958004547607775e+00
1.331215902504307769e+00 2.018821521886388748e+00
1.368587424502517580e+00 1.891011460045365355e+00
1.407008085602686087e+00 1.771049152343104449e+00
1.446507338521646480e+00 1.658470207093531767e+00
1.487115462808953126e+00 1.552816173648613463e+00
1.528863588058731571e+00 1.453892906144159669e+00
1.571783717773163280e+00 1.361271616310871124e+00
1.615908753895917815e+00 1.274550832143528156e+00
1.661272522034291654e+00 1.193354657698806331e+00
1.707909797389428608e+00 1.117331143753917067e+00
1.755856331414468618e+00 1.046150762263610590e+00
1.805148879221108116e+00 9.795049780029876363e-01
1.855825227755520057e+00 9.171049112048296204e-01
1.907924224765265908e+00 8.586800853945768530e-01
1.961485808579430667e+00 8.039772549953765335e-01
2.016551038724745393e+00 7.527593076213936474e-01
2.073162127401231736e+00 7.048042363013100609e-01
2.131362471841438122e+00 6.599041771770650655e-01
2.191196687578147895e+00 6.178645085066860609e-01
2.252710642645982198e+00 5.785030070657911638e-01
2.315951492743154372e+00 5.416490582911372975e-01
2.380967717380357840e+00 5.071429167425403062e-01
2.447809157044444017e+00 4.748350136775997266e-01
2.516527051405392790e+00 4.445853087378703883e-01
2.587174078595922744e+00 4.162626829363318959e-01
2.659804395593756698e+00 3.897443703150269001e-01
2.734473679737583041e+00 3.649154258093568748e-01
2.811239171408464355e+00 3.416682270124635212e-01
2.890159717909508874e+00 3.199020076800682122e-01
2.971295818577336600e+00 2.995224209537206694e-01
3.054709671159970164e+00 2.804411304092215840e-01
3.140465219496751281e+00 2.625754271576011267e-01
3.228628202536729219e+00 2.458478713389524728e-01
3.319266204733191561e+00 2.301859564551581305e-01
3.412448707852890450e+00 2.155217950865408183e-01
3.508247144239789783e+00 2.017918246301598495e-01
3.606734951574031900e+00 1.889365317842609526e-01
3.707987629168172372e+00 1.769001945846411239e-01
3.812082795843888317e+00 1.656306408747720282e-01
3.919100249433401739e+00 1.550790221627577625e-01
4.029122027951350660e+00 1.451996018848960845e-01
4.142232472483896366e+00 1.359495571580628392e-01
4.258518291843413017e+00 1.272887931616012991e-01
4.378068629038172510e+00 1.191797693441474376e-01
4.500975129608047354e+00 1.115873367020734086e-01
4.627332011878690032e+00 1.044785854242246959e-01
4.757236139187885904e+00 9.782270224255820712e-02
4.890787094139594338e+00 9.159083687036063959e-02
5.028087254942479767e+00 8.575597694911551994e-02
5.169241873891597727e+00 8.029283096196997149e-02
5.314359158053243881e+00 7.517771860628283398e-02
5.463550352214879169e+00 7.038846815006832847e-02
5.616929824163807261e+00 6.590432032742103707e-02
5.774615152359817039e+00 6.170583835635162773e-02
5.936727216069127344e+00 5.777482368900101195e-02
6.103390288028621491e+00 5.409423712904738724e-02
6.274732129711575013e+00 5.064812497438545696e-02
6.450884089267698407e+00 4.742154986493923169e-02
6.631981202212673843e+00 4.440052603586445296e-02
6.818162294944477786e+00 4.157195869549219075e-02
7.009570091165615580e+00 3.892358726524402374e-02
7.206351321293055889e+00 3.644393223548902938e-02
7.408656834939563396e+00 3.412224540698663433e-02
7.616641716552886798e+00 3.194846330223391484e-02
7.830465404301192756e+00 2.991316354477640410e-02
8.050291812295983007e+00 2.800752401740630101e-02
8.276289456246344045e+00 2.622328462221678799e-02
8.508631582640587609e+00 2.455271147675958457e-02
8.747496301554422260e+00 2.298856339111194844e-02
8.993066723187620681e+00 2.152406048054613871e-02
9.245531098233566780e+00 2.015285477775125705e-02
9.505082962189515428e+00 1.886900271722459846e-02
9.771921283717999174e+00 1.766693937256454475e-02
1.004625061717340628e+01 1.654145433499521617e-02
1.032828125941029640e+01 1.548766912856695648e-02
1.061822941099384643e+01 1.450101606413771275e-02
1.091631734193614811e+01 1.357721844047663634e-02
1.122277356208507015e+01 1.271227200667061734e-02
1.153783299629661485e+01 1.190242760548148801e-02
1.186173716452478821e+01 1.114417492242057543e-02
1.219473436696737778e+01 1.043422727010013748e-02
1.253707987440921379e+01 9.769507341908588438e-03
1.288903612390893194e+01 9.147133873258047471e-03
1.325087291997952832e+01 8.564409152586690069e-03
1.362286764141645712e+01 8.018807327981632496e-03
1.400530545393221082e+01 7.507963458736806664e-03
1.439847952876007753e+01 7.029663264389170510e-03
1.480269126739508501e+01 6.581833526799921001e-03
1.521825053264387861e+01 6.162533103678009307e-03
1.564547588616096618e+01 5.769944514593579495e-03
1.608469483265355748e+01 5.402366063010449748e-03
1.653624407094179460e+01 5.058204460190167395e-03
1.700046975206718614e+01 4.735967918995534834e-03
1.747772774464680978e+01 4.434259687658343753e-03
1.796838390767719673e+01 4.151771995483066920e-03
1.847281437099635681e+01 3.887280384243826763e-03
1.899140582361934904e+01 3.639638400703806235e-03
1.952455581016860364e+01 3.407772627251488048e-03
2.007267303562567662e+01 3.190678029113796187e-03
2.063617767863859598e+01 2.987413597978348656e-03
2.121550171362450854e+01 2.797098273141881974e-03
2.181108924191518383e+01 2.618907122504836749e-03
2.242339683219847757e+01 2.452067766858422298e-03
2.305289387051708516e+01 2.295857031965037060e-03
2.370006292009328064e+01 2.149597813920304905e-03
2.436540009125468131e+01 2.012656144209472309e-03
2.504941542174504221e+01 1.884438441736487882e-03
2.575263326771200667e+01 1.764388939914543096e-03
2.647559270567065681e+01 1.651987277665652350e-03
2.721884794575180422e+01 1.546746243887333391e-03
2.798296875655116978e+01 1.448209665609652462e-03
2.876854090190592217e+01 1.355950430688740178e-03
2.957616658993256564e+01 1.269568636466035906e-03
3.040646493467068723e+01 1.188689856368518568e-03
3.126007243068703190e+01 1.112963516936415782e-03
3.213764344100275139e+01 1.042061378243524551e-03
3.303985069871860247e+01 9.756761111234445128e-04
3.396738582272208617e+01 9.135199650346346751e-04
3.492095984787270169e+01 8.553235207900825639e-04
3.590130377007073292e+01 8.008345227452209674e-04
3.690916910662779316e+01 7.498167853821543225e-04
3.794532847236938977e+01 7.020491695507175955e-04
3.901057617190990356e+01 6.573246239288346336e-04
4.010572880855499989e+01 6.154492875473299230e-04
4.123162591029752377e+01 5.762416494890422068e-04
4.238913057338778145e+01 5.395317621199068915e-04
4.357913012397032304e+01 5.051605044417172875e-04
4.480253679829492341e+01 4.729788923735260228e-04
4.606028844202401018e+01 4.428474329720641367e-04
4.735334922917113687e+01 4.146355197920115199e-04
4.868271040122284887e+01 3.882208667652746188e-04
5.004939102700954123e+01 3.634889781453904496e-04
5.145443878390924652e+01 3.403326522195027374e-04
5.289893076098154978e+01 3.186515166367222089e-04
5.438397428464800498e+01 2.983515933387262723e-04
5.591070776755292115e+01 2.793448912067677268e-04
5.748030158125349942e+01 2.615490246593970007e-04
5.909395895340973937e+01 2.448868565476901293e-04
6.075291689016074059e+01 2.292861638000926708e-04
6.245844712439613744e+01 2.146793243675976779e-04
6.421185709064765490e+01 2.010030241123061999e-04
6.601449092734890201e+01 1.881979823688619577e-04
6.786773050723294887e+01 1.762086949891915398e-04
6.977299649665530978e+01 1.649831937567636199e-04
7.173174944465618807e+01 1.544728211275353048e-04
7.374549090259552031e+01 1.446320193211878317e-04
7.581576457522108115e+01 1.354181328484566245e-04
7.794415750404954224e+01 1.267912236185989115e-04
8.013230128396889995e+01 1.187138978255730426e-04
8.238187331399603863e+01 1.111511438625575887e-04
8.469459808314594795e+01 1.040701805622423206e-04
8.707224849239922548e+01 9.744031510508025505e-05
8.951664721378301692e+01 9.123280997959631704e-05
9.202966808760409378e+01 8.542075841808487711e-05
9.461323755890775544e+01 7.997896776776563642e-05
9.726933615426175095e+01 7.488385029186336200e-05
9.999999999999995737e+01 7.011332092728334887e-05
