1.000000000000000048e-04 2.849943321429480036e+01
1.028073223830865281e-04 2.927219041256287468e+01
1.056934553557988362e-04 3.006588042255221183e+01
1.086606113854597351e-04 3.088106893941922593e+01
1.117110650504824041e-04 3.171834024345596958e+01
1.148471547840289439e-04 3.257828978726501390e+01
1.180712846666190141e-04 3.346152742860552110e+01
1.213859262690628250e-04 3.436868358959045366e+01
1.247936205471311189e-04 3.530040525987389088e+01
1.282969797894147957e-04 3.625735249860814946e+01
1.318986896198670199e-04 3.724020312258625154e+01
1.356015110565633925e-04 3.824965452722999260e+01
1.394082826282578376e-04 3.928642637662812831e+01
1.433219225503574155e-04 4.035126013856353921e+01
1.473454309619835539e-04 4.144491089579638299e+01
1.514818922258346051e-04 4.256815012491676953e+01
1.557344772926134557e-04 4.372176836279957257e+01
1.601064461318317826e-04 4.490658129673936827e+01
1.646011502308550778e-04 4.612343856617014382e+01
1.692220351641037391e-04 4.737320349970130451e+01
1.739726432343801689e-04 4.865674566247474075e+01
1.788566161883461665e-04 4.997496973574535417e+01
1.838776980082327715e-04 5.132881616852805706e+01
1.890397377819221208e-04 5.271924198226955127e+01
1.943466926536020897e-04 5.414722423411305385e+01
1.998026308572550618e-04 5.561376358017014354e+01
2.054117348353064979e-04 5.711988853739924110e+01
2.111783044448243749e-04 5.866666079971195558e+01
2.171067602537265953e-04 6.025516652857586308e+01
2.232016469295233991e-04 6.188651355151812794e+01
2.294676367231936914e-04 6.356184546932708201e+01
2.359095330508635614e-04 6.528234144431461061e+01
2.425322741760353111e-04 6.704919813497309633e+01
2.493409369951879494e-04 6.886363825172345798e+01
2.563407409296515377e-04 7.072692938683758257e+01
2.635370519267394326e-04 7.264037033112944641e+01
2.709353865732051759e-04 7.460527716068030202e+01
2.785414163241767813e-04 7.662300803797300830e+01
2.863609718508116210e-04 7.869497322067616096e+01
2.944000475100034728e-04 8.082259902054076406e+01
3.026648059395691654e-04 8.300732983770370765e+01
3.111615827824361444e-04 8.525067385951956567e+01
3.198968915434537695e-04 8.755418654744102014e+01
3.288774285825511105e-04 8.991942629551978428e+01
3.381100782480684795e-04 9.234798772271958001e+01
3.476019181541978613e-04 9.484153180624677759e+01
3.573602246065787046e-04 9.740175324477145580e+01
3.673924781802075296e-04 1.000303688633108834e+02
3.777063694539367416e-04 1.027291514464392890e+02
3.883098049059605528e-04 1.054999294181970839e+02
3.992109129748052884e-04 1.083445430684203785e+02
4.104180502904709654e-04 1.112648631773287917e+02
4.219398080805026588e-04 1.142628357355983155e+02
4.337850187558990231e-04 1.173404537208210883e+02
4.459627626819093779e-04 1.204997292365242316e+02
4.584823751389095932e-04 1.237427202062839910e+02
4.713534534786909978e-04 1.270715393098997481e+02
4.845858644816496185e-04 1.304883490413302525e+02
4.981897519205162042e-04 1.339953585333611557e+02
5.121755443364240474e-04 1.375947931042285859e+02
5.265539630332758715e-04 1.412889159706315354e+02
5.413360302965379654e-04 1.450800875976484008e+02
5.565330778427647921e-04 1.489707135593988880e+02
5.721567555063251324e-04 1.529631835807835500e+02
5.882190401699957617e-04 1.570599485678168321e+02
6.047322449462647380e-04 1.612635505888150931e+02
6.217090286163829381e-04 1.655765524441590912e+02
6.391624053344003523e-04 1.700015333119905847e+02
6.571057546036271476e-04 1.745411350954338729e+02
6.755528315331644270e-04 1.791980562884081110e+02
6.945177773823697038e-04 1.839750324225999236e+02
7.140151304013400355e-04 1.888748341537601334e+02
7.340598369757211656e-04 1.939002512442703221e+02
7.546672630843890076e-04 1.990541253784771527e+02
7.758532060787837713e-04 2.043393631155759067e+02
7.976339067929278130e-04 2.097588992656940547e+02
8.200260619934130737e-04 2.153156913537169999e+02
8.430468371788971344e-04 2.210127223776808307e+02
8.667138797389231696e-04 2.268530062642656731e+02
8.910453324821514341e-04 2.328395952127966950e+02
9.160598475443706154e-04 2.389755798371357685e+02
9.417766006869523988e-04 2.452640884315324286e+02
9.682153059967085751e-04 2.517082568238930378e+02
9.953962309984236857e-04 2.583112043592195164e+02
1.023340212191642049e-03 2.650760989023679599e+02
1.052068671023622922e-03 2.720061599452711221e+02
1.081603630310709867e-03 2.791046056806578690e+02
1.111967731120699519e-03 2.863746563162316647e+02
1.143184250129150028e-03 2.938195335721462698e+02
1.175277117462945366e-03 3.014424664599547441e+02
1.208270935044776636e-03 3.092466892678083923e+02
1.242190995452617476e-03 3.172354339592538395e+02
1.277063301308643990e-03 3.254119226018926838e+02
1.312914585212465604e-03 3.337794417936119089e+02
1.349772330233942573e-03 3.423413029875757161e+02
1.387664790981308705e-03 3.511003168458456116e+02
1.426621015260737648e-03 3.600593677443717979e+02
1.466670866343968349e-03 3.692237504555102419e+02
1.507845045861051347e-03 3.785981203887987476e+02
1.550175117335769997e-03 3.881819825827273576e+02
1.593693530381775150e-03 3.979761601484849507e+02
1.638433645577984637e-03 4.079860404257296977e+02
1.684429760042315850e-03 4.182157292989207917e+02
1.731717133723354026e-03 4.286673827909757506e+02
1.780332016430114135e-03 4.393438189065615802e+02
1.830311675620612021e-03 4.502481508984927814e+02
1.881694424970556086e-03 4.613823155360200872e+02
1.934519653744045872e-03 4.727482693887357641e+02
1.988827856988810081e-03 4.843496672040706130e+02
2.044660666579116784e-03 4.961896507538627930e+02
2.102060883130158625e-03 5.082697074470690950e+02
2.161072508808377368e-03 5.205914553131790399e+02
2.221740781062885202e-03 5.331568762981017926e+02
2.284112207303824749e-03 5.459679090308295599e+02
2.348234600554276272e-03 5.590262902563842999e+02
2.414157116103019234e-03 5.723329517222712184e+02
2.481930289186255051e-03 5.858885517186652123e+02
2.551606073727184613e-03 5.996941053846549039e+02
2.623237882163122550e-03 6.137502915357384836e+02
2.696880626390694112e-03 6.280570895207388276e+02
2.772590759860483686e-03 6.426144129636401203e+02
2.850426320853435488e-03 6.574221560992043578e+02
2.930446976972143555e-03 6.724795498217499699e+02
3.012714070881164757e-03 6.877853026808417098e+02
3.097290667331408388e-03 7.033381015053681722e+02
3.184241601504654226e-03 7.191363161173895833e+02
3.273633528715246682e-03 7.351775936686241266e+02
3.365534975507094694e-03 7.514591921703495245e+02
3.460016392185110562e-03 7.679781027982681962e+02
3.557150206821386215e-03 7.847308606137152083e+02
3.657010880777490907e-03 8.017134953638214938e+02
3.759674965785466966e-03 8.189215035570840655e+02
3.865221162631264206e-03 8.363498554453382212e+02
3.973730381485608698e-03 8.539929855087051465e+02
4.085285803928562741e-03 8.718447909886734806e+02
4.199972946715305709e-03 8.898985763388790247e+02
4.317879727332022029e-03 9.081469555033847882e+02
4.439096531392168997e-03 9.265817102330209991e+02
4.563716281924761094e-03 9.451941135581946583e+02
4.691834510607797992e-03 9.639749370334699279e+02
4.823549431001468782e-03 9.829139547987840615e+02
4.958962013837215146e-03 1.002000033645989220e+03
5.098176064420424994e-03 1.021221375270902740e+03
5.241298302206058926e-03 1.040565453971679062e+03
5.388438442608223244e-03 1.060018853745077422e+03
5.539709281106404079e-03 1.079567314330641921e+03
5.695226779712823234e-03 1.099195655558566841e+03
5.855110155867242032e-03 1.118887686822474734e+03
6.019481973827276768e-03 1.138626163193782759e+03
6.188468238624385796e-03 1.158392960924978979e+03
6.362198492657489789e-03 1.178169046589810932e+03
6.540805914998253610e-03 1.197934130418806262e+03
6.724427423484249239e-03 1.217666889011881040e+03
6.913203779678128193e-03 1.237345023273723882e+03
7.107279696773417810e-03 1.256944941878068903e+03
7.306803950529504668e-03 1.276441367719400432e+03
7.511929493320966197e-03 1.295809254836484342e+03
7.722813571388646714e-03 1.315023577339626854e+03
7.939617845382279313e-03 1.334050903429701066e+03
8.162508514287231468e-03 1.352856177321478071e+03
8.391656442830155299e-03 1.371435113174782600e+03
8.627237292461452031e-03 1.389780883216783195e+03
8.869431656014713575e-03 1.407829684694820571e+03
9.118425196146570655e-03 1.425523657409298039e+03
9.374408787662998066e-03 1.442845340149340245e+03
9.637578663841087079e-03 1.459760958243025470e+03
9.908136566858672528e-03 1.476214482439212588e+03
1.018628990244687879e-02 1.492200221052229381e+03
1.047225189888434729e-02 1.507717860759703626e+03
1.076624177045493527e-02 1.522547908001631413e+03
1.106848488549412070e-02 1.536496786838450589e+03
1.137921293915315074e-02 1.549814873516248099e+03
1.169866413101306943e-02 1.562671661945928918e+03
1.202708334768511945e-02 1.574847567371983587e+03
1.236472235053715993e-02 1.586166137399095987e+03
1.271183996869028332e-02 1.596576425104150530e+03
1.306870229743346996e-02 1.606182915605325661e+03
1.343558290220825575e-02 1.615134536336940982e+03
1.381276302832009847e-02 1.623140686580537022e+03
1.420053181653682141e-02 1.629856860475826807e+03
1.459918652473978819e-02 1.635437606138297724e+03
1.500903275579736421e-02 1.639965931319451556e+03
1.543038469183564444e-02 1.643134504715654657e+03
1.586356533508591002e-02 1.644898647160311157e+03
1.630890675549331870e-02 1.645570581015271046e+03
1.676675034527700184e-02 1.645104449564219294e+03
1.723744708063620554e-02 1.643229724149211279e+03
1.772135779080359283e-02 1.640032200239989834e+03
1.821885343465167589e-02 1.635643835868738506e+03
1.873031538506437013e-02 1.629794431481957645e+03
1.925613572129198509e-02 1.622282461609046550e+03
1.979671752951332395e-02 1.613242292465075707e+03
2.035247521183577296e-02 1.602747493483562266e+03
2.092383480396978190e-02 1.590747660618933196e+03
2.151123430182166549e-02 1.577228673559834533e+03
2.211512399725490061e-02 1.562208910602121250e+03
2.273596682327716154e-02 1.545704202295127743e+03
2.337423870891815886e-02 1.527734571405354927e+03
2.403042894406967958e-02 1.508333439780567232e+03
2.470504055456825693e-02 1.487544207990139967e+03
2.539859068780726467e-02 1.465420187607769776e+03
2.611161100917459149e-02 1.442025238303200695e+03
2.684464810961964890e-02 1.417433470245867284e+03
2.759826392466179640e-02 1.391730538554842951e+03
2.837303616516213128e-02 1.365013621485953308e+03
2.916955876018797328e-02 1.337390100466909871e+03
2.998844231231028931e-02 1.308977238765537777e+03
3.083031456568277942e-02 1.279902686373322013e+03
3.169582088726115993e-02 1.250302401985326014e+03
3.258562476153226140e-02 1.220319757538542717e+03
3.350040829913133317e-02 1.190104829375983854e+03
3.444087275973822804e-02 1.159812694156208181e+03
3.540773908965272332e-02 1.129600480386057370e+03
3.640174847446139839e-02 1.099626602287375135e+03
3.742366290721982347e-02 1.070048495398732257e+03
3.847426577258503816e-02 1.041018480617332898e+03
3.955436244734702317e-02 1.012682549564168880e+03
4.066478091781854792e-02 9.851784532782181714e+02
4.180637241455758407e-02 9.586305980747163176e+02
4.298001206490798670e-02 9.331481028157179480e+02
4.418659956385941057e-02 9.088228848790876100e+02
4.542705986374045990e-02 8.857251488449106773e+02
4.670234388327333674e-02 8.639015387660178931e+02
4.801342923653453137e-02 8.433719810068545257e+02
4.936132098237919208e-02 8.241270983574266893e+02
5.074705239490467923e-02 8.061261842239985072e+02
5.217168575554350513e-02 7.892956124269059046e+02
5.363631316739241039e-02 7.735269849448534387e+02
5.514205739240302800e-02 7.586769755381370715e+02
5.669007271207433807e-02 7.445733205861906754e+02
5.828154581230844677e-02 7.309857671276041629e+02
5.991769669310622465e-02 7.178931982734892472e+02
6.159977960380166873e-02 7.046361310937244298e+02
6.332908400455118658e-02 6.911564335850414409e+02
6.510693555481457395e-02 6.771641866851387022e+02
6.693469712958663442e-02 6.623966394526657950e+02
6.881376986415664587e-02 6.466195903764133845e+02
7.074559422819878818e-02 6.296411520256623362e+02
7.273165113001461846e-02 6.113320714033183094e+02
7.477346305177587360e-02 5.916324711421273150e+02
7.687259521663733497e-02 5.705233103932857830e+02
7.903065678861345700e-02 5.482016500862695239e+02
8.124930210614052239e-02 5.249004336469769214e+02
8.353023195026774983e-02 5.009445601671084205e+02
8.587519484845174134e-02 4.767325916696252648e+02
8.828598841495152727e-02 4.527158152727403149e+02
9.076446072885357985e-02 4.293663782262472637e+02
9.331251175078249249e-02 4.071428274437743084e+02
9.593209477938241525e-02 3.864594221172307584e+02
9.862521794868782388e-02 3.676499815294363884e+02
1.013939457675292477e-01 3.509411698947118907e+02
1.042404007021556500e-01 3.364323434762308125e+02
1.071667648032863795e-01 3.240804171314477458e+02
1.101752813788386687e-01 3.136936304542549010e+02
1.132682567136154145e-01 3.049350311064745824e+02
1.164480618372685794e-01 2.973414974628798291e+02
1.197171343418966943e-01 2.903546326478756328e+02
1.230779802506665743e-01 2.833701315376299590e+02
1.265331759388942934e-01 2.758061271085109070e+02
1.300853701090571579e-01 2.671823170295285195e+02
1.337372858212496074e-01 2.572025946035408879e+02
1.374917225806419896e-01 2.458139426476430458e+02
1.413515584835395023e-01 2.332268158054607738e+02
1.453197524236895799e-01 2.198938691866251247e+02
1.493993463605258198e-01 2.064371121141152514e+02
1.535934676510897212e-01 1.935392725017415501e+02
1.579053314474175851e-01 1.818130670382584810e+02
1.623382431612278298e-01 1.716929719809150754e+02
1.668956009978024568e-01 1.633713305761817196e+02
1.715808985610006165e-01 1.567561510362831712e+02
1.763977275314044801e-01 1.514779957291360688e+02
1.813497804196496366e-01 1.469660644938186351e+02
1.864408533970486059e-01 1.425596407399598888e+02
1.916748492056815356e-01 1.376500140977157116e+02
1.970557801501798822e-01 1.318504386951302365e+02
2.025877711735017406e-01 1.251121604310675366e+02
2.082750630190516594e-01 1.177272210553665559e+02
2.141220154815729193e-01 1.102383098842090874e+02
2.201331107493031680e-01 1.032479393953019269e+02
2.263129568399529223e-01 9.721290175554737800e+01
2.326662911331459360e-01 9.231316003584612417e+01
2.391979840020238557e-01 8.839675015932624547e+01
2.459130425468044889e-01 8.505175005112450037e+01
2.528166144331501219e-01 8.176606508410465324e+01
2.599139918382933900e-01 7.813147609541076122e+01
2.672106155079435608e-01 7.401788891020298422e+01
2.747120789270811603e-01 6.960942259785849728e+01
2.824241326078435477e-01 6.529183735727605153e+01
2.903526884977813416e-01 6.143097135438486589e+01
2.985038245118734057e-01 5.819207625848523691e+01
3.068837891917643446e-01 5.546781836866525595e+01
3.154990064958086982e-01 5.296895818785170462e+01
3.243560807235809640e-01 5.040487017808128201e+01
3.334618015786366407e-01 4.766159257073301347e+01
3.428231493733970847e-01 4.484872905340758109e+01
3.524473003801584237e-01 4.218854235105183648e+01
3.623416323323152555e-01 3.983844244187822881e+01
3.725137300800212548e-01 3.778217669549631097e+01
3.829713914046279921e-01 3.586973910374997132e+01
3.937226329963477989e-01 3.395646660610820078e+01
4.047756965997323930e-01 3.201855298245847337e+01
4.161390553316708374e-01 3.014612575082775336e+01
4.278214201767614466e-01 2.843279287789636101e+01
4.398317466650228380e-01 2.688228449395188591e+01
4.521792417370701922e-01 2.542193336940834314e+01
4.648733708020256206e-01 2.399157262183696560e+01
4.779238649935594330e-01 2.260070565618024219e+01
4.913407286296365140e-01 2.129492832575125050e+01
5.051342468816764075e-01 2.008915772099695474e+01
5.193149936590210070e-01 1.895463961027326505e+01
5.338938397147356962e-01 1.786387851270059457e+01
5.488819609789672427e-01 1.682170989795332972e+01
5.642908471262538805e-01 1.584411055629822229e+01
5.801323103833373462e-01 1.492821275842122297e+01
5.964184945842465613e-01 1.405917093667647144e+01
6.131618844795774237e-01 1.323267005231977755e+01
6.303753153071274262e-01 1.245366367598318114e+01
6.480719826311974741e-01 1.172107961201416515e+01
6.662654524581153037e-01 1.102857360975687939e+01
6.849696716357442927e-01 1.037306627247743762e+01
7.041989785449285222e-01 9.755716762341478443e+00
7.239681140910878554e-01 9.173756231635991298e+00
7.442922330043759693e-01 8.624357026518227443e+00
7.651869154570819509e-01 8.106383948594077182e+00
7.866681790071589075e-01 7.618193610051147147e+00
8.087524908770455934e-01 7.157970266414023897e+00
8.314567805772061782e-01 6.724286029589788605e+00
8.547984528840417706e-01 6.315789255530332547e+00
8.787954011821322853e-01 5.930994238450855605e+00
9.034660211810530139e-01 5.568685677165405856e+00
9.288292250172494047e-01 5.227641694857000587e+00
9.549044557518088228e-01 4.906662455543139956e+00
9.817117022752195332e-01 4.604625930148871227e+00
1.009271514630570854e+00 4.320468743809324330e+00
1.037605019766912440e+00 4.053166142669177852e+00
1.066733937734857918e+00 3.801764806314470224e+00
1.096680598336868151e+00 3.565376674063537976e+00
1.127467958244945612e+00 3.343161926923444049e+00
1.159119618598886126e+00 3.134316933335182132e+00
1.191659843098559213e+00 2.938077859941719439e+00
1.225113576604118126e+00 2.753718507522266989e+00
1.259506464258359104e+00 2.580535743633183277e+00
1.294864871145904983e+00 2.417874829227184552e+00
1.331215902504307769e+00 2.265129156290524914e+00
1.368587424502517580e+00 2.121725602598344640e+00
1.407008085602686087e+00 1.987127156062840516e+00
1.446507338521646480e+00 1.860813174460731245e+00
1.487115462808953126e+00 1.742268607631251243e+00
1.528863588058731571e+00 1.631276015668276846e+00
1.571783717773163280e+00 1.527354294073223429e+00
1.615908753895917815e+00 1.430052987487984151e+00
1.661272522034291654e+00 1.338950337167327920e+00
1.707909797389428608e+00 1.253651452838606462e+00
1.755856331414468618e+00 1.173786601024576770e+00
1.805148879221108116e+00 1.099009602409962705e+00
1.855825227755520057e+00 1.028996331305041645e+00
1.907924224765265908e+00 9.634433107020836662e-01
1.961485808579430667e+00 9.020663968348240358e-01
2.016551038724745393e+00 8.445995475391100404e-01
2.073162127401231736e+00 7.907936690761019349e-01
2.131362471841438122e+00 7.404155364195075251e-01
2.191196687578147895e+00 6.932467823267683960e-01
2.252710642645982198e+00 6.490829508122620828e-01
2.315951492743154372e+00 6.077326109197368487e-01
2.380967717380357840e+00 5.690165269525717662e-01
2.447809157044444017e+00 5.327668815651694922e-01
2.516527051405392790e+00 4.988265483479251139e-01
2.587174078595922744e+00 4.670484107527383966e-01
2.659804395593756698e+00 4.372947244069150807e-01
2.734473679737583041e+00 4.094365200513608860e-01
2.811239171408464355e+00 3.833530445150679644e-01
2.890159717909508874e+00 3.589312373027609415e-01
2.971295818577336600e+00 3.360652405269395904e-01
3.054709671159970164e+00 3.146559400600851819e-01
3.140465219496751281e+00 2.946105359181270256e-01
3.228628202536729219e+00 2.758421400129677514e-01
3.319266204733191561e+00 2.582693995305007650e-01
3.412448707852890450e+00 2.418161443016270673e-01
3.508247144239789783e+00 2.264110566377787737e-01
3.606734951574031900e+00 2.119873621998304147e-01
3.707987629168172372e+00 1.984825405604492554e-01
3.812082795843888317e+00 1.858380542052986695e-01
3.919100249433401739e+00 1.739990947984335345e-01
4.029122027951350660e+00 1.629143456120572264e-01
4.142232472483896366e+00 1.525357590908787420e-01
4.258518291843413017e+00 1.428183485869068126e-01
4.378068629038172510e+00 1.337199933619429015e-01
4.500975129608047354e+00 1.252012560125438101e-01
4.627332011878690032e+00 1.172252115260708633e-01
4.757236139187885904e+00 1.097572872268572086e-01
4.890787094139594338e+00 1.027651129187312773e-01
5.028087254942479767e+00 9.621838057432811897e-02
5.169241873891597727e+00 9.008871296300370590e-02
5.314359158053243881e+00 8.434954064791108652e-02
5.463550352214879169e+00 7.897598681907493090e-02
5.616929824163807261e+00 7.394475946326521665e-02
5.774615152359817039e+00 6.923405040327419713e-02
5.936727216069127344e+00 6.482344076897546270e-02
6.103390288028621491e+00 6.069381249042374304e-02
6.274732129711575013e+00 5.682726542935617048e-02
6.450884089267698407e+00 5.320703978989659716e-02
6.631981202212673843e+00 4.981744347214692864e-02
6.818162294944477786e+00 4.664378405377506143e-02
7.009570091165615580e+00 4.367230510476935446e-02
7.206351321293055889e+00 4.089012655931160284e-02
7.408656834939563396e+00 3.828518888630692146e-02
7.616641716552886798e+00 3.584620081657373392e-02
7.830465404301192756e+00 3.356259040011440320e-02
8.050291812295983007e+00 3.142445918132085597e-02
8.276289456246344045e+00 2.942253929348476529e-02
8.508631582640587609e+00 2.754815328663574522e-02
8.747496301554422260e+00 2.579317651457868621e-02
8.993066723187620681e+00 2.415000191809446237e-02
9.245531098233566780e+00 2.261150705165454119e-02
9.505082962189515428e+00 2.117102321072466403e-02
9.771921283717999174e+00 1.982230652583793704e-02
1.004625061717340628e+01 1.855951089814274549e-02
1.032828125941029640e+01 1.737716265911281449e-02
1.061822941099384643e+01 1.627013684458045173e-02
1.091631734193614811e+01 1.523363498025111402e-02
1.122277356208507015e+01 1.426316428240922800e-02
1.153783299629661485e+01 1.335451818365946362e-02
1.186173716452478821e+01 1.250375809929091427e-02
1.219473436696737778e+01 1.170719635522942184e-02
1.253707987440921379e+01 1.096138020357812458e-02
1.288903612390893194e+01 1.026307685646055297e-02
1.325087291997952832e+01 9.609259473294532242e-03
1.362286764141645712e+01 8.997094040757814409e-03
1.400530545393221082e+01 8.423927088575835359e-03
1.439847952876007753e+01 7.887274187884856652e-03
1.480269126739508501e+01 7.384809182315927971e-03
1.521825053264387861e+01 6.914354105121136781e-03
1.564547588616096618e+01 6.473869738637242667e-03
1.608469483265355748e+01 6.061446775166104764e-03
1.653624407094179460e+01 5.675297540958188988e-03
1.700046975206718614e+01 5.313748247426197668e-03
1.747772774464680978e+01 4.975231736001240954e-03
1.796838390767719673e+01 4.658280685183649288e-03
1.847281437099635681e+01 4.361521250343952313e-03
1.899140582361934904e+01 4.083667108705348568e-03
1.952455581016860364e+01 3.823513883695232613e-03
2.007267303562567662e+01 3.579933924497820299e-03
2.063617767863859598e+01 3.351871418179451761e-03
2.121550171362450854e+01 3.138337813199817538e-03
2.181108924191518383e+01 2.938407534471989321e-03
2.242339683219847757e+01 2.751213971397926689e-03
2.305289387051708516e+01 2.575945721489336648e-03
2.370006292009328064e+01 2.411843073291620489e-03
2.436540009125468131e+01 2.258194713365915644e-03
2.504941542174504221e+01 2.114334643055438157e-03
2.575263326771200667e+01 1.979639291671650859e-03
2.647559270567065681e+01 1.853524813587173600e-03
2.721884794575180422e+01 1.735444557519521484e-03
2.798296875655116978e+01 1.624886697036106867e-03
2.876854090190592217e+01 1.521372012009786397e-03
2.957616658993256564e+01 1.424451811408530616e-03
3.040646493467068723e+01 1.333705988415403694e-03
3.126007243068703190e+01 1.248741199448662707e-03
3.213764344100275139e+01 1.169189159188809002e-03
3.303985069871860247e+01 1.094705044222281940e-03
3.396738582272208617e+01 1.024965998382290546e-03
3.492095984787270169e+01 9.596697333080786646e-04
3.590130377007073292e+01 8.985332181566650124e-04
3.690916910662779316e+01 8.412914527875280449e-04
3.794532847236938977e+01 7.876963191025231070e-04
3.901057617190990356e+01 7.375155055620960954e-04
4.010572880855499989e+01 6.905315002160351302e-04
4.123162591029752377e+01 6.465406478839929010e-04
4.238913057338778145e+01 6.053522673990629349e-04
4.357913012397032304e+01 5.667878250880491187e-04
4.480253679829492341e+01 5.306801609058255098e-04
4.606028844202401018e+01 4.968727638694137765e-04
4.735334922917113687e+01 4.652190936511040216e-04
4.868271040122284887e+01 4.355819453900188084e-04
5.004939102700954123e+01 4.078328549688560282e-04
5.145443878390924652e+01 3.818515421779445761e-04
5.289893076098154978e+01 3.575253893529724194e-04
5.438397428464800498e+01 3.347489532265076023e-04
5.591070776755292115e+01 3.134235078774019832e-04
5.748030158125349942e+01 2.934566167969633751e-04
5.909395895340973937e+01 2.747617322169880992e-04
6.075291689016074059e+01 2.572578199629168942e-04
6.245844712439613744e+01 2.408690082060148613e-04
6.421185709064765490e+01 2.255242585920707481e-04
6.601449092734890201e+01 2.111570583211008355e-04
6.786773050723294887e+01 1.977051318433574174e-04
6.977299649665530978e+01 1.851101709219699044e-04
7.173174944465618807e+01 1.733175818921575402e-04
7.374549090259552031e+01 1.622762490214931397e-04
7.581576457522108115e+01 1.519383129454866983e-04
7.794415750404954224e+01 1.422589632181050275e-04
8.013230128396889995e+01 1.331962440780235023e-04
8.238187331399603863e+01 1.247108725886912346e-04
8.469459808314594795e+01 1.167660683639268511e-04
8.707224849239922548e+01 1.093273941409788252e-04
8.951664721378301692e+01 1.023626065100045256e-04
9.202966808760409378e+01 9.584151615294511152e-05
9.461323755890775544e+01 8.973585698599298704e-05
9.726933615426175095e+01 8.401916363844105068e-05
9.999999999999995737e+01 7.866665673683840925e-05
