1.000000000000000048e-04 3.578635020065052004e+02
1.028073223830865281e-04 3.675659515671601412e+02
1.056934553557988362e-04 3.775311359825230966e+02
1.086606113854597351e-04 3.877661692534094868e+02
1.117110650504824041e-04 3.982783719505176805e+02
1.148471547840289439e-04 4.090752105365880880e+02
1.180712846666190141e-04 4.201643364952438446e+02
1.213859262690628250e-04 4.315536632341751897e+02
1.247936205471311189e-04 4.432512894751832846e+02
1.282969797894147957e-04 4.552654171782921821e+02
1.318986896198670199e-04 4.676045578975580383e+02
1.356015110565633925e-04 4.802776116916453475e+02
1.394082826282578376e-04 4.932935720565881752e+02
1.433219225503574155e-04 5.066615403207914028e+02
1.473454309619835539e-04 5.203909815111803709e+02
1.514818922258346051e-04 5.344916601237815712e+02
1.557344772926134557e-04 5.489735010405025832e+02
1.601064461318317826e-04 5.638467003960348620e+02
1.646011502308550778e-04 5.791218282635741161e+02
1.692220351641037391e-04 5.948097055653720417e+02
1.739726432343801689e-04 6.109213629724619068e+02
1.788566161883461665e-04 6.274680724878578530e+02
1.838776980082327715e-04 6.444613798020997137e+02
1.890397377819221208e-04 6.619132957816370890e+02
1.943466926536020897e-04 6.798362056858670712e+02
1.998026308572550618e-04 6.982426590531422335e+02
2.054117348353064979e-04 7.171454812173365099e+02
2.111783044448243749e-04 7.365578281347950451e+02
2.171067602537265953e-04 7.564932378438177238e+02
2.232016469295233991e-04 7.769656649634428049e+02
2.294676367231936914e-04 7.979894022743624191e+02
2.359095330508635614e-04 8.195790766265763523e+02
2.425322741760353111e-04 8.417496195943556359e+02
2.493409369951879494e-04 8.645163301485046077e+02
2.563407409296515377e-04 8.878950222296301718e+02
2.635370519267394326e-04 9.119019146601190187e+02
2.709353865732051759e-04 9.365535270836405743e+02
2.785414163241767813e-04 9.618667490660733392e+02
2.863609718508116210e-04 9.878588537708119475e+02
2.944000475100034728e-04 1.014547632035585821e+03
3.026648059395691654e-04 1.041951399771994602e+03
3.111615827824361444e-04 1.070088863208877001e+03
3.198968915434537695e-04 1.098979135756443384e+03
3.288774285825511105e-04 1.128641709593041242e+03
3.381100782480684795e-04 1.159096546581216671e+03
3.476019181541978613e-04 1.190364160397894693e+03
3.573602246065787046e-04 1.222465570989956859e+03
3.673924781802075296e-04 1.255422292811178522e+03
3.777063694539367416e-04 1.289256205109085158e+03
3.883098049059605528e-04 1.323989576655713108e+03
3.992109129748052884e-04 1.359645375463476967e+03
4.104180502904709654e-04 1.396247209800509381e+03
4.219398080805026588e-04 1.433819206452307526e+03
4.337850187558990231e-04 1.472385923092830126e+03
4.459627626819093779e-04 1.511972134935466329e+03
4.584823751389095932e-04 1.552603266971520497e+03
4.713534534786909978e-04 1.594305572384095967e+03
4.845858644816496185e-04 1.637105770397546394e+03
4.981897519205162042e-04 1.681031018484603692e+03
5.121755443364240474e-04 1.726108994878240082e+03
5.265539630332758715e-04 1.772367958658966018e+03
5.413360302965379654e-04 1.819836894839021852e+03
5.565330778427647921e-04 1.868545335472113265e+03
5.721567555063251324e-04 1.918523103229051458e+03
5.882190401699957617e-04 1.969800541693141895e+03
6.047322449462647380e-04 2.022408572554131297e+03
6.217090286163829381e-04 2.076378951918648454e+03
6.391624053344003523e-04 2.131744233884710866e+03
6.571057546036271476e-04 2.188536993063170030e+03
6.755528315331644270e-04 2.246790116392404343e+03
6.945177773823697038e-04 2.306537523340818552e+03
7.140151304013400355e-04 2.367813784090870286e+03
7.340598369757211656e-04 2.430653731014223467e+03
7.546672630843890076e-04 2.495092556897041504e+03
7.758532060787837713e-04 2.561165766140381947e+03
7.976339067929278130e-04 2.628909884022738424e+03
8.200260619934130737e-04 2.698362417282068236e+03
8.430468371788971344e-04 2.769560379610662949e+03
8.667138797389231696e-04 2.842540757769193988e+03
8.910453324821514341e-04 2.917341704121758085e+03
9.160598475443706154e-04 2.994002044523761469e+03
9.417766006869523988e-04 3.072560870953234371e+03
9.682153059967085751e-04 3.153057535356355402e+03
9.953962309984236857e-04 3.235531519814974672e+03
1.023340212191642049e-03 3.320022397950514460e+03
1.052068671023622922e-03 3.406569860621401403e+03
1.081603630310709867e-03 3.495214402832056749e+03
1.111967731120699519e-03 3.585996968007820215e+03
1.143184250129150028e-03 3.678957734736456132e+03
1.175277117462945366e-03 3.774136992516231203e+03
1.208270935044776636e-03 3.871576057619422045e+03
1.242190995452617476e-03 3.971315788176723345e+03
1.277063301308643990e-03 4.073395775834851065e+03
1.312914585212465604e-03 4.177857583721505762e+03
1.349772330233942573e-03 4.284744212977660936e+03
1.387664790981308705e-03 4.394089079948353174e+03
1.426621015260737648e-03 4.505926084435810480e+03
1.466670866343968349e-03 4.620329827621663753e+03
1.507845045861051347e-03 4.737364676562832756e+03
1.550175117335769997e-03 4.857009842749440395e+03
1.593693530381775150e-03 4.979266162821112630e+03
1.638433645577984637e-03 5.104209576951424424e+03
1.684429760042315850e-03 5.231895589852344528e+03
1.731717133723354026e-03 5.362348341250421981e+03
1.780332016430114135e-03 5.495602543620738288e+03
1.830311675620612021e-03 5.631697339562027082e+03
1.881694424970556086e-03 5.770651139313550630e+03
1.934519653744045872e-03 5.912483556346496698e+03
1.988827856988810081e-03 6.057246673727623602e+03
2.044660666579116784e-03 6.204983221511356533e+03
2.102060883130158625e-03 6.355704983606985479e+03
2.161072508808377368e-03 6.509427770655892346e+03
2.221740781062885202e-03 6.666176074375400276e+03
2.284112207303824749e-03 6.825974559725540530e+03
2.348234600554276272e-03 6.988845094078517832e+03
2.414157116103019234e-03 7.154795600368988744e+03
2.481930289186255051e-03 7.323830383057685140e+03
2.551606073727184613e-03 7.495962904374424397e+03
2.623237882163122550e-03 7.671202088905332857e+03
2.696880626390694112e-03 7.849545529747474575e+03
2.772590759860483686e-03 8.030991516500676880e+03
2.850426320853435488e-03 8.215540084751959512e+03
2.930446976972143555e-03 8.403181495482613172e+03
3.012714070881164757e-03 8.593898582428580994e+03
3.097290667331408388e-03 8.787675083734120562e+03
3.184241601504654226e-03 8.984491012633248829e+03
3.273633528715246682e-03 9.184316456387583457e+03
3.365534975507094694e-03 9.387116969325639730e+03
3.460016392185110562e-03 9.592855737772473731e+03
3.557150206821386215e-03 9.801488955533819535e+03
3.657010880777490907e-03 1.001296498282258108e+04
3.759674965785466966e-03 1.022722733193115528e+04
3.865221162631264206e-03 1.044421392671420108e+04
3.973730381485608698e-03 1.066385373645355867e+04
4.085285803928562741e-03 1.088606798165957116e+04
4.199972946715305709e-03 1.111077016479534723e+04
4.317879727332022029e-03 1.133786680988851185e+04
4.439096531392168997e-03 1.156725744186761585e+04
4.563716281924761094e-03 1.179883213579022231e+04
4.691834510607797992e-03 1.203247083247826777e+04
4.823549431001468782e-03 1.226804508098321094e+04
4.958962013837215146e-03 1.250541799214168168e+04
5.098176064420424994e-03 1.274444326362842912e+04
5.241298302206058926e-03 1.298496511583367828e+04
5.388438442608223244e-03 1.322681675401851862e+04
5.539709281106404079e-03 1.346982002737369112e+04
5.695226779712823234e-03 1.371378361686386052e+04
5.855110155867242032e-03 1.395850596030274573e+04
6.019481973827276768e-03 1.420377519978437522e+04
6.188468238624385796e-03 1.444936536499098656e+04
6.362198492657489789e-03 1.469503703334015881e+04
6.540805914998253610e-03 1.494053689310208210e+04
6.724427423484249239e-03 1.518559952194025755e+04
6.913203779678128193e-03 1.542994734940093804e+04
7.107279696773417810e-03 1.567328712480641661e+04
7.306803950529504668e-03 1.591530540520608884e+04
7.511929493320966197e-03 1.615569200492466553e+04
7.722813571388646714e-03 1.639413696379546673e+04
7.939617845382279313e-03 1.663022125860644883e+04
8.162508514287231468e-03 1.686350509232829791e+04
8.391656442830155299e-03 1.709394919870649028e+04
8.627237292461452031e-03 1.732148085203433584e+04
8.869431656014713575e-03 1.754528424996375543e+04
9.118425196146570655e-03 1.776462437024168321e+04
9.374408787662998066e-03 1.797929948596388567e+04
9.637578663841087079e-03 1.818889822217065739e+04
9.908136566858672528e-03 1.839272004045819267e+04
1.018628990244687879e-02 1.859069807938811209e+04
1.047225189888434729e-02 1.878283507811050367e+04
1.076624177045493527e-02 1.896638595496923517e+04
1.106848488549412070e-02 1.913893067135233287e+04
1.137921293915315074e-02 1.930361280290873401e+04
1.169866413101306943e-02 1.946256090480145940e+04
1.202708334768511945e-02 1.961302665150219764e+04
1.236472235053715993e-02 1.975280516422750588e+04
1.271183996869028332e-02 1.988126698168551229e+04
1.306870229743346996e-02 1.999972195583438952e+04
1.343558290220825575e-02 2.011003379855106687e+04
1.381276302832009847e-02 2.020858382511990203e+04
1.420053181653682141e-02 2.029107978314508728e+04
1.459918652473978819e-02 2.035944635073153404e+04
1.500903275579736421e-02 2.041471696466159847e+04
1.543038469183564444e-02 2.045306414725424111e+04
1.586356533508591002e-02 2.047393718690814421e+04
1.630890675549331870e-02 2.048123540799823968e+04
1.676675034527700184e-02 2.047439073999552056e+04
1.723744708063620554e-02 2.045003263873169635e+04
1.772135779080359283e-02 2.040923340709011973e+04
1.821885343465167589e-02 2.035364131986599386e+04
1.873031538506437013e-02 2.027989408042440482e+04
1.925613572129198509e-02 2.018548425819998738e+04
1.979671752951332395e-02 2.007208660345859971e+04
2.035247521183577296e-02 1.994061945227106116e+04
2.092383480396978190e-02 1.979045851543924437e+04
2.151123430182166549e-02 1.962142968088744237e+04
2.211512399725490061e-02 1.943376249950453348e+04
2.273596682327716154e-02 1.922765695439113188e+04
2.337423870891815886e-02 1.900336570349656176e+04
2.403042894406967958e-02 1.876130695073108654e+04
2.470504055456825693e-02 1.850202012850715255e+04
2.539859068780726467e-02 1.822616523775415044e+04
2.611161100917459149e-02 1.793453998547439187e+04
2.684464810961964890e-02 1.762807034146377191e+04
2.759826392466179640e-02 1.730782103823220314e+04
2.837303616516213128e-02 1.697499894166058220e+04
2.916955876018797328e-02 1.663093878830526228e+04
2.998844231231028931e-02 1.627709985525402772e+04
3.083031456568277942e-02 1.591506963259464828e+04
3.169582088726115993e-02 1.554653735127417167e+04
3.258562476153226140e-02 1.517328520387542085e+04
3.350040829913133317e-02 1.479718022499824838e+04
3.444087275973822804e-02 1.442014983213828054e+04
3.540773908965272332e-02 1.404414513483222436e+04
3.640174847446139839e-02 1.367113558015863964e+04
3.742366290721982347e-02 1.330307328715235417e+04
3.847426577258503816e-02 1.294185253041375108e+04
3.955436244734702317e-02 1.258929214625007262e+04
4.066478091781854792e-02 1.224709653098619856e+04
4.180637241455758407e-02 1.191680874282288460e+04
4.298001206490798670e-02 1.159978989591171739e+04
4.418659956385941057e-02 1.129717601426252622e+04
4.542705986374045990e-02 1.100984361760080355e+04
4.670234388327333674e-02 1.073836512464628504e+04
4.801342923653453137e-02 1.048299072057973717e+04
4.936132098237919208e-02 1.024359635251428153e+04
5.074705239490467923e-02 1.001968370195194075e+04
5.217168575554350513e-02 9.810324745398553205e+03
5.363631316739241039e-02 9.614181806864726241e+03
5.514205739240302800e-02 9.429466632057583411e+03
5.669007271207433807e-02 9.254039748452554704e+03
5.828154581230844677e-02 9.085037024830686278e+03
5.991769669310622465e-02 8.922195277573393469e+03
6.159977960380166873e-02 8.757316700951383609e+03
6.332908400455118658e-02 8.589681690127164984e+03
6.510693555481457395e-02 8.415683867725274467e+03
6.693469712958663442e-02 8.232061797618222045e+03
6.881376986415664587e-02 8.035898073425044458e+03
7.074559422819878818e-02 7.824815847966081492e+03
7.273165113001461846e-02 7.597200979221967827e+03
7.477346305177587360e-02 7.352316046913373611e+03
7.687259521663733497e-02 7.089922547015908094e+03
7.903065678861345700e-02 6.812469409588795315e+03
8.124930210614052239e-02 6.522848132202767374e+03
8.353023195026774983e-02 6.225100412219791906e+03
8.587519484845174134e-02 5.924177842794852040e+03
8.828598841495152727e-02 5.625687107382504109e+03
9.076446072885357985e-02 5.335495538628884788e+03
9.331251175078249249e-02 5.059299951183944358e+03
9.593209477938241525e-02 4.802247782183188065e+03
9.862521794868782388e-02 4.568488160171843447e+03
1.013939457675292477e-01 4.360835211949484801e+03
1.042404007021556500e-01 4.180522191871397808e+03
1.071667648032863795e-01 4.027013323662550192e+03
1.101752813788386687e-01 3.897927596711874685e+03
1.132682567136154145e-01 3.789074724254531247e+03
1.164480618372685794e-01 3.694700052604783650e+03
1.197171343418966943e-01 3.607866570037250312e+03
1.230779802506665743e-01 3.521063578682924344e+03
1.265331759388942934e-01 3.427061467807033750e+03
1.300853701090571579e-01 3.319891161092893981e+03
1.337372858212496074e-01 3.195875568719034618e+03
1.374917225806419896e-01 3.054353984169367322e+03
1.413515584835395023e-01 2.897942527497119954e+03
1.453197524236895799e-01 2.732265790006911629e+03
1.493993463605258198e-01 2.565051646696071202e+03
1.535934676510897212e-01 2.404784939380314881e+03
1.579053314474175851e-01 2.259076570077127599e+03
1.623382431612278298e-01 2.133325765788496028e+03
1.668956009978024568e-01 2.029921636306785786e+03
1.715808985610006165e-01 1.947722176306502433e+03
1.763977275314044801e-01 1.882135544639444788e+03
1.813497804196496366e-01 1.826070367050124105e+03
1.864408533970486059e-01 1.771315850455137706e+03
1.916748492056815356e-01 1.710309830622564505e+03
1.970557801501798822e-01 1.638246550276692005e+03
2.025877711735017406e-01 1.554520307929221644e+03
2.082750630190516594e-01 1.462759644564840528e+03
2.141220154815729193e-01 1.369707913882112052e+03
2.201331107493031680e-01 1.282850297316437945e+03
2.263129568399529223e-01 1.207863520329384755e+03
2.326662911331459360e-01 1.146982779066412377e+03
2.391979840020238557e-01 1.098320368435007367e+03
2.459130425468044889e-01 1.056757854071179281e+03
2.528166144331501219e-01 1.015932401048793167e+03
2.599139918382933900e-01 9.707716869498924552e+02
2.672106155079435608e-01 9.196601263412227354e+02
2.747120789270811603e-01 8.648848458751210728e+02
2.824241326078435477e-01 8.112385422931255334e+02
2.903526884977813416e-01 7.632673400039570879e+02
2.985038245118734057e-01 7.230240556954904605e+02
3.068837891917643446e-01 6.891751313153197316e+02
3.154990064958086982e-01 6.581268589957987842e+02
3.243560807235809640e-01 6.262680932666773970e+02
3.334618015786366407e-01 5.921830842598219533e+02
3.428231493733970847e-01 5.572337667586170937e+02
3.524473003801584237e-01 5.241812562072140054e+02
3.623416323323152555e-01 4.949815583424752958e+02
3.725137300800212548e-01 4.694326788176936702e+02
3.829713914046279921e-01 4.456710159971783582e+02
3.937226329963477989e-01 4.218989175680469543e+02
4.047756965997323930e-01 3.978207349163730555e+02
4.161390553316708374e-01 3.745561851398499584e+02
4.278214201767614466e-01 3.532683804809313983e+02
4.398317466650228380e-01 3.340036205977770578e+02
4.521792417370701922e-01 3.158590896575815350e+02
4.648733708020256206e-01 2.980872274382452360e+02
4.779238649935594330e-01 2.808060929321870844e+02
4.913407286296365140e-01 2.645821539216703400e+02
5.051342468816764075e-01 2.496007466371016505e+02
5.193149936590210070e-01 2.355047071619616759e+02
5.338938397147356962e-01 2.219522846758813728e+02
5.488819609789672427e-01 2.090036912404045495e+02
5.642908471262538805e-01 1.968572655719885063e+02
5.801323103833373462e-01 1.854775584686377954e+02
5.964184945842465613e-01 1.746799845761295273e+02
6.131618844795774237e-01 1.644109538277380409e+02
6.303753153071274262e-01 1.547320401784213288e+02
6.480719826311974741e-01 1.456299668002465069e+02
6.662654524581153037e-01 1.370258371928044028e+02
6.849696716357442927e-01 1.288813348130464078e+02
7.041989785449285222e-01 1.212110049156033824e+02
7.239681140910878554e-01 1.139803721147802520e+02
7.442922330043759693e-01 1.071542348760811763e+02
7.651869154570819509e-01 1.007186070694025801e+02
7.866681790071589075e-01 9.465302977943268559e+01
8.087524908770455934e-01 8.893492234890929637e+01
8.314567805772061782e-01 8.354654711070452322e+01
8.547984528840417706e-01 7.847112166012813361e+01
8.787954011821322853e-01 7.369019300203231637e+01
9.034660211810530139e-01 6.918864027793497939e+01
9.288292250172494047e-01 6.495130883925399701e+01
9.549044557518088228e-01 6.096326933532790093e+01
9.817117022752195332e-01 5.721056697588296203e+01
1.009271514630570854e+00 5.368001240929386597e+01
1.037605019766912440e+00 5.035888928271872089e+01
1.066733937734857918e+00 4.723533311813664426e+01
1.096680598336868151e+00 4.429830450679116893e+01
1.127467958244945612e+00 4.153737282646926587e+01
1.159119618598886126e+00 3.894255823308665754e+01
1.191659843098559213e+00 3.650436425667287210e+01
1.225113576604118126e+00 3.421376336024741960e+01
1.259506464258359104e+00 3.206204305136508736e+01
1.294864871145904983e+00 3.004105235958544284e+01
1.331215902504307769e+00 2.814324378289811079e+01
1.368587424502517580e+00 2.636151189699493358e+01
1.407008085602686087e+00 2.468918725141953985e+01
1.446507338521646480e+00 2.311978175840836158e+01
1.487115462808953126e+00 2.164691477703728495e+01
1.528863588058731571e+00 2.026787814266004517e+01
1.571783717773163280e+00 1.897669430663963297e+01
1.615908753895917815e+00 1.776776652557799352e+01
1.661272522034291654e+00 1.663585460176770425e+01
1.707909797389428608e+00 1.557605216912049606e+01
1.755856331414468618e+00 1.458376542611664561e+01
1.805148879221108116e+00 1.365469322359136406e+01
1.855825227755520057e+00 1.278480842104711890e+01
1.907924224765265908e+00 1.197034043067922582e+01
1.961485808579430667e+00 1.120775887345035748e+01
2.016551038724745393e+00 1.049375827636988845e+01
2.073162127401231736e+00 9.825243744647133681e+00
2.131362471841438122e+00 9.199317546613260177e+00
2.191196687578147895e+00 8.613266553263095204e+00
2.252710642645982198e+00 8.064550477972494136e+00
2.315951492743154372e+00 7.550790865415334174e+00
2.380967717380357840e+00 7.069760781951683448e+00
2.447809157044444017e+00 6.619375162799296497e+00
2.516527051405392790e+00 6.197681774147429934e+00
2.587174078595922744e+00 5.802852751037503864e+00
2.659804395593756698e+00 5.433176674330894684e+00
2.734473679737583041e+00 5.087051152420761113e+00
2.811239171408464355e+00 4.762975875532766246e+00
2.890159717909508874e+00 4.459546112507953630e+00
2.971295818577336600e+00 4.175446621879074449e+00
3.054709671159970164e+00 3.909445950847374007e+00
3.140465219496751281e+00 3.660391097448345121e+00
3.228628202536729219e+00 3.427202512769099485e+00
3.319266204733191561e+00 3.208869421554093826e+00
3.412448707852890450e+00 3.004445440915978427e+00
3.508247144239789783e+00 2.813044478160495743e+00
3.606734951574031900e+00 2.633836889944228155e+00
3.707987629168172372e+00 2.466045886116734032e+00
3.812082795843888317e+00 2.308944162659229971e+00
3.919100249433401739e+00 2.161850749125019622e+00
4.029122027951350660e+00 2.024128056916623120e+00
4.142232472483896366e+00 1.895179115605140518e+00
4.258518291843413017e+00 1.774444985312424228e+00
4.378068629038172510e+00 1.661402333939833165e+00
4.500975129608047354e+00 1.555561168741858458e+00
4.627332011878690032e+00 1.456462712411939808e+00
4.757236139187885904e+00 1.363677414474188776e+00
4.890787094139594338e+00 1.276803089361234766e+00
5.028087254942479767e+00 1.195463173107535138e+00
5.169241873891597727e+00 1.119305091101643779e+00
5.314359158053243881e+00 1.047998729822321451e+00
5.463550352214879169e+00 9.812350059341081732e-01
5.616929824163807261e+00 9.187245265399769378e-01
5.774615152359817039e+00 8.601963347838251783e-01
5.936727216069127344e+00 8.053967353655157035e-01
6.103390288028621491e+00 7.540881948775631782e-01
6.274732129711575013e+00 7.060483121968823550e-01
6.450884089267698407e+00 6.610688544686811330e-01
6.631981202212673843e+00 6.189548545038844329e-01
6.818162294944477786e+00 5.795237656776865975e-01
7.009570091165615580e+00 5.426046706660710983e-01
7.206351321293055889e+00 5.080375405904972164e-01
7.408656834939563396e+00 4.756725413594568019e-01
7.616641716552886798e+00 4.453693842001807957e-01
7.830465404301192756e+00 4.169967175653217506e-01
8.050291812295983007e+00 3.904315577787804692e-01
8.276289456246344045e+00 3.655587559527641028e-01
8.508631582640587609e+00 3.422704988653849645e-01
8.747496301554422260e+00 3.204658416353101114e-01
8.993066723187620681e+00 3.000502701678035566e-01
9.245531098233566780e+00 2.809352914755456343e-01
9.505082962189515428e+00 2.630380500984421666e-01
9.771921283717999174e+00 2.462809689597619811e-01
1.004625061717340628e+01 2.305914131018662327e-01
1.032828125941029640e+01 2.159013748439610469e-01
1.061822941099384643e+01 2.021471789971668320e-01
1.091631734193614811e+01 1.892692068591317334e-01
1.122277356208507015e+01 1.772116377918232510e-01
1.153783299629661485e+01 1.659222072623443012e-01
1.186173716452478821e+01 1.553519802979813069e-01
1.219473436696737778e+01 1.454551393735080689e-01
1.253707987440921379e+01 1.361887858113230154e-01
1.288903612390893194e+01 1.275127538335746047e-01
1.325087291997952832e+01 1.193894364602665487e-01
1.362286764141645712e+01 1.117836224986847315e-01
1.400530545393221082e+01 1.046623439175630443e-01
1.439847952876007753e+01 9.799473294441800320e-02
1.480269126739508501e+01 9.175188826662958319e-02
1.521825053264387861e+01 8.590674975630524512e-02
1.564547588616096618e+01 8.043398117591185614e-02
1.608469483265355748e+01 7.530986035625326924e-02
1.653624407094179460e+01 7.051217637076100109e-02
1.700046975206718614e+01 6.602013326039138374e-02
1.747772774464680978e+01 6.181425989181668634e-02
1.796838390767719673e+01 5.787632555818330443e-02
1.847281437099635681e+01 5.418926095660119707e-02
1.899140582361934904e+01 5.073708419983525425e-02
1.952455581016860364e+01 4.750483154148983644e-02
2.007267303562567662e+01 4.447849251440931517e-02
2.063617767863859598e+01 4.164494920114648890e-02
2.121550171362450854e+01 3.899191937326168533e-02
2.181108924191518383e+01 3.650790325298521738e-02
2.242339683219847757e+01 3.418213366647708529e-02
2.305289387051708516e+01 3.200452937261922398e-02
2.370006292009328064e+01 2.996565136503993865e-02
2.436540009125468131e+01 2.805666195795814694e-02
2.504941542174504221e+01 2.626928647850157450e-02
2.575263326771200667e+01 2.459577739945107561e-02
2.647559270567065681e+01 2.302888075694148676e-02
2.721884794575180422e+01 2.156180470755381801e-02
2.798296875655116978e+01 2.018819008850675570e-02
2.876854090190592217e+01 1.890208285333831034e-02
2.957616658993256564e+01 1.769790826359776345e-02
3.040646493467068723e+01 1.657044672467958973e-02
3.126007243068703190e+01 1.551481116105784749e-02
3.213764344100275139e+01 1.452642583285210925e-02
3.303985069871860247e+01 1.360100650190351930e-02
3.396738582272208617e+01 1.273454186138927961e-02
3.492095984787270169e+01 1.192327614848060977e-02
3.590130377007073292e+01 1.116369286467735686e-02
3.690916910662779316e+01 1.045249953325366570e-02
3.794532847236938977e+01 9.786613427744608393e-03
3.901057617190990356e+01 9.163148209612715506e-03
4.010572880855499989e+01 8.579401417174257333e-03
4.123162591029752377e+01 8.032842751554998897e-03
4.238913057338778145e+01 7.521103108899918933e-03
4.357913012397032304e+01 7.041964311296119473e-03
4.480253679829492341e+01 6.593349491896735234e-03
4.606028844202401018e+01 6.173314092569375834e-03
4.735334922917113687e+01 5.780037435047668919e-03
4.868271040122284887e+01 5.411814829050347504e-03
5.004939102700954123e+01 5.067050183159877916e-03
5.145443878390924652e+01 4.744249086431868469e-03
5.289893076098154978e+01 4.442012330746919826e-03
5.438397428464800498e+01 4.159029845827015050e-03
5.591070776755292115e+01 3.894075020627265835e-03
5.748030158125349942e+01 3.645999386488640165e-03
5.909395895340973937e+01 3.413727639005327465e-03
6.075291689016074059e+01 3.196252977028633899e-03
6.245844712439613744e+01 2.992632738603919623e-03
6.421185709064765490e+01 2.801984314924195214e-03
6.601449092734890201e+01 2.623481324589064384e-03
6.786773050723294887e+01 2.456350031586024534e-03
6.977299649665530978e+01 2.299865991467562893e-03
7.173174944465618807e+01 2.153350911186631411e-03
7.374549090259552031e+01 2.016169708979190841e-03
7.581576457522108115e+01 1.887727761549648714e-03
7.794415750404954224e+01 1.767468326626876491e-03
8.013230128396889995e+01 1.654870129718674730e-03
8.238187331399603863e+01 1.549445104604264042e-03
8.469459808314594795e+01 1.450736277770779898e-03
8.707224849239922548e+01 1.358315787623693826e-03
8.951664721378301692e+01 1.271783029885252764e-03
9.202966808760409378e+01 1.190762921142020023e-03
9.461323755890775544e+01 1.114904273014720969e-03
9.726933615426175095e+01 1.043878269903091667e-03
9.999999999999995737e+01 9.773770437073961859e-04
