1.000000000000000048e-04 1.961391734102466273e+02
1.028073223830865281e-04 2.014570351822777923e+02
1.056934553557988362e-04 2.069189296520561356e+02
1.086606113854597351e-04 2.125287490369484829e+02
1.117110650504824041e-04 2.182904837803855003e+02
1.148471547840289439e-04 2.242082233659333497e+02
1.180712846666190141e-04 2.302861686774306804e+02
1.213859262690628250e-04 2.365286614422379046e+02
1.247936205471311189e-04 2.429401512926430371e+02
1.282969797894147957e-04 2.495251622818321664e+02
1.318986896198670199e-04 2.562883591743024567e+02
1.356015110565633925e-04 2.632345714112234987e+02
1.394082826282578376e-04 2.703687213577256330e+02
1.433219225503574155e-04 2.776958303360286209e+02
1.473454309619835539e-04 2.852210892219038101e+02
1.514818922258346051e-04 2.929498467994125122e+02
1.557344772926134557e-04 3.008875919200245335e+02
1.601064461318317826e-04 3.090399407834016756e+02
1.646011502308550778e-04 3.174126103654869553e+02
1.692220351641037391e-04 3.260114832933415414e+02
1.739726432343801689e-04 3.348426339461450993e+02
1.788566161883461665e-04 3.439123042441378288e+02
1.838776980082327715e-04 3.532269008334480418e+02
1.890397377819221208e-04 3.627929631704166695e+02
1.943466926536020897e-04 3.726171862599087490e+02
1.998026308572550618e-04 3.827064592161312362e+02
2.054117348353064979e-04 3.930678616315593104e+02
2.111783044448243749e-04 4.037086692282894091e+02
2.171067602537265953e-04 4.146363119760512745e+02
2.232016469295233991e-04 4.258583568824898293e+02
2.294676367231936914e-04 4.373826393550610874e+02
2.359095330508635614e-04 4.492172594558309129e+02
2.425322741760353111e-04 4.613704104872897460e+02
2.493409369951879494e-04 4.738504498775573097e+02
2.563407409296515377e-04 4.866660524996747768e+02
2.635370519267394326e-04 4.998261232582187858e+02
2.709353865732051759e-04 5.133397227264727007e+02
2.785414163241767813e-04 5.272161451590629895e+02
2.863609718508116210e-04 5.414649434974330688e+02
2.944000475100034728e-04 5.560958548018244301e+02
3.026648059395691654e-04 5.711188135485136854e+02
3.111615827824361444e-04 5.865441011444750075e+02
3.198968915434537695e-04 6.023822844784384642e+02
3.288774285825511105e-04 6.186440418521456195e+02
3.381100782480684795e-04 6.353403169581745260e+02
3.476019181541978613e-04 6.524824697029911249e+02
3.573602246065787046e-04 6.700820524602174828e+02
3.673924781802075296e-04 6.881507155100397313e+02
3.777063694539367416e-04 7.067004670657145198e+02
3.883098049059605528e-04 7.257436923765852725e+02
3.992109129748052884e-04 7.452930227301798141e+02
4.104180502904709654e-04 7.653613595711366315e+02
4.219398080805026588e-04 7.859619151670392512e+02
4.337850187558990231e-04 8.071081520625982648e+02
4.459627626819093779e-04 8.288136692570257082e+02
4.584823751389095932e-04 8.510924570988559026e+02
4.713534534786909978e-04 8.739590108563560307e+02
4.845858644816496185e-04 8.974280064831455093e+02
4.981897519205162042e-04 9.215142852846953474e+02
5.121755443364240474e-04 9.462330544511603421e+02
5.265539630332758715e-04 9.715998655420463592e+02
5.413360302965379654e-04 9.976305317834129482e+02
5.565330778427647921e-04 1.024341181449365422e+03
5.721567555063251324e-04 1.051748296959842946e+03
5.882190401699957617e-04 1.079868654778574864e+03
6.047322449462647380e-04 1.108719287860904160e+03
6.217090286163829381e-04 1.138317539424515417e+03
6.391624053344003523e-04 1.168681060432213599e+03
6.571057546036271476e-04 1.199827723186306457e+03
6.755528315331644270e-04 1.231775683756480703e+03
6.945177773823697038e-04 1.264543541741775471e+03
7.140151304013400355e-04 1.298150199912930475e+03
7.340598369757211656e-04 1.332614679028862383e+03
7.546672630843890076e-04 1.367956341806576347e+03
7.758532060787837713e-04 1.404194970192693518e+03
7.976339067929278130e-04 1.441350451211902509e+03
8.200260619934130737e-04 1.479442757933287794e+03
8.430468371788971344e-04 1.518492277491415962e+03
8.667138797389231696e-04 1.558519760895890158e+03
8.910453324821514341e-04 1.599546189583617206e+03
9.160598475443706154e-04 1.641592709191631002e+03
9.417766006869523988e-04 1.684680437175628867e+03
9.682153059967085751e-04 1.728830777360131833e+03
9.953962309984236857e-04 1.774065544932311468e+03
1.023340212191642049e-03 1.820406693265155127e+03
1.052068671023622922e-03 1.867876253474952364e+03
1.081603630310709867e-03 1.916496214729413623e+03
1.111967731120699519e-03 1.966288607962395417e+03
1.143184250129150028e-03 2.017275701755286264e+03
1.175277117462945366e-03 2.069479916597575539e+03
1.208270935044776636e-03 2.122923733369158526e+03
1.242190995452617476e-03 2.177629547101511434e+03
1.277063301308643990e-03 2.233619533446382775e+03
1.312914585212465604e-03 2.290916439217505285e+03
1.349772330233942573e-03 2.349543260525086680e+03
1.387664790981308705e-03 2.409518678849908611e+03
1.426621015260737648e-03 2.470862038764807039e+03
1.466670866343968349e-03 2.533613559857480595e+03
1.507845045861051347e-03 2.597807837966562602e+03
1.550175117335769997e-03 2.663434557431177382e+03
1.593693530381775150e-03 2.730495014589059792e+03
1.638433645577984637e-03 2.799030499508165121e+03
1.684429760042315850e-03 2.869071112098396497e+03
1.731717133723354026e-03 2.940629932591886245e+03
1.780332016430114135e-03 3.013726049096071165e+03
1.830311675620612021e-03 3.088381164231041566e+03
1.881694424970556086e-03 3.164605894841435202e+03
1.934519653744045872e-03 3.242411370007985170e+03
1.988827856988810081e-03 3.321825642568758667e+03
2.044660666579116784e-03 3.402871807181288204e+03
2.102060883130158625e-03 3.485556691267733186e+03
2.161072508808377368e-03 3.569889398381848423e+03
2.221740781062885202e-03 3.655883750787371355e+03
2.284112207303824749e-03 3.743553310351311211e+03
2.348234600554276272e-03 3.832909897120194728e+03
2.414157116103019234e-03 3.923957899712163908e+03
2.481930289186255051e-03 4.016699796418704864e+03
2.551606073727184613e-03 4.111143053018477076e+03
2.623237882163122550e-03 4.207292704841509476e+03
2.696880626390694112e-03 4.305147690036134009e+03
2.772590759860483686e-03 4.404707104811637691e+03
2.850426320853435488e-03 4.505970762567390011e+03
2.930446976972143555e-03 4.608933555680395330e+03
3.012714070881164757e-03 4.713586493500552024e+03
3.097290667331408388e-03 4.819920302745735171e+03
3.184241601504654226e-03 4.927923653540930900e+03
3.273633528715246682e-03 5.037580824860326175e+03
3.365534975507094694e-03 5.148873414251605936e+03
3.460016392185110562e-03 5.261780876813160830e+03
3.557150206821386215e-03 5.376279250633080665e+03
3.657010880777490907e-03 5.492340837126090264e+03
3.759674965785466966e-03 5.609934668167546079e+03
3.865221162631264206e-03 5.729026329066424296e+03
3.973730381485608698e-03 5.849576948266874751e+03
4.085285803928562741e-03 5.971543710210435165e+03
4.199972946715305709e-03 6.094879975311020644e+03
4.317879727332022029e-03 6.219534699544320574e+03
4.439096531392168997e-03 6.345451672969231367e+03
4.563716281924761094e-03 6.472570382634680755e+03
4.691834510607797992e-03 6.600825962330601214e+03
4.823549431001468782e-03 6.730148420317343152e+03
4.958962013837215146e-03 6.860462672933678732e+03
5.098176064420424994e-03 6.991688172714192660e+03
5.241298302206058926e-03 7.123739073461450971e+03
5.388438442608223244e-03 7.256523601450529895e+03
5.539709281106404079e-03 7.389944394818031469e+03
5.695226779712823234e-03 7.523898070402302437e+03
5.855110155867242032e-03 7.658273965003184458e+03
6.019481973827276768e-03 7.792953734644645920e+03
6.188468238624385796e-03 7.927813309947376183e+03
6.362198492657489789e-03 8.062722648640838997e+03
6.540805914998253610e-03 8.197543240569581030e+03
6.724427423484249239e-03 8.332129514741420280e+03
6.913203779678128193e-03 8.466329023367627087e+03
7.107279696773417810e-03 8.599980309771284738e+03
7.306803950529504668e-03 8.732910157015918230e+03
7.511929493320966197e-03 8.864948197556785090e+03
7.722813571388646714e-03 8.995925545579737445e+03
7.939617845382279313e-03 9.125612827347993516e+03
8.162508514287231468e-03 9.253768614663871631e+03
8.391656442830155299e-03 9.380370406477592041e+03
8.627237292461452031e-03 9.505377359855830946e+03
8.869431656014713575e-03 9.628342260648874799e+03
9.118425196146570655e-03 9.748862136850371826e+03
9.374408787662998066e-03 9.866825850102617551e+03
9.637578663841087079e-03 9.982007433674327331e+03
9.908136566858672528e-03 1.009402256519234106e+04
1.018628990244687879e-02 1.020283392666104555e+04
1.047225189888434729e-02 1.030844208449163489e+04
1.076624177045493527e-02 1.040934119564354114e+04
1.106848488549412070e-02 1.050420378726976742e+04
1.137921293915315074e-02 1.059475346742825241e+04
1.169866413101306943e-02 1.068215696281685814e+04
1.202708334768511945e-02 1.076490577330203450e+04
1.236472235053715993e-02 1.084179004654002711e+04
1.271183996869028332e-02 1.091246483949161848e+04
1.306870229743346996e-02 1.097764867083380159e+04
1.343558290220825575e-02 1.103836346436268104e+04
1.381276302832009847e-02 1.109262245734120188e+04
1.420053181653682141e-02 1.113806942131538926e+04
1.459918652473978819e-02 1.117576109272563735e+04
1.500903275579736421e-02 1.120626417990197479e+04
1.543038469183564444e-02 1.122747509513467230e+04
1.586356533508591002e-02 1.123909099213651643e+04
1.630890675549331870e-02 1.124325456010202652e+04
1.676675034527700184e-02 1.123965354742556337e+04
1.723744708063620554e-02 1.122643556115947831e+04
1.772135779080359283e-02 1.120418978130874893e+04
1.821885343465167589e-02 1.117382196162066430e+04
1.873031538506437013e-02 1.113348416376071691e+04
1.925613572129198509e-02 1.108179800610397615e+04
1.979671752951332395e-02 1.101968324197894617e+04
2.035247521183577296e-02 1.094764489114078606e+04
2.092383480396978190e-02 1.086534113384130433e+04
2.151123430182166549e-02 1.077267451234297005e+04
2.211512399725490061e-02 1.066976786710127999e+04
2.273596682327716154e-02 1.055673242542138723e+04
2.337423870891815886e-02 1.043370917485509381e+04
2.403042894406967958e-02 1.030092635387851988e+04
2.470504055456825693e-02 1.015867850348228967e+04
2.539859068780726467e-02 1.000732726511756482e+04
2.611161100917459149e-02 9.847311738829339447e+03
2.684464810961964890e-02 9.679140912063265205e+03
2.759826392466179640e-02 9.503397504405505970e+03
2.837303616516213128e-02 9.320744361718572691e+03
2.916955876018797328e-02 9.131915771092973955e+03
2.998844231231028931e-02 8.937713282510632780e+03
3.083031456568277942e-02 8.739004558707025353e+03
3.169582088726115993e-02 8.536719910756683021e+03
3.258562476153226140e-02 8.331840532676056682e+03
3.350040829913133317e-02 8.125388185125161726e+03
3.444087275973822804e-02 7.918420487623437111e+03
3.540773908965272332e-02 7.712012955322330527e+03
3.640174847446139839e-02 7.507243514088489974e+03
3.742366290721982347e-02 7.305186916057388771e+03
3.847426577258503816e-02 7.106883085664369901e+03
3.955436244734702317e-02 6.913329597108310736e+03
4.066478091781854792e-02 6.725461981377266056e+03
4.180637241455758407e-02 6.544132303593341021e+03
4.298001206490798670e-02 6.370084811309724500e+03
4.418659956385941057e-02 6.203945587213805084e+03
4.542705986374045990e-02 6.046191863899565760e+03
4.670234388327333674e-02 5.897143896443308222e+03
4.801342923653453137e-02 5.756935115873470750e+03
4.936132098237919208e-02 5.625501065126701178e+03
5.074705239490467923e-02 5.502564658119364140e+03
5.217168575554350513e-02 5.387620860865162285e+03
5.363631316739241039e-02 5.279930541310862282e+03
5.514205739240302800e-02 5.178515200279281089e+03
5.669007271207433807e-02 5.082198882830461116e+03
5.828154581230844677e-02 4.989408242644095481e+03
5.991769669310622465e-02 4.900000134119502036e+03
6.159977960380166873e-02 4.809472193894313932e+03
6.332908400455118658e-02 4.717428125927682231e+03
6.510693555481457395e-02 4.621888877761021831e+03
6.693469712958663442e-02 4.521062359458400351e+03
6.881376986415664587e-02 4.413345778501140558e+03
7.074559422819878818e-02 4.297434689474883271e+03
7.273165113001461846e-02 4.172442679880778996e+03
7.477346305177587360e-02 4.037963887135369532e+03
7.687259521663733497e-02 3.893867295856774490e+03
7.903065678861345700e-02 3.741499647075634130e+03
8.124930210614052239e-02 3.582446540437656040e+03
8.353023195026774983e-02 3.418929877586103430e+03
8.587519484845174134e-02 3.253667380181537737e+03
8.828598841495152727e-02 3.089738795478399879e+03
9.076446072885357985e-02 2.930367416000359299e+03
9.331251175078249249e-02 2.778682822601821954e+03
9.593209477938241525e-02 2.637510007124348249e+03
9.862521794868782388e-02 2.509129423510407378e+03
1.013939457675292477e-01 2.395086420425570395e+03
1.042404007021556500e-01 2.296058670498107858e+03
1.071667648032863795e-01 2.211752466104463565e+03
1.101752813788386687e-01 2.140858944208342564e+03
1.132682567136154145e-01 2.081077532348874684e+03
1.164480618372685794e-01 2.029247785173743978e+03
1.197171343418966943e-01 1.981559178591167893e+03
1.230779802506665743e-01 1.933887318138716410e+03
1.265331759388942934e-01 1.882261177909628486e+03
1.300853701090571579e-01 1.823402470761508766e+03
1.337372858212496074e-01 1.755291235896710759e+03
1.374917225806419896e-01 1.677564937439427240e+03
1.413515584835395023e-01 1.591660048195771878e+03
1.453197524236895799e-01 1.500666032154313370e+03
1.493993463605258198e-01 1.408827341606806158e+03
1.535934676510897212e-01 1.320803939239518968e+03
1.579053314474175851e-01 1.240776491280525761e+03
1.623382431612278298e-01 1.171710298972387818e+03
1.668956009978024568e-01 1.114917784919256519e+03
1.715808985610006165e-01 1.069771182533211913e+03
1.763977275314044801e-01 1.033749415699740439e+03
1.813497804196496366e-01 1.002956870219911139e+03
1.864408533970486059e-01 9.728841601919752975e+02
1.916748492056815356e-01 9.393777482313554401e+02
1.970557801501798822e-01 8.997980388701603260e+02
2.025877711735017406e-01 8.538124322703582720e+02
2.082750630190516594e-01 8.034139330505153112e+02
2.141220154815729193e-01 7.523062106994278793e+02
2.201331107493031680e-01 7.046005013007761590e+02
2.263129568399529223e-01 6.634147144388740571e+02
2.326662911331459360e-01 6.299767131171595338e+02
2.391979840020238557e-01 6.032492354276446349e+02
2.459130425468044889e-01 5.804214348872958453e+02
2.528166144331501219e-01 5.579983678724781839e+02
2.599139918382933900e-01 5.331943481237931337e+02
2.672106155079435608e-01 5.051215566352184965e+02
2.747120789270811603e-01 4.750365696804155959e+02
2.824241326078435477e-01 4.455716263462580287e+02
2.903526884977813416e-01 4.192236873960558228e+02
2.985038245118734057e-01 3.971202939834431618e+02
3.068837891917643446e-01 3.785288919468290487e+02
3.154990064958086982e-01 3.614757771764886911e+02
3.243560807235809640e-01 3.439774964364092966e+02
3.334618015786366407e-01 3.252564016823927773e+02
3.428231493733970847e-01 3.060605355228586859e+02
3.524473003801584237e-01 2.879064852995155661e+02
3.623416323323152555e-01 2.718686681677803563e+02
3.725137300800212548e-01 2.578360712359311151e+02
3.829713914046279921e-01 2.447849673152038861e+02
3.937226329963477989e-01 2.317282118190467486e+02
4.047756965997323930e-01 2.185032652728531275e+02
4.161390553316708374e-01 2.057252663344441430e+02
4.278214201767614466e-01 1.940329653677617046e+02
4.398317466650228380e-01 1.834518025519226683e+02
4.521792417370701922e-01 1.734859239569705949e+02
4.648733708020256206e-01 1.637247550847523598e+02
4.779238649935594330e-01 1.542330665705456738e+02
4.913407286296365140e-01 1.453220959572473703e+02
5.051342468816764075e-01 1.370935765998514171e+02
5.193149936590210070e-01 1.293513097749391250e+02
5.338938397147356962e-01 1.219076284110001041e+02
5.488819609789672427e-01 1.147956014955110078e+02
5.642908471262538805e-01 1.081241826454941730e+02
5.801323103833373462e-01 1.018738677710770020e+02
5.964184945842465613e-01 9.594329250158827449e+01
6.131618844795774237e-01 9.030302173092971429e+01
6.303753153071274262e-01 8.498687506719079465e+01
6.480719826311974741e-01 7.998754118325472007e+01
6.662654524581153037e-01 7.526168950047423323e+01
6.849696716357442927e-01 7.078834999241576043e+01
7.041989785449285222e-01 6.657540187076115501e+01
7.239681140910878554e-01 6.260395214750454329e+01
7.442922330043759693e-01 5.885469704873001007e+01
7.651869154570819509e-01 5.531991840603638622e+01
7.866681790071589075e-01 5.198838757802683119e+01
8.087524908770455934e-01 4.884770904902849509e+01
8.314567805772061782e-01 4.588813289127172368e+01
8.547984528840417706e-01 4.310044280031607400e+01
8.787954011821322853e-01 4.047451252539467248e+01
9.034660211810530139e-01 3.800202631214092008e+01
9.288292250172494047e-01 3.567466311775181964e+01
9.549044557518088228e-01 3.348422227243366223e+01
9.817117022752195332e-01 3.142304654659420748e+01
1.009271514630570854e+00 2.948389005570656352e+01
1.037605019766912440e+00 2.765975365977872613e+01
1.066733937734857918e+00 2.594412925642097179e+01
1.096680598336868151e+00 2.433095673558658945e+01
1.127467958244945612e+00 2.281450994207812144e+01
1.159119618598886126e+00 2.138930176964800722e+01
1.191659843098559213e+00 2.005011668485741083e+01
1.225113576604118126e+00 1.879200445563212796e+01
1.259506464258359104e+00 1.761016549785398766e+01
1.294864871145904983e+00 1.650012944379227520e+01
1.331215902504307769e+00 1.545775440309738968e+01
1.368587424502517580e+00 1.447913418059325252e+01
1.407008085602686087e+00 1.356060481110650073e+01
1.446507338521646480e+00 1.269860561353671358e+01
1.487115462808953126e+00 1.188962899858069555e+01
1.528863588058731571e+00 1.113218899980622822e+01
1.571783717773163280e+00 1.042300242860397219e+01
1.615908753895917815e+00 9.758995254983121370e+00
1.661272522034291654e+00 9.137289282924882627e+00
1.707909797389428608e+00 8.555189674595069960e+00
1.755856331414468618e+00 8.010173269338507041e+00
1.805148879221108116e+00 7.499877646822842081e+00
1.855825227755520057e+00 7.022090886925097308e+00
1.907924224765265908e+00 6.574741981974264959e+00
1.961485808579430667e+00 6.155891859791014831e+00
2.016551038724745393e+00 5.763724978613100625e+00
2.073162127401231736e+00 5.396541457473944980e+00
2.131362471841438122e+00 5.052749707922855826e+00
2.191196687578147895e+00 4.730859535148444373e+00
2.252710642645982198e+00 4.429475678601467514e+00
2.315951492743154372e+00 4.147291764118356205e+00
2.380967717380357840e+00 3.883084641330406761e+00
2.447809157044444017e+00 3.635709081813657484e+00
2.516527051405392790e+00 3.404092814998100458e+00
2.587174078595922744e+00 3.187231880318967647e+00
2.659804395593756698e+00 2.984186275463598825e+00
2.734473679737583041e+00 2.794075881850832666e+00
2.811239171408464355e+00 2.616076649681561950e+00
2.890159717909508874e+00 2.449417026024232946e+00
2.971295818577336600e+00 2.293374610452525886e+00
3.054709671159970164e+00 2.147273023738766717e+00
3.140465219496751281e+00 2.010478976030189102e+00
3.228628202536729219e+00 1.882399521799768438e+00
3.319266204733191561e+00 1.762479489673006494e+00
3.412448707852890450e+00 1.650199075990013808e+00
3.508247144239789783e+00 1.545071591671982159e+00
3.606734951574031900e+00 1.446641352625650745e+00
3.707987629168172372e+00 1.354481704541537601e+00
3.812082795843888317e+00 1.268193173524257533e+00
3.919100249433401739e+00 1.187401734538678699e+00
4.029122027951350660e+00 1.111757190166340115e+00
4.142232472483896366e+00 1.040931652644721872e+00
4.258518291843413017e+00 9.746181226096263250e-01
4.378068629038172510e+00 9.125291583801174999e-01
4.500975129608047354e+00 8.543956300179108565e-01
4.627332011878690032e+00 7.999655527605862293e-01
4.757236139187885904e+00 7.490029947720294734e-01
4.890787094139594338e+00 7.012870544756650837e-01
5.028087254942479767e+00 6.566109030376338085e-01
5.169241873891597727e+00 6.147808878494815943e-01
5.314359158053243881e+00 5.756156931243252561e-01
5.463550352214879169e+00 5.389455539680320095e-01
5.616929824163807261e+00 5.046115205187307051e-01
5.774615152359817039e+00 4.724647689650098292e-01
5.936727216069127344e+00 4.423659564563473534e-01
6.103390288028621491e+00 4.141846171095805995e-01
6.274732129711575013e+00 3.877985964933498564e-01
6.450884089267698407e+00 3.630935221392445067e-01
6.631981202212673843e+00 3.399623077845327912e-01
6.818162294944477786e+00 3.183046891975759851e-01
7.009570091165615580e+00 2.980267895739208139e-01
7.206351321293055889e+00 2.790407126192424037e-01
7.408656834939563396e+00 2.612641615553213947e-01
7.616641716552886798e+00 2.446200823976035221e-01
7.830465404301192756e+00 2.290363299580976952e-01
8.050291812295983007e+00 2.144453551258737878e-01
8.276289456246344045e+00 2.007839120696504609e-01
8.508631582640587609e+00 1.879927840933171557e-01
8.747496301554422260e+00 1.760165269560886592e-01
8.993066723187620681e+00 1.648032285446898726e-01
9.245531098233566780e+00 1.543042838558505991e-01
9.505082962189515428e+00 1.444741843137520021e-01
9.771921283717999174e+00 1.352703205092032068e-01
1.004625061717340628e+01 1.266527975055044553e-01
1.032828125941029640e+01 1.185842619104237189e-01
1.061822941099384643e+01 1.110297399647158650e-01
1.091631734193614811e+01 1.039564859453648016e-01
1.122277356208507015e+01 9.733384022643995492e-02
1.153783299629661485e+01 9.113309638231920085e-02
1.186173716452478821e+01 8.532737675722598669e-02
1.219473436696737778e+01 7.989151596172622272e-02
1.253707987440921379e+01 7.480195179119036863e-02
1.288903612390893194e+01 7.003662309339749037e-02
1.325087291997952832e+01 6.557487414257964775e-02
1.362286764141645712e+01 6.139736510540778902e-02
1.400530545393221082e+01 5.748598821082621241e-02
1.439847952876007753e+01 5.382378926036652383e-02
1.480269126739508501e+01 5.039489413872094703e-02
1.521825053264387861e+01 4.718444000602858845e-02
1.564547588616096618e+01 4.417851087362197060e-02
1.608469483265355748e+01 4.136407728398106692e-02
1.653624407094179460e+01 3.872893983343272256e-02
1.700046975206718614e+01 3.626167629278957000e-02
1.747772774464680978e+01 3.395159209671839984e-02
1.796838390767719673e+01 3.178867398722992621e-02
1.847281437099635681e+01 2.976354661035350915e-02
1.899140582361934904e+01 2.786743187786176051e-02
1.952455581016860364e+01 2.609211091789447046e-02
2.007267303562567662e+01 2.442988844955400196e-02
2.063617767863859598e+01 2.287355942705048342e-02
2.121550171362450854e+01 2.141637780881319036e-02
2.181108924191518383e+01 2.005202731619501119e-02
2.242339683219847757e+01 1.877459405502114251e-02
2.305289387051708516e+01 1.757854088130782200e-02
2.370006292009328064e+01 1.645868340003702954e-02
2.436540009125468131e+01 1.541016749295182411e-02
2.504941542174504221e+01 1.442844827796461830e-02
2.575263326771200667e+01 1.350927040897614319e-02
2.647559270567065681e+01 1.264864963071297456e-02
2.721884794575180422e+01 1.184285550863148698e-02
2.798296875655116978e+01 1.108839525902951574e-02
2.876854090190592217e+01 1.038199860927595947e-02
2.957616658993256564e+01 9.720603622533713351e-03
3.040646493467068723e+01 9.101343425531942602e-03
3.126007243068703190e+01 8.521533781858129861e-03
3.213764344100275139e+01 7.978661456905204383e-03
3.303985069871860247e+01 7.470373324040707232e-03
3.396738582272208617e+01 6.994466164777649389e-03
3.492095984787270169e+01 6.548877118735114446e-03
3.590130377007073292e+01 6.131674741993079977e-03
3.690916910662779316e+01 5.741050635083177166e-03
3.794532847236938977e+01 5.375311604326148823e-03
3.901057617190990356e+01 5.032872322538702210e-03
4.010572880855499989e+01 4.712248457296915223e-03
4.123162591029752377e+01 4.412050236970104823e-03
4.238913057338778145e+01 4.130976426636540078e-03
4.357913012397032304e+01 3.867808687769123694e-03
4.480253679829492341e+01 3.621406297242603552e-03
4.606028844202401018e+01 3.390701202771385925e-03
4.735334922917113687e+01 3.174693393345345577e-03
4.868271040122284887e+01 2.972446564596369339e-03
5.004939102700954123e+01 2.783084060306806762e-03
5.145443878390924652e+01 2.605785072467937252e-03
5.289893076098154978e+01 2.439781083417290244e-03
5.438397428464800498e+01 2.284352534632954138e-03
5.591070776755292115e+01 2.138825707745472052e-03
5.748030158125349942e+01 2.002569804247817265e-03
5.909395895340973937e+01 1.874994211245182207e-03
6.075291689016074059e+01 1.755545941392757216e-03
6.245844712439613744e+01 1.643707235924674005e-03
6.421185709064765490e+01 1.538993320384248647e-03
6.601449092734890201e+01 1.440950303327542207e-03
6.786773050723294887e+01 1.349153208891982342e-03
6.977299649665530978e+01 1.263204134702055909e-03
7.173174944465618807e+01 1.182730527127349692e-03
7.374549090259552031e+01 1.107383566416901641e-03
7.581576457522108115e+01 1.036836654710084722e-03
7.794415750404954224e+01 9.707840003701822184e-04
8.013230128396889995e+01 9.089392925043234895e-04
8.238187331399603863e+01 8.510344599243731874e-04
8.469459808314594795e+01 7.968185091693834408e-04
8.707224849239922548e+01 7.460564365529226503e-04
8.951664721378301692e+01 6.985282095194478161e-04
9.202966808760409378e+01 6.540278128943300328e-04
9.461323755890775544e+01 6.123623558934189861e-04
9.726933615426175095e+01 5.733512360214020141e-04
9.999999999999995737e+01 5.368253562348054321e-04
