1.000000000000000048e-04 2.050428115159332521e+01
1.028073223830865281e-04 2.106025643715991080e+01
1.056934553557988362e-04 2.163129677016862118e+01
1.086606113854597351e-04 2.221780826652314644e+01
1.117110650504824041e-04 2.282020410360557605e+01
1.148471547840289439e-04 2.343891457448120264e+01
1.180712846666190141e-04 2.407438386408020392e+01
1.213859262690628250e-04 2.472706356338235523e+01
1.247936205471311189e-04 2.539741691250337752e+01
1.282969797894147957e-04 2.608592189411950812e+01
1.318986896198670199e-04 2.679306794778472778e+01
1.356015110565633925e-04 2.751935509165756955e+01
1.394082826282578376e-04 2.826529928951536519e+01
1.433219225503574155e-04 2.903143254428820796e+01
1.473454309619835539e-04 2.981829814108644072e+01
1.514818922258346051e-04 3.062645285179224075e+01
1.557344772926134557e-04 3.145647126936880156e+01
1.601064461318317826e-04 3.230894282521671101e+01
1.646011502308550778e-04 3.318446887510449272e+01
1.692220351641037391e-04 3.408366752709414271e+01
1.739726432343801689e-04 3.500717548368069032e+01
1.788566161883461665e-04 3.595564551662249642e+01
1.838776980082327715e-04 3.692974706391956374e+01
1.890397377819221208e-04 3.793017002309901642e+01
1.943466926536020897e-04 3.895762186623025514e+01
1.998026308572550618e-04 4.001281782439058787e+01
2.054117348353064979e-04 4.109649443330083329e+01
2.111783044448243749e-04 4.220942394959159571e+01
2.171067602537265953e-04 4.335239337775941237e+01
2.232016469295233991e-04 4.452619703490996983e+01
2.294676367231936914e-04 4.573165309203131557e+01
2.359095330508635614e-04 4.696960539793923317e+01
2.425322741760353111e-04 4.824092213986831723e+01
2.493409369951879494e-04 4.954649366567883817e+01
2.563407409296515377e-04 5.088722480126568115e+01
2.635370519267394326e-04 5.226404286594587489e+01
2.709353865732051759e-04 5.367790455117639681e+01
2.785414163241767813e-04 5.512979341383671539e+01
2.863609718508116210e-04 5.662071981936857412e+01
2.944000475100034728e-04 5.815170894736009899e+01
3.026648059395691654e-04 5.972380289766603312e+01
3.111615827824361444e-04 6.133808682501132381e+01
3.198968915434537695e-04 6.299567931414640753e+01
3.288774285825511105e-04 6.469770712128139678e+01
3.381100782480684795e-04 6.644532314297666176e+01
3.476019181541978613e-04 6.823972209659062571e+01
3.573602246065787046e-04 7.008212661216089145e+01
3.673924781802075296e-04 7.197378253368337653e+01
3.777063694539367416e-04 7.391596286568393737e+01
3.883098049059605528e-04 7.590996889836262085e+01
3.992109129748052884e-04 7.795713317881903492e+01
4.104180502904709654e-04 8.005882088206774938e+01
4.219398080805026588e-04 8.221643317176545906e+01
4.337850187558990231e-04 8.443140090468683923e+01
4.459627626819093779e-04 8.670517478917919618e+01
4.584823751389095932e-04 8.903924010783136112e+01
4.713534534786909978e-04 9.143512234209214284e+01
4.845858644816496185e-04 9.389438296808097562e+01
4.981897519205162042e-04 9.641861733310283000e+01
5.121755443364240474e-04 9.900943474682358669e+01
5.265539630332758715e-04 1.016684708405818043e+02
5.413360302965379654e-04 1.043974179578939783e+02
5.565330778427647921e-04 1.071980069681251422e+02
5.721567555063251324e-04 1.100719895221424594e+02
5.882190401699957617e-04 1.130211424736092596e+02
6.047322449462647380e-04 1.160472655940979081e+02
6.217090286163829381e-04 1.191522128508637763e+02
6.391624053344003523e-04 1.223378909729139679e+02
6.571057546036271476e-04 1.256062005335658398e+02
6.755528315331644270e-04 1.289590579828227703e+02
6.945177773823697038e-04 1.323984527227996182e+02
7.140151304013400355e-04 1.359264046639672188e+02
7.340598369757211656e-04 1.395449118852594097e+02
7.546672630843890076e-04 1.432560227498910024e+02
7.758532060787837713e-04 1.470618667032938731e+02
7.976339067929278130e-04 1.509645668846232240e+02
8.200260619934130737e-04 1.549662325159782483e+02
8.430468371788971344e-04 1.590690142126463513e+02
8.667138797389231696e-04 1.632751027470560246e+02
8.910453324821514341e-04 1.675867294674737309e+02
9.160598475443706154e-04 1.720061412007839579e+02
9.417766006869523988e-04 1.765355574712111206e+02
9.682153059967085751e-04 1.811772247815068226e+02
9.953962309984236857e-04 1.859334365013837669e+02
1.023340212191642049e-03 1.908064932399875318e+02
1.052068671023622922e-03 1.957986961698110804e+02
1.081603630310709867e-03 2.009123499298978004e+02
1.111967731120699519e-03 2.061497677355377505e+02
1.143184250129150028e-03 2.115132845825910124e+02
1.175277117462945366e-03 2.170052416869557419e+02
1.208270935044776636e-03 2.226279622411429955e+02
1.242190995452617476e-03 2.283837655811160516e+02
1.277063301308643990e-03 2.342749687181155025e+02
1.312914585212465604e-03 2.403039399554451165e+02
1.349772330233942573e-03 2.464730685566429997e+02
1.387664790981308705e-03 2.527843632505145024e+02
1.426621015260737648e-03 2.592398608761380956e+02
1.466670866343968349e-03 2.658432699364476548e+02
1.507845045861051347e-03 2.725978932136277990e+02
1.550175117335769997e-03 2.795035864304139750e+02
1.593693530381775150e-03 2.865610344025211589e+02
1.638433645577984637e-03 2.937738810691108142e+02
1.684429760042315850e-03 3.011450061149858470e+02
1.731717133723354026e-03 3.086760932149567793e+02
1.780332016430114135e-03 3.163691687742376644e+02
1.830311675620612021e-03 3.242263962012890488e+02
1.881694424970556086e-03 3.322492186000627612e+02
1.934519653744045872e-03 3.404391061374980154e+02
1.988827856988810081e-03 3.487986280015027774e+02
2.044660666579116784e-03 3.573299960865898584e+02
2.102060883130158625e-03 3.660343065017493700e+02
2.161072508808377368e-03 3.749127624013507898e+02
2.221740781062885202e-03 3.839668352799682793e+02
2.284112207303824749e-03 3.931979746718873798e+02
2.348234600554276272e-03 4.026074819389019126e+02
2.414157116103019234e-03 4.121960192718499343e+02
2.481930289186255051e-03 4.219640482827109622e+02
2.551606073727184613e-03 4.319123546479236779e+02
2.623237882163122550e-03 4.420414999461328875e+02
2.696880626390694112e-03 4.523515440534987988e+02
2.772590759860483686e-03 4.628424210070281219e+02
2.850426320853435488e-03 4.735139671287802230e+02
2.930446976972143555e-03 4.843656434043739409e+02
3.012714070881164757e-03 4.953965857136828390e+02
3.097290667331408388e-03 5.066057712665018471e+02
3.184241601504654226e-03 5.179919345613376436e+02
3.273633528715246682e-03 5.295534437234862253e+02
3.365534975507094694e-03 5.412883679060953455e+02
3.460016392185110562e-03 5.531944786016946409e+02
3.557150206821386215e-03 5.652692017714432495e+02
3.657010880777490907e-03 5.775096013835391204e+02
3.759674965785466966e-03 5.899124464207385472e+02
3.865221162631264206e-03 6.024741858463776225e+02
3.973730381485608698e-03 6.151908567389564269e+02
4.085285803928562741e-03 6.280580744535114945e+02
4.199972946715305709e-03 6.410709415312074952e+02
4.317879727332022029e-03 6.542241202057830378e+02
4.439096531392168997e-03 6.675118246827445319e+02
4.563716281924761094e-03 6.809278060429676316e+02
4.691834510607797992e-03 6.944653264680304119e+02
4.823549431001468782e-03 7.081170548039840469e+02
4.958962013837215146e-03 7.218750816846086309e+02
5.098176064420424994e-03 7.357308941805731592e+02
5.241298302206058926e-03 7.496754111639316989e+02
5.388438442608223244e-03 7.636989386823302084e+02
5.539709281106404079e-03 7.777911847428674719e+02
5.695226779712823234e-03 7.919412042032923864e+02
5.855110155867242032e-03 8.061373367176380498e+02
6.019481973827276768e-03 8.203671718771691985e+02
6.188468238624385796e-03 8.346176073956444270e+02
6.362198492657489789e-03 8.488748522484082741e+02
6.540805914998253610e-03 8.631242758943203626e+02
6.724427423484249239e-03 8.773505436481493689e+02
6.913203779678128193e-03 8.915376648107941264e+02
7.107279696773417810e-03 9.056686790707498176e+02
7.306803950529504668e-03 9.197253085828551775e+02
7.511929493320966197e-03 9.336894572398268792e+02
7.722813571388646714e-03 9.475430823432791385e+02
7.939617845382279313e-03 9.612621442508409473e+02
8.162508514287231468e-03 9.748214257315755731e+02
8.391656442830155299e-03 9.882175525951622603e+02
8.627237292461452031e-03 1.001445373450637589e+03
8.869431656014713575e-03 1.014459395321065017e+03
9.118425196146570655e-03 1.027218250741124621e+03
9.374408787662998066e-03 1.039709008464923727e+03
9.637578663841087079e-03 1.051907072497418994e+03
9.908136566858672528e-03 1.063772035772906293e+03
1.018628990244687879e-02 1.075299902588907571e+03
1.047225189888434729e-02 1.086490626110857647e+03
1.076624177045493527e-02 1.097186081173409775e+03
1.106848488549412070e-02 1.107246702388838912e+03
1.137921293915315074e-02 1.116852640961826864e+03
1.169866413101306943e-02 1.126125855274412970e+03
1.202708334768511945e-02 1.134908210256207212e+03
1.236472235053715993e-02 1.143072668547067451e+03
1.271183996869028332e-02 1.150582595337097700e+03
1.306870229743346996e-02 1.157513128304953398e+03
1.343558290220825575e-02 1.163971319720783413e+03
1.381276302832009847e-02 1.169747873593229997e+03
1.420053181653682141e-02 1.174594713961643947e+03
1.459918652473978819e-02 1.178623042412628820e+03
1.500903275579736421e-02 1.181892654519441976e+03
1.543038469183564444e-02 1.184182519465846553e+03
1.586356533508591002e-02 1.185460457255399433e+03
1.630890675549331870e-02 1.185950933628930670e+03
1.676675034527700184e-02 1.185620897463409392e+03
1.723744708063620554e-02 1.184275723605618623e+03
1.772135779080359283e-02 1.181977070636678491e+03
1.821885343465167589e-02 1.178819792800796904e+03
1.873031538506437013e-02 1.174609452506402931e+03
1.925613572129198509e-02 1.169200959638475751e+03
1.979671752951332395e-02 1.162690747676585943e+03
2.035247521183577296e-02 1.155131780741314287e+03
2.092383480396978190e-02 1.146488139415658679e+03
2.151123430182166549e-02 1.136749489476296276e+03
2.211512399725490061e-02 1.125928597134820393e+03
2.273596682327716154e-02 1.114037112732768719e+03
2.337423870891815886e-02 1.101089852038754088e+03
2.403042894406967958e-02 1.087110761729624528e+03
2.470504055456825693e-02 1.072131004207855995e+03
2.539859068780726467e-02 1.056189035114892022e+03
2.611161100917459149e-02 1.039330679565500759e+03
2.684464810961964890e-02 1.021609301283937839e+03
2.759826392466179640e-02 1.003087043134756186e+03
2.837303616516213128e-02 9.838338410544423596e+02
2.916955876018797328e-02 9.639269442216668722e+02
2.998844231231028931e-02 9.434509514757278339e+02
3.083031456568277942e-02 9.224975237500352705e+02
3.169582088726115993e-02 9.011650588409273723e+02
3.258562476153226140e-02 8.795571057564853845e+02
3.350040829913133317e-02 8.577814035852451298e+02
3.444087275973822804e-02 8.359499074504265081e+02
3.540773908965272332e-02 8.141758695479232983e+02
3.640174847446139839e-02 7.925734126615267314e+02
3.742366290721982347e-02 7.712559201895056731e+02
3.847426577258503816e-02 7.503334890498235836e+02
3.955436244734702317e-02 7.299113391179098471e+02
4.066478091781854792e-02 7.100884798968077121e+02
4.180637241455758407e-02 6.909545714553714788e+02
4.298001206490798670e-02 6.725885984231690600e+02
4.418659956385941057e-02 6.550567147283060194e+02
4.542705986374045990e-02 6.384093980994382491e+02
4.670234388327333674e-02 6.226803914428384132e+02
4.801342923653453137e-02 6.078840854712128703e+02
4.936132098237919208e-02 5.940133558831224718e+02
5.074705239490467923e-02 5.810395734106916734e+02
5.217168575554350513e-02 5.689091214972843318e+02
5.363631316739241039e-02 5.575438992875268696e+02
5.514205739240302800e-02 5.468408890953844548e+02
5.669007271207433807e-02 5.366758030071945313e+02
5.828154581230844677e-02 5.268826538401323205e+02
5.991769669310622465e-02 5.174461897324008532e+02
6.159977960380166873e-02 5.078911466421454861e+02
6.332908400455118658e-02 4.981755742505391709e+02
6.510693555481457395e-02 4.880906306305973317e+02
6.693469712958663442e-02 4.774468216881946887e+02
6.881376986415664587e-02 4.660752007845318303e+02
7.074559422819878818e-02 4.538377287577087031e+02
7.273165113001461846e-02 4.406410380702684506e+02
7.477346305177587360e-02 4.264421212316600531e+02
7.687259521663733497e-02 4.112271165599808000e+02
7.903065678861345700e-02 3.951382053910549530e+02
8.124930210614052239e-02 3.783430366840901229e+02
8.353023195026774983e-02 3.610761781215098836e+02
8.587519484845174134e-02 3.436245698520540941e+02
8.828598841495152727e-02 3.263136861469275232e+02
9.076446072885357985e-02 3.094836855191564950e+02
9.331251175078249249e-02 2.934653634027519047e+02
9.593209477938241525e-02 2.785569751898690356e+02
9.862521794868782388e-02 2.649993859484036989e+02
1.013939457675292477e-01 2.529558895941868855e+02
1.042404007021556500e-01 2.424981741386255294e+02
1.071667648032863795e-01 2.335950331827664854e+02
1.101752813788386687e-01 2.261084221732369599e+02
1.132682567136154145e-01 2.197953210929928218e+02
1.164480618372685794e-01 2.143219646232284106e+02
1.197171343418966943e-01 2.092859441379343934e+02
1.230779802506665743e-01 2.042516166650548541e+02
1.265331759388942934e-01 1.987995871784306132e+02
1.300853701090571579e-01 1.925836020832819884e+02
1.337372858212496074e-01 1.853903692901852764e+02
1.374917225806419896e-01 1.771815077816345365e+02
1.413515584835395023e-01 1.681088116074839149e+02
1.453197524236895799e-01 1.584985240313006045e+02
1.493993463605258198e-01 1.487989666650175593e+02
1.535934676510897212e-01 1.395022825592689060e+02
1.579053314474175851e-01 1.310501399861280163e+02
1.623382431612278298e-01 1.237556225420371874e+02
1.668956009978024568e-01 1.177574456414529038e+02
1.715808985610006165e-01 1.129892402548875481e+02
1.763977275314044801e-01 1.091847831928190544e+02
1.813497804196496366e-01 1.059326194860850165e+02
1.864408533970486059e-01 1.027564856019191666e+02
1.916748492056815356e-01 9.921764399347449626e+01
1.970557801501798822e-01 9.503733747720610836e+01
2.025877711735017406e-01 9.018043547371236457e+01
2.082750630190516594e-01 8.485741519551015699e+01
2.141220154815729193e-01 7.945943996339090631e+01
2.201331107493031680e-01 7.442079939561760682e+01
2.263129568399529223e-01 7.007076961421245187e+01
2.326662911331459360e-01 6.653905778933587101e+01
2.391979840020238557e-01 6.371612416403097257e+01
2.459130425468044889e-01 6.130506135168044324e+01
2.528166144331501219e-01 5.893675142765394526e+01
2.599139918382933900e-01 5.631694858740522847e+01
2.672106155079435608e-01 5.335188569695650074e+01
2.747120789270811603e-01 5.017429579735472345e+01
2.824241326078435477e-01 4.706218826404096234e+01
2.903526884977813416e-01 4.427929131076953695e+01
2.985038245118734057e-01 4.194470504278763912e+01
3.068837891917643446e-01 3.998106423309686619e+01
3.154990064958086982e-01 3.817989962271986570e+01
3.243560807235809640e-01 3.633170544105391997e+01
3.334618015786366407e-01 3.435435805816518240e+01
3.428231493733970847e-01 3.232686217964013053e+01
3.524473003801584237e-01 3.040940456690108107e+01
3.623416323323152555e-01 2.871545562807306595e+01
3.725137300800212548e-01 2.723330822266245832e+01
3.829713914046279921e-01 2.585483080069158746e+01
3.937226329963477989e-01 2.447574245967294004e+01
4.047756965997323930e-01 2.307890367800597886e+01
4.161390553316708374e-01 2.172926055322079364e+01
4.278214201767614466e-01 2.049429449468400932e+01
4.398317466650228380e-01 1.937669154222178847e+01
4.521792417370701922e-01 1.832407338543048070e+01
4.648733708020256206e-01 1.729307523752693498e+01
4.779238649935594330e-01 1.629054060093882583e+01
4.913407286296365140e-01 1.534934198854015897e+01
5.051342468816764075e-01 1.448022319176212136e+01
5.193149936590210070e-01 1.366246627805827885e+01
5.338938397147356962e-01 1.287624642946231113e+01
5.488819609789672427e-01 1.212505572829116396e+01
5.642908471262538805e-01 1.142040258602147951e+01
5.801323103833373462e-01 1.076022565051420798e+01
5.964184945842465613e-01 1.013382297666375997e+01
6.131618844795774237e-01 9.538082838403648012e+00
6.303753153071274262e-01 8.976574903056951271e+00
6.480719826311974741e-01 8.448532129832994286e+00
6.662654524581153037e-01 7.949375067832014530e+00
6.849696716357442927e-01 7.476885387373144454e+00
7.041989785449285222e-01 7.031902373212596480e+00
7.239681140910878554e-01 6.612425747553023037e+00
7.442922330043759693e-01 6.216419120012252719e+00
7.651869154570819509e-01 5.843065084035775847e+00
7.866681790071589075e-01 5.491179647097914618e+00
8.087524908770455934e-01 5.159452229336440432e+00
8.314567805772061782e-01 4.846852596353674159e+00
8.547984528840417706e-01 4.552408504167315684e+00
8.787954011821322853e-01 4.275050118798444210e+00
9.034660211810530139e-01 4.013897871254997973e+00
9.288292250172494047e-01 3.768074300179879543e+00
9.549044557518088228e-01 3.536713409649634432e+00
9.817117022752195332e-01 3.319005738101738157e+00
1.009271514630570854e+00 3.114185866735139196e+00
1.037605019766912440e+00 2.921514919341599015e+00
1.066733937734857918e+00 2.740305417437647773e+00
1.096680598336868151e+00 2.569917390712614047e+00
1.127467958244945612e+00 2.409745237821852903e+00
1.159119618598886126e+00 2.259210150177644039e+00
1.191659843098559213e+00 2.117761548103077374e+00
1.225113576604118126e+00 1.984875296984053739e+00
1.259506464258359104e+00 1.860045852434468516e+00
1.294864871145904983e+00 1.742800315619094764e+00
1.331215902504307769e+00 1.632701226844959885e+00
1.368587424502517580e+00 1.529336091384745133e+00
1.407008085602686087e+00 1.432317921222879153e+00
1.446507338521646480e+00 1.341271012996227752e+00
1.487115462808953126e+00 1.255824400651766926e+00
1.528863588058731571e+00 1.175821224786884667e+00
1.571783717773163280e+00 1.100914707455747488e+00
1.615908753895917815e+00 1.030780162445229964e+00
1.661272522034291654e+00 9.651135879055585676e-01
1.707909797389428608e+00 9.036303486384099637e-01
1.755856331414468618e+00 8.460639423307734219e-01
1.805148879221108116e+00 7.921648443867496114e-01
1.855825227755520057e+00 7.416994263501526241e-01
1.907924224765265908e+00 6.944489432297600295e-01
1.961485808579430667e+00 6.502085853377188585e-01
2.016551038724745393e+00 6.087865905312535020e-01
2.073162127401231736e+00 5.700034130096379714e-01
2.131362471841438122e+00 5.336909450635414220e-01
2.191196687578147895e+00 4.996917884033791335e-01
2.252710642645982198e+00 4.678585719082025141e-01
2.315951492743154372e+00 4.380533128378750751e-01
2.380967717380357840e+00 4.101468187396761222e-01
2.447809157044444017e+00 3.840181274568641445e-01
2.516527051405392790e+00 3.595539828118888281e-01
2.587174078595922744e+00 3.366483436915713168e-01
2.659804395593756698e+00 3.152019244063590797e-01
2.734473679737583041e+00 2.951217643313169270e-01
2.811239171408464355e+00 2.763208249634412361e-01
2.890159717909508874e+00 2.587176126487207850e-01
2.971295818577336600e+00 2.422358253436359965e-01
3.054709671159970164e+00 2.268040218799639018e-01
3.140465219496751281e+00 2.123553122993026565e-01
3.228628202536729219e+00 1.988270679150513087e-01
3.319266204733191561e+00 1.861606498450956437e-01
3.412448707852890450e+00 1.743011548385100251e-01
3.508247144239789783e+00 1.631971772945474963e-01
3.606734951574031900e+00 1.528005864423774840e-01
3.707987629168172372e+00 1.430663177157448507e-01
3.812082795843888317e+00 1.339521774182529656e-01
3.919100249433401739e+00 1.254186598325821300e-01
4.029122027951350660e+00 1.174287759808936293e-01
4.142232472483896366e+00 1.099478932941728437e-01
4.258518291843413017e+00 1.029435854955492169e-01
4.378068629038172510e+00 9.638549204690494143e-02
4.500975129608047354e+00 9.024518654953625485e-02
4.627332011878690032e+00 8.449605352844306860e-02
4.757236139187885904e+00 7.911317306616175160e-02
4.890787094139594338e+00 7.407321278608108850e-02
5.028087254942479767e+00 6.935432671703663232e-02
5.169241873891597727e+00 6.493606060080742148e-02
5.314359158053243881e+00 6.079926323206475552e-02
5.463550352214879169e+00 5.692600344647236882e-02
5.616929824163807261e+00 5.329949239711754411e-02
5.774615152359817039e+00 4.990401078237707150e-02
5.936727216069127344e+00 4.672484070978299292e-02
6.103390288028621491e+00 4.374820190054874713e-02
6.274732129711575013e+00 4.096119195823077347e-02
6.450884089267698407e+00 3.835173044261697833e-02
6.631981202212673843e+00 3.590850650642746916e-02
6.818162294944477786e+00 3.362092986785601006e-02
7.009570091165615580e+00 3.147908490644024671e-02
7.206351321293055889e+00 2.947368768328671382e-02
7.408656834939563396e+00 2.759604569935263790e-02
7.616641716552886798e+00 2.583802021735466525e-02
7.830465404301192756e+00 2.419199098398686076e-02
8.050291812295983007e+00 2.265082319953461848e-02
8.276289456246344045e+00 2.120783659171250959e-02
8.508631582640587609e+00 1.985677645967503374e-02
8.747496301554422260e+00 1.859178656268898819e-02
8.993066723187620681e+00 1.740738373595205821e-02
9.245531098233566780e+00 1.629843412352846577e-02
9.505082962189515428e+00 1.526013092538220338e-02
9.771921283717999174e+00 1.428797356205110079e-02
1.004625061717340628e+01 1.337774816665003412e-02
1.032828125941029640e+01 1.252550931964471065e-02
1.061822941099384643e+01 1.172756294722458563e-02
1.091631734193614811e+01 1.098045030914688615e-02
1.122277356208507015e+01 1.028093300664634745e-02
1.153783299629661485e+01 9.625978945426544656e-03
1.186173716452478821e+01 9.012749192888743627e-03
1.219473436696737778e+01 8.438585672630231210e-03
1.253707987440921379e+01 7.900999642873258663e-03
1.288903612390893194e+01 7.397660908883775012e-03
1.325087291997952832e+01 6.926387722620606577e-03
1.362286764141645712e+01 6.485137325834568721e-03
1.400530545393221082e+01 6.071997095626121589e-03
1.439847952876007753e+01 5.685176254081465187e-03
1.480269126739508501e+01 5.322998106052109595e-03
1.521825053264387861e+01 4.983892771432154450e-03
1.564547588616096618e+01 4.666390380430940517e-03
1.608469483265355748e+01 4.369114702345646382e-03
1.653624407094179460e+01 4.090777180217401200e-03
1.700046975206718614e+01 3.830171345513818347e-03
1.747772774464680978e+01 3.586167588628108843e-03
1.796838390767719673e+01 3.357708262527220495e-03
1.847281437099635681e+01 3.143803098325507160e-03
1.899140582361934904e+01 2.943524912912512826e-03
1.952455581016860364e+01 2.756005590029326786e-03
2.007267303562567662e+01 2.580432317373307013e-03
2.063617767863859598e+01 2.416044063420684507e-03
2.121550171362450854e+01 2.262128278695660268e-03
2.181108924191518383e+01 2.118017807187473796e-03
2.242339683219847757e+01 1.983087994527814400e-03
2.305289387051708516e+01 1.856753980393827585e-03
2.370006292009328064e+01 1.738468163400486025e-03
2.436540009125468131e+01 1.627717827493774120e-03
2.504941542174504221e+01 1.524022919556164814e-03
2.575263326771200667e+01 1.426933968591297466e-03
2.647559270567065681e+01 1.336030137468462164e-03
2.721884794575180422e+01 1.250917398782067308e-03
2.798296875655116978e+01 1.171226826919262920e-03
2.876854090190592217e+01 1.096612998932595994e-03
2.957616658993256564e+01 1.026752497286197380e-03
3.040646493467068723e+01 9.613425079855729980e-04
3.126007243068703190e+01 9.000995080145256450e-04
3.213764344100275139e+01 8.427580363898248394e-04
3.303985069871860247e+01 7.890695435067070782e-04
3.396738582272208617e+01 7.388013137876267176e-04
3.492095984787270169e+01 6.917354569644263308e-04
3.590130377007073292e+01 6.476679636215845358e-04
3.690916910662779316e+01 6.064078209067465470e-04
3.794532847236938977e+01 5.677761845755336561e-04
3.901057617190990356e+01 5.316056037818228143e-04
4.010572880855499989e+01 4.977392952533046333e-04
4.123162591029752377e+01 4.660304637061982039e-04
4.238913057338778145e+01 4.363416655534234920e-04
4.357913012397032304e+01 4.085442131481916935e-04
4.480253679829492341e+01 3.825176169806769676e-04
4.606028844202401018e+01 3.581490634099403735e-04
4.735334922917113687e+01 3.353329256673088436e-04
4.868271040122284887e+01 3.139703060116278799e-04
5.004939102700954123e+01 2.939686070518348271e-04
5.145443878390924652e+01 2.752411303787294762e-04
5.289893076098154978e+01 2.577067007661895583e-04
5.438397428464800498e+01 2.412893143129117438e-04
5.591070776755292115e+01 2.259178089995303017e-04
5.748030158125349942e+01 2.115255562331260788e-04
5.909395895340973937e+01 1.980501720421093620e-04
6.075291689016074059e+01 1.854332466696354670e-04
6.245844712439613744e+01 1.736200913934619254e-04
6.421185709064765490e+01 1.625595014748242582e-04
6.601449092734890201e+01 1.522035342088209301e-04
6.786773050723294887e+01 1.425073011142535362e-04
6.977299649665530978e+01 1.334287733621599260e-04
7.173174944465618807e+01 1.249285995996591561e-04
7.374549090259552031e+01 1.169699353794562477e-04
7.581576457522108115e+01 1.095182834556603557e-04
7.794415750404954224e+01 1.025413442536700917e-04
8.013230128396889995e+01 9.600887586597976634e-05
8.238187331399603863e+01 8.989256296705121728e-05
8.469459808314594795e+01 8.416589407905576377e-05
8.707224849239922548e+01 7.880404665648848683e-05
8.951664721378301692e+01 7.378377949154776025e-05
9.202966808760409378e+01 6.908333197390562942e-05
9.461323755890775544e+01 6.468232976820555570e-05
9.726933615426175095e+01 6.056169650044106732e-05
9.999999999999995737e+01 5.670357107041613015e-05
