1.000000000000000048e-04 1.275600702744103359e+02
1.028073223830865281e-04 1.310186323986375214e+02
1.056934553557988362e-04 1.345708719729038876e+02
1.086606113854597351e-04 1.382193130875211580e+02
1.117110650504824041e-04 1.419665474728205652e+02
1.148471547840289439e-04 1.458152557263225049e+02
1.180712846666190141e-04 1.497681926254647351e+02
1.213859262690628250e-04 1.538281480766736706e+02
1.247936205471311189e-04 1.579979892004693056e+02
1.282969797894147957e-04 1.622806974907605024e+02
1.318986896198670199e-04 1.666793223685448595e+02
1.356015110565633925e-04 1.711969678387438876e+02
1.394082826282578376e-04 1.758368375724945167e+02
1.433219225503574155e-04 1.806022365758142598e+02
1.473454309619835539e-04 1.854965425152753085e+02
1.514818922258346051e-04 1.905232123036666394e+02
1.557344772926134557e-04 1.956857852674860681e+02
1.601064461318317826e-04 2.009879048437307745e+02
1.646011502308550778e-04 2.064333464197707713e+02
1.692220351641037391e-04 2.120259714091629633e+02
1.739726432343801689e-04 2.177697119177411196e+02
1.788566161883461665e-04 2.236686079493125305e+02
1.838776980082327715e-04 2.297268111527904182e+02
1.890397377819221208e-04 2.359485717762179604e+02
1.943466926536020897e-04 2.423382507849817387e+02
1.998026308572550618e-04 2.489003488699024160e+02
2.054117348353064979e-04 2.556394869265221530e+02
2.111783044448243749e-04 2.625603899577146763e+02
2.171067602537265953e-04 2.696678852943799143e+02
2.232016469295233991e-04 2.769668995235460898e+02
2.294676367231936914e-04 2.844625364022870144e+02
2.359095330508635614e-04 2.921600724446571462e+02
2.425322741760353111e-04 3.000648345209559693e+02
2.493409369951879494e-04 3.081822577294616394e+02
2.563407409296515377e-04 3.165180211013145595e+02
2.635370519267394326e-04 3.250779389033384064e+02
2.709353865732051759e-04 3.338678498946250670e+02
2.785414163241767813e-04 3.428937712901515624e+02
2.863609718508116210e-04 3.521619563036862246e+02
2.944000475100034728e-04 3.616787771857531197e+02
3.026648059395691654e-04 3.714507245876039860e+02
3.111615827824361444e-04 3.814844823040862707e+02
3.198968915434537695e-04 3.917869081369810260e+02
3.288774285825511105e-04 4.023649706447579888e+02
3.381100782480684795e-04 4.132257999664342378e+02
3.476019181541978613e-04 4.243767285967408043e+02
3.573602246065787046e-04 4.358252782766965083e+02
3.673924781802075296e-04 4.475791601466686984e+02
3.777063694539367416e-04 4.596462249120687602e+02
3.883098049059605528e-04 4.720344669795512687e+02
3.992109129748052884e-04 4.847520940921508554e+02
4.104180502904709654e-04 4.978075124201113795e+02
4.219398080805026588e-04 5.112092714301399496e+02
4.337850187558990231e-04 5.249661219283167384e+02
4.459627626819093779e-04 5.390870771486421518e+02
4.584823751389095932e-04 5.535813197876651657e+02
4.713534534786909978e-04 5.684581588441166105e+02
4.845858644816496185e-04 5.837271080780703869e+02
4.981897519205162042e-04 5.993978941051865377e+02
5.121755443364240474e-04 6.154804310997635639e+02
5.265539630332758715e-04 6.319848336634984207e+02
5.413360302965379654e-04 6.489214380894583201e+02
5.565330778427647921e-04 6.663007781448766309e+02
5.721567555063251324e-04 6.841335392489343121e+02
5.882190401699957617e-04 7.024306255968155028e+02
6.047322449462647380e-04 7.212031818712315498e+02
6.217090286163829381e-04 7.404625135517615035e+02
6.391624053344003523e-04 7.602200802478595278e+02
6.571057546036271476e-04 7.804875359609850420e+02
6.755528315331644270e-04 8.012767462622688299e+02
6.945177773823697038e-04 8.225998316359070941e+02
7.140151304013400355e-04 8.444690909951071944e+02
7.340598369757211656e-04 8.668968785028012007e+02
7.546672630843890076e-04 8.898957362831428100e+02
7.758532060787837713e-04 9.134784338896517966e+02
7.976339067929278130e-04 9.376579644371693121e+02
8.200260619934130737e-04 9.624475280494402796e+02
8.430468371788971344e-04 9.878603689405967998e+02
8.667138797389231696e-04 1.013909842671483034e+03
8.910453324821514341e-04 1.040609586195027077e+03
9.160598475443706154e-04 1.067973373463509915e+03
9.417766006869523988e-04 1.096014907817129142e+03
9.682153059967085751e-04 1.124748117195061695e+03
9.953962309984236857e-04 1.154187279479680910e+03
1.023340212191642049e-03 1.184346594581572617e+03
1.052068671023622922e-03 1.215240151582532462e+03
1.081603630310709867e-03 1.246882355589547615e+03
1.111967731120699519e-03 1.279287814929132310e+03
1.143184250129150028e-03 1.312470983515109083e+03
1.175277117462945366e-03 1.346446323016542465e+03
1.208270935044776636e-03 1.381228414516807561e+03
1.242190995452617476e-03 1.416831807933332357e+03
1.277063301308643990e-03 1.453270931909684577e+03
1.312914585212465604e-03 1.490560658682286657e+03
1.349772330233942573e-03 1.528716093272873650e+03
1.387664790981308705e-03 1.567749453148343719e+03
1.426621015260737648e-03 1.607673287161428107e+03
1.466670866343968349e-03 1.648513463735719370e+03
1.507845045861051347e-03 1.690292369234448643e+03
1.550175117335769997e-03 1.733004078427093191e+03
1.593693530381775150e-03 1.776649856762324816e+03
1.638433645577984637e-03 1.821255947994383632e+03
1.684429760042315850e-03 1.866841845439834742e+03
1.731717133723354026e-03 1.913416627565949511e+03
1.780332016430114135e-03 1.960992501227418188e+03
1.830311675620612021e-03 2.009583023106627024e+03
1.881694424970556086e-03 2.059195723928391999e+03
1.934519653744045872e-03 2.109838508139178430e+03
1.988827856988810081e-03 2.161528867253593944e+03
2.044660666579116784e-03 2.214281418123890944e+03
2.102060883130158625e-03 2.268101441306250308e+03
2.161072508808377368e-03 2.322995151805036585e+03
2.221740781062885202e-03 2.378971085490834412e+03
2.284112207303824749e-03 2.436038063007634264e+03
2.348234600554276272e-03 2.494204073737752879e+03
2.414157116103019234e-03 2.553472066185855056e+03
2.481930289186255051e-03 2.613843691772831789e+03
2.551606073727184613e-03 2.675323934788348652e+03
2.623237882163122550e-03 2.737916091314315054e+03
2.696880626390694112e-03 2.801619252762001906e+03
2.772590759860483686e-03 2.866432846989649079e+03
2.850426320853435488e-03 2.932357059384183685e+03
2.930446976972143555e-03 2.999388703083114706e+03
3.012714070881164757e-03 3.067521926806574811e+03
3.097290667331408388e-03 3.136750632336517810e+03
3.184241601504654226e-03 3.207067346876854117e+03
3.273633528715246682e-03 3.278461712304204866e+03
3.365534975507094694e-03 3.350921803673088561e+03
3.460016392185110562e-03 3.424434658684745955e+03
3.557150206821386215e-03 3.498984752525338536e+03
3.657010880777490907e-03 3.574553706632830654e+03
3.759674965785466966e-03 3.651121370044825653e+03
3.865221162631264206e-03 3.728665618547041049e+03
3.973730381485608698e-03 3.807161449604613153e+03
4.085285803928562741e-03 3.886581197219599289e+03
4.199972946715305709e-03 3.966894327118352976e+03
4.317879727332022029e-03 4.048067578485765807e+03
4.439096531392168997e-03 4.130064770329669955e+03
4.563716281924761094e-03 4.212846511218464912e+03
4.691834510607797992e-03 4.296370063668690818e+03
4.823549431001468782e-03 4.380589869253743018e+03
4.958962013837215146e-03 4.465457421332390368e+03
5.098176064420424994e-03 4.550920518717001869e+03
5.241298302206058926e-03 4.636923374668871475e+03
5.388438442608223244e-03 4.723406060268707733e+03
5.539709281106404079e-03 4.810305043730613761e+03
5.695226779712823234e-03 4.897553079877969139e+03
5.855110155867242032e-03 4.985078073368430523e+03
6.019481973827276768e-03 5.072802811553931861e+03
6.188468238624385796e-03 5.160646936528592960e+03
6.362198492657489789e-03 5.248526402310310914e+03
6.540805914998253610e-03 5.336350162564222046e+03
6.724427423484249239e-03 5.424022479491781269e+03
6.913203779678128193e-03 5.511445089119929435e+03
7.107279696773417810e-03 5.598513651670655236e+03
7.306803950529504668e-03 5.685114807646704321e+03
7.511929493320966197e-03 5.771137386054165290e+03
7.722813571388646714e-03 5.856471751156544087e+03
7.939617845382279313e-03 5.940968345451059577e+03
8.162508514287231468e-03 6.024469406578182316e+03
8.391656442830155299e-03 6.106960142692984846e+03
8.627237292461452031e-03 6.188414029110726915e+03
8.869431656014713575e-03 6.268540042129971880e+03
9.118425196146570655e-03 6.347076080148386609e+03
9.374408787662998066e-03 6.423950239412447445e+03
9.637578663841087079e-03 6.499015099621797162e+03
9.908136566858672528e-03 6.572019249525144005e+03
1.018628990244687879e-02 6.642938181943588461e+03
1.047225189888434729e-02 6.711772745115242287e+03
1.076624177045493527e-02 6.777542494628811255e+03
1.106848488549412070e-02 6.839382906080071734e+03
1.137921293915315074e-02 6.898416123748263999e+03
1.169866413101306943e-02 6.955401523218421062e+03
1.202708334768511945e-02 7.009356116903876682e+03
1.236472235053715993e-02 7.059492333422620504e+03
1.271183996869028332e-02 7.105586882752499150e+03
1.306870229743346996e-02 7.148106669184371640e+03
1.343558290220825575e-02 7.187714904562419179e+03
1.381276302832009847e-02 7.223118669996571043e+03
1.420053181653682141e-02 7.252785087982287223e+03
1.459918652473978819e-02 7.277401397276586977e+03
1.500903275579736421e-02 7.297335951925478184e+03
1.543038469183564444e-02 7.311219729280008323e+03
1.586356533508591002e-02 7.318855251470989970e+03
1.630890675549331870e-02 7.321636179138115040e+03
1.676675034527700184e-02 7.319359065294752327e+03
1.723744708063620554e-02 7.310818473184373943e+03
1.772135779080359283e-02 7.296397622327484896e+03
1.821885343465167589e-02 7.276685595296649808e+03
1.873031538506437013e-02 7.250479122975205428e+03
1.925613572129198509e-02 7.216880800474798889e+03
1.979671752951332395e-02 7.176489608222771494e+03
2.035247521183577296e-02 7.129634137258180999e+03
2.092383480396978190e-02 7.076091183454484963e+03
2.151123430182166549e-02 7.015797357654394546e+03
2.211512399725490061e-02 6.948833051093492031e+03
2.273596682327716154e-02 6.875269766831334891e+03
2.337423870891815886e-02 6.795198473084962643e+03
2.403042894406967958e-02 6.708769033196954297e+03
2.470504055456825693e-02 6.616173609350086736e+03
2.539859068780726467e-02 6.517646460366800056e+03
2.611161100917459149e-02 6.413473512305604345e+03
2.684464810961964890e-02 6.303986734671331760e+03
2.759826392466179640e-02 6.189565864557494024e+03
2.837303616516213128e-02 6.070642554139811182e+03
2.916955876018797328e-02 5.947694282844039662e+03
2.998844231231028931e-02 5.821242388340106118e+03
3.083031456568277942e-02 5.691854535076982756e+03
3.169582088726115993e-02 5.560134714607341266e+03
3.258562476153226140e-02 5.426721315812493231e+03
3.350040829913133317e-02 5.292282774030778455e+03
3.444087275973822804e-02 5.157506227235153347e+03
3.540773908965272332e-02 5.023092118919395944e+03
3.640174847446139839e-02 4.889743440090194781e+03
3.742366290721982347e-02 4.758158953788942199e+03
3.847426577258503816e-02 4.629017135484630671e+03
3.955436244734702317e-02 4.502966961366897522e+03
4.066478091781854792e-02 4.380619625117202304e+03
4.180637241455758407e-02 4.262528315987765382e+03
4.298001206490798670e-02 4.149178851750623835e+03
4.418659956385941057e-02 4.040979343925268950e+03
4.542705986374045990e-02 3.938240808389022277e+03
4.670234388327333674e-02 3.841170708921981714e+03
4.801342923653453137e-02 3.749857468589889322e+03
4.936132098237919208e-02 3.664258384316869069e+03
5.074705239490467923e-02 3.584193987526673482e+03
5.217168575554350513e-02 3.509334457519798889e+03
5.363631316739241039e-02 3.439198575232707753e+03
5.514205739240302800e-02 3.373149342067801172e+03
5.669007271207433807e-02 3.310420853378796437e+03
5.828154581230844677e-02 3.249988343330905536e+03
5.991769669310622465e-02 3.191758584343137045e+03
6.159977960380166873e-02 3.132798592127847314e+03
6.332908400455118658e-02 3.072850112673837430e+03
6.510693555481457395e-02 3.010624947666151002e+03
6.693469712958663442e-02 2.944953775964989291e+03
6.881376986415664587e-02 2.874795260003885232e+03
7.074559422819878818e-02 2.799298111304706254e+03
7.273165113001461846e-02 2.717885767230188321e+03
7.477346305177587360e-02 2.630292801594528100e+03
7.687259521663733497e-02 2.536434360092688166e+03
7.903065678861345700e-02 2.437186925202693146e+03
8.124930210614052239e-02 2.333585307363388893e+03
8.353023195026774983e-02 2.227074508712663373e+03
8.587519484845174134e-02 2.119426821321751504e+03
8.828598841495152727e-02 2.012647627043158991e+03
9.076446072885357985e-02 1.908836209137577043e+03
9.331251175078249249e-02 1.810031230423061288e+03
9.593209477938241525e-02 1.718073787845685047e+03
9.862521794868782388e-02 1.634448765744264620e+03
1.013939457675292477e-01 1.560163158213163115e+03
1.042404007021556500e-01 1.495658123774988780e+03
1.071667648032863795e-01 1.440742140790882104e+03
1.101752813788386687e-01 1.394563407569817628e+03
1.132682567136154145e-01 1.355622865439016323e+03
1.164480618372685794e-01 1.321862008228041987e+03
1.197171343418966943e-01 1.290798586094004349e+03
1.230779802506665743e-01 1.259746037140078442e+03
1.265331759388942934e-01 1.226117370290671943e+03
1.300853701090571579e-01 1.187777546038173796e+03
1.337372858212496074e-01 1.143410162739321777e+03
1.374917225806419896e-01 1.092779507852031202e+03
1.413515584835395023e-01 1.036821108536591510e+03
1.453197524236895799e-01 9.775473756933367895e+02
1.493993463605258198e-01 9.177235250190725537e+02
1.535934676510897212e-01 8.603846027821967937e+02
1.579053314474175851e-01 8.082544251099656094e+02
1.623382431612278298e-01 7.632644211082474612e+02
1.668956009978024568e-01 7.262696841816108417e+02
1.715808985610006165e-01 6.968608962215034808e+02
1.763977275314044801e-01 6.733961752114950059e+02
1.813497804196496366e-01 6.533377797408589913e+02
1.864408533970486059e-01 6.337485440210647312e+02
1.916748492056815356e-01 6.119222569539123242e+02
1.970557801501798822e-01 5.861396363546922430e+02
2.025877711735017406e-01 5.561844254943823671e+02
2.082750630190516594e-01 5.233543658943630135e+02
2.141220154815729193e-01 4.900621981177104090e+02
2.201331107493031680e-01 4.589862822151097816e+02
2.263129568399529223e-01 4.321574650148824048e+02
2.326662911331459360e-01 4.103755048571585462e+02
2.391979840020238557e-01 3.929650073263244394e+02
2.459130425468044889e-01 3.780947384284650070e+02
2.528166144331501219e-01 3.634881272921961681e+02
2.599139918382933900e-01 3.473304374352071022e+02
2.672106155079435608e-01 3.290435617079309054e+02
2.747120789270811603e-01 3.094458104089932817e+02
2.824241326078435477e-01 2.902519573721753545e+02
2.903526884977813416e-01 2.730885974656526400e+02
2.985038245118734057e-01 2.586901413893857011e+02
3.068837891917643446e-01 2.465794291829644749e+02
3.154990064958086982e-01 2.354708951672098465e+02
3.243560807235809640e-01 2.240722260573116955e+02
3.334618015786366407e-01 2.118770403024765869e+02
3.428231493733970847e-01 1.993725774116747687e+02
3.524473003801584237e-01 1.875468154898861712e+02
3.623416323323152555e-01 1.770995466158044849e+02
3.725137300800212548e-01 1.679584801199100355e+02
3.829713914046279921e-01 1.594568279328868812e+02
3.937226329963477989e-01 1.509514369139423593e+02
4.047756965997323930e-01 1.423365437623104697e+02
4.161390553316708374e-01 1.340127273868031352e+02
4.278214201767614466e-01 1.263962069783553375e+02
4.398317466650228380e-01 1.195034824627147287e+02
4.521792417370701922e-01 1.130115545065093983e+02
4.648733708020256206e-01 1.066529920721912816e+02
4.779238649935594330e-01 1.004699436122789820e+02
4.913407286296365140e-01 9.466519554070244169e+01
5.051342468816764075e-01 8.930501501121534602e+01
5.193149936590210070e-01 8.426156810464937053e+01
5.338938397147356962e-01 7.941265218516733171e+01
5.488819609789672427e-01 7.477976913899463796e+01
5.642908471262538805e-01 7.043388703813157292e+01
5.801323103833373462e-01 6.636233168607101618e+01
5.964184945842465613e-01 6.249905658044263390e+01
6.131618844795774237e-01 5.882490643665083496e+01
6.303753153071274262e-01 5.536187130581165405e+01
6.480719826311974741e-01 5.210522263051493042e+01
6.662654524581153037e-01 4.902674970569688639e+01
6.849696716357442927e-01 4.611271404778642591e+01
7.041989785449285222e-01 4.336833430982889581e+01
7.239681140910878554e-01 4.078126761971722658e+01
7.442922330043759693e-01 3.833894595443322828e+01
7.651869154570819509e-01 3.603632979946627302e+01
7.866681790071589075e-01 3.386611962781130813e+01
8.087524908770455934e-01 3.182023285323382567e+01
8.314567805772061782e-01 2.989231315662781441e+01
8.547984528840417706e-01 2.807636361012621506e+01
8.787954011821322853e-01 2.636578989181033350e+01
9.034660211810530139e-01 2.475516961446501085e+01
9.288292250172494047e-01 2.323908328418400515e+01
9.549044557518088228e-01 2.181219342680750728e+01
9.817117022752195332e-01 2.046950950729636887e+01
1.009271514630570854e+00 1.920630891232579884e+01
1.037605019766912440e+00 1.801803555852120553e+01
1.066733937734857918e+00 1.690044898810908336e+01
1.096680598336868151e+00 1.584960289506305919e+01
1.127467958244945612e+00 1.486176370186117879e+01
1.159119618598886126e+00 1.393335820219121857e+01
1.191659843098559213e+00 1.306099129282022631e+01
1.225113576604118126e+00 1.224143581112367229e+01
1.259506464258359104e+00 1.147156657525591505e+01
1.294864871145904983e+00 1.074847043538959390e+01
1.331215902504307769e+00 1.006944910930192272e+01
1.368587424502517580e+00 9.431958432143428439e+00
1.407008085602686087e+00 8.833612383411590940e+00
1.446507338521646480e+00 8.272092015976468815e+00
1.487115462808953126e+00 7.745110566865768931e+00
1.528863588058731571e+00 7.251700969611947656e+00
1.571783717773163280e+00 6.789724497626044908e+00
1.615908753895917815e+00 6.357178673920163448e+00
1.661272522034291654e+00 5.952188591197708156e+00
1.707909797389428608e+00 5.572998784905487391e+00
1.755856331414468618e+00 5.217965624020733273e+00
1.805148879221108116e+00 4.885550186590221777e+00
1.855825227755520057e+00 4.574311589139918865e+00
1.907924224765265908e+00 4.282900741040902126e+00
1.961485808579430667e+00 4.010054496759297926e+00
2.016551038724745393e+00 3.754590180642688235e+00
2.073162127401231736e+00 3.515400460510165637e+00
2.131362471841438122e+00 3.291448547825188253e+00
2.191196687578147895e+00 3.081763703645964636e+00
2.252710642645982198e+00 2.885437030873527320e+00
2.315951492743154372e+00 2.701617534558614864e+00
2.380967717380357840e+00 2.529508433190438499e+00
2.447809157044444017e+00 2.368363704978287743e+00
2.516527051405392790e+00 2.217484854155529650e+00
2.587174078595922744e+00 2.076217883289277477e+00
2.659804395593756698e+00 1.943950458471931819e+00
2.734473679737583041e+00 1.820109255106881818e+00
2.811239171408464355e+00 1.704157472783436100e+00
2.890159717909508874e+00 1.595592508468996584e+00
2.971295818577336600e+00 1.493943777932733585e+00
3.054709671159970164e+00 1.398770675957516918e+00
3.140465219496751281e+00 1.309660666498485337e+00
3.228628202536729219e+00 1.226227494509865235e+00
3.319266204733191561e+00 1.148109511689057394e+00
3.412448707852890450e+00 1.074968108880778983e+00
3.508247144239789783e+00 1.006486248346384338e+00
3.606734951574031900e+00 9.423670895363552846e-01
3.707987629168172372e+00 8.823327024092583182e-01
3.812082795843888317e+00 8.261228627199322938e-01
3.919100249433401739e+00 7.734939240549847383e-01
4.029122027951350660e+00 7.242177617263310108e-01
4.142232472483896366e+00 6.780807839449978225e-01
4.258518291843413017e+00 6.348830059890340216e-01
4.378068629038172510e+00 5.944371833524293436e-01
4.500975129608047354e+00 5.565680001176043223e-01
4.627332011878690032e+00 5.211113090333966413e-01
4.757236139187885904e+00 4.879134200045986969e-01
4.890787094139594338e+00 4.568304339089430122e-01
5.028087254942479767e+00 4.277276188539068102e-01
5.169241873891597727e+00 4.004788261696668461e-01
5.314359158053243881e+00 3.749659436067749319e-01
5.463550352214879169e+00 3.510783833683950861e-01
5.616929824163807261e+00 3.287126027579289067e-01
5.774615152359817039e+00 3.077716553642393382e-01
5.936727216069127344e+00 2.881647708390434603e-01
6.103390288028621491e+00 2.698069614449846720e-01
6.274732129711575013e+00 2.526186536689318252e-01
6.450884089267698407e+00 2.365253433037021735e-01
6.631981202212673843e+00 2.214572725031289380e-01
6.818162294944477786e+00 2.073491274106415982e-01
7.009570091165615580e+00 1.941397550507041603e-01
7.206351321293055889e+00 1.817718982559512197e-01
7.408656834939563396e+00 1.701919474810423827e-01
7.616641716552886798e+00 1.593497084274497766e-01
7.830465404301192756e+00 1.491981844719280637e-01
8.050291812295983007e+00 1.396933729555850934e-01
8.276289456246344045e+00 1.307940744505495800e-01
8.508631582640587609e+00 1.224617141774866635e-01
8.747496301554422260e+00 1.146601747998792636e-01
8.993066723187620681e+00 1.073556398703081477e-01
9.245531098233566780e+00 1.005164472501347828e-01
9.505082962189515428e+00 9.411295186722198891e-02
9.771921283717999174e+00 8.811739721680388049e-02
1.004625061717340628e+01 8.250379504851457213e-02
1.032828125941029640e+01 7.724781271806824279e-02
1.061822941099384643e+01 7.232666771530751881e-02
1.091631734193614811e+01 6.771902891144183922e-02
1.122277356208507015e+01 6.340492409742419511e-02
1.153783299629661485e+01 5.936565341268312118e-02
1.186173716452478821e+01 5.558370828895901200e-02
1.219473436696737778e+01 5.204269555790027452e-02
1.253707987440921379e+01 4.872726639345670296e-02
1.288903612390893194e+01 4.562304978106500319e-02
1.325087291997952832e+01 4.271659022524282312e-02
1.362286764141645712e+01 3.999528942557938060e-02
1.400530545393221082e+01 3.744735166831233975e-02
1.439847952876007753e+01 3.506173269678598131e-02
1.480269126739508501e+01 3.282809183916512996e-02
1.521825053264387861e+01 3.073674718589845811e-02
1.564547588616096618e+01 2.877863362264381289e-02
1.608469483265355748e+01 2.694526353674583583e-02
1.653624407094179460e+01 2.522869002694454188e-02
1.700046975206718614e+01 2.362147245684423358e-02
1.747772774464680978e+01 2.211664420283129470e-02
1.796838390767719673e+01 2.070768245664139293e-02
1.847281437099635681e+01 1.938847995168268071e-02
1.899140582361934904e+01 1.815331849056039948e-02
1.952455581016860364e+01 1.699684415905548113e-02
2.007267303562567662e+01 1.591404411912018119e-02
2.063617767863859598e+01 1.490022488029785035e-02
2.121550171362450854e+01 1.395099195538245310e-02
2.181108924191518383e+01 1.306223081213357673e-02
2.242339683219847757e+01 1.223008903848044407e-02
2.305289387051708516e+01 1.145095964390848223e-02
2.370006292009328064e+01 1.072146542464686228e-02
2.436540009125468131e+01 1.003844432488656090e-02
2.504941542174504221e+01 9.398935730575872990e-03
2.575263326771200667e+01 8.800167636382649067e-03
2.647559270567065681e+01 8.239544630197367936e-03
2.721884794575180422e+01 7.714636643094767952e-03
2.798296875655116978e+01 7.223168415989865247e-03
2.876854090190592217e+01 6.763009637330577584e-03
2.957616658993256564e+01 6.332165709077999284e-03
3.040646493467068723e+01 5.928769100948623125e-03
3.126007243068703190e+01 5.551071255442749722e-03
3.213764344100275139e+01 5.197435008570724241e-03
3.303985069871860247e+01 4.866327493423970238e-03
3.396738582272208617e+01 4.556313495830752527e-03
3.492095984787270169e+01 4.266049233296181908e-03
3.590130377007073292e+01 3.994276530260717009e-03
3.690916910662779316e+01 3.739817364429354196e-03
3.794532847236938977e+01 3.501568760532061848e-03
3.901057617190990356e+01 3.278498009382043669e-03
4.010572880855499989e+01 3.069638191508421068e-03
4.123162591029752377e+01 2.874083985960128144e-03
4.238913057338778145e+01 2.690987746113921233e-03
4.357913012397032304e+01 2.519555825476750902e-03
4.480253679829492341e+01 2.359045137556373562e-03
4.606028844202401018e+01 2.208759934888659352e-03
4.735334922917113687e+01 2.068048793260010912e-03
4.868271040122284887e+01 1.936301788052749873e-03
5.004939102700954123e+01 1.812947850474092059e-03
5.145443878390924652e+01 1.697452292209054164e-03
5.289893076098154978e+01 1.589314487767693298e-03
5.438397428464800498e+01 1.488065704480606016e-03
5.591070776755292115e+01 1.393267070736617852e-03
5.748030158125349942e+01 1.304507673655814180e-03
5.909395895340973937e+01 1.221402777952109754e-03
6.075291689016074059e+01 1.143592158264865322e-03
6.245844712439613744e+01 1.070738537730893348e-03
6.421185709064765490e+01 1.002526126028714052e-03
6.601449092734890201e+01 9.386592505580858888e-04
6.786773050723294887e+01 8.788610748215370822e-04
6.977299649665530978e+01 8.228723984526162705e-04
7.173174944465618807e+01 7.704505336894776997e-04
7.374549090259552031e+01 7.213682534237805593e-04
7.581576457522108115e+01 6.754128062651281383e-04
7.794415750404954224e+01 6.323849943517586419e-04
8.013230128396889995e+01 5.920983099101793283e-04
8.238187331399603863e+01 5.543781268210857616e-04
8.469459808314594795e+01 5.190609436873383498e-04
8.707224849239922548e+01 4.859936751230111459e-04
8.951664721378301692e+01 4.550329881915413620e-04
9.202966808760409378e+01 4.260446811167143419e-04
9.461323755890775544e+01 3.989031015734543313e-04
9.726933615426175095e+01 3.734906020369490784e-04
9.999999999999995737e+01 3.496970298292751138e-04
