1.000000000000000048e-04 1.789744481382444974e+02
1.028073223830865281e-04 1.838269714821539651e+02
1.056934553557988362e-04 1.888109119390487365e+02
1.086606113854597351e-04 1.939298146055240295e+02
1.117110650504824041e-04 1.991873438035242714e+02
1.148471547840289439e-04 2.045872351861005143e+02
1.180712846666190141e-04 2.101333152469598247e+02
1.213859262690628250e-04 2.158295388732159381e+02
1.247936205471311189e-04 2.216799640385485475e+02
1.282969797894147957e-04 2.276887292787992294e+02
1.318986896198670199e-04 2.338600948079926525e+02
1.356015110565633925e-04 2.401984582941678354e+02
1.394082826282578376e-04 2.467083238040325739e+02
1.433219225503574155e-04 2.533943006719058531e+02
1.473454309619835539e-04 2.602610952534887474e+02
1.514818922258346051e-04 2.673135403433901160e+02
1.557344772926134557e-04 2.745566708657507320e+02
1.601064461318317826e-04 2.819956417956415748e+02
1.646011502308550778e-04 2.896356465132545850e+02
1.692220351641037391e-04 2.974820518121338182e+02
1.739726432343801689e-04 3.055404477017835916e+02
1.788566161883461665e-04 3.138165404690931268e+02
1.838776980082327715e-04 3.223161469022347205e+02
1.890397377819221208e-04 3.310452000478305195e+02
1.943466926536020897e-04 3.400097876129059955e+02
1.998026308572550618e-04 3.492162507089473706e+02
2.054117348353064979e-04 3.586710901278809160e+02
2.111783044448243749e-04 3.683808767756117390e+02
2.171067602537265953e-04 3.783523710588057156e+02
2.232016469295233991e-04 3.885925644373868977e+02
2.294676367231936914e-04 3.991085933900237706e+02
2.359095330508635614e-04 4.099077440035700874e+02
2.425322741760353111e-04 4.209975305852947827e+02
2.493409369951879494e-04 4.323856830121979442e+02
2.563407409296515377e-04 4.440801205762842869e+02
2.635370519267394326e-04 4.560889277752103794e+02
2.709353865732051759e-04 4.684202986699929738e+02
2.785414163241767813e-04 4.810826990550953042e+02
2.863609718508116210e-04 4.940849362181400011e+02
2.944000475100034728e-04 5.074359238260767597e+02
3.026648059395691654e-04 5.211446864689563654e+02
3.111615827824361444e-04 5.352205834431397307e+02
3.198968915434537695e-04 5.496732584291431749e+02
3.288774285825511105e-04 5.645125188894420489e+02
3.381100782480684795e-04 5.797483845304626584e+02
3.476019181541978613e-04 5.953911065877384772e+02
3.573602246065787046e-04 6.114511902983523441e+02
3.673924781802075296e-04 6.279394059300126401e+02
3.777063694539367416e-04 6.448667532950977375e+02
3.883098049059605528e-04 6.622444668681445137e+02
3.992109129748052884e-04 6.800840647568107897e+02
4.104180502904709654e-04 6.983973306429270451e+02
4.219398080805026588e-04 7.171962343386238672e+02
4.337850187558990231e-04 7.364930236852568441e+02
4.459627626819093779e-04 7.563003180641538847e+02
4.584823751389095932e-04 7.766309755434272120e+02
4.713534534786909978e-04 7.974980334097780315e+02
4.845858644816496185e-04 8.189148319393183328e+02
4.981897519205162042e-04 8.408950237869449893e+02
5.121755443364240474e-04 8.634525001263459671e+02
5.265539630332758715e-04 8.866014131499844098e+02
5.413360302965379654e-04 9.103562022401296190e+02
5.565330778427647921e-04 9.347315996163131331e+02
5.721567555063251324e-04 9.597426256017583910e+02
5.882190401699957617e-04 9.854045693399498305e+02
6.047322449462647380e-04 1.011732970135387518e+03
6.217090286163829381e-04 1.038743712073178813e+03
6.391624053344003523e-04 1.066453011201959043e+03
6.571057546036271476e-04 1.094877156397760473e+03
6.755528315331644270e-04 1.124032618662882214e+03
6.945177773823697038e-04 1.153936307938179880e+03
7.140151304013400355e-04 1.184605475893233915e+03
7.340598369757211656e-04 1.216057645712021440e+03
7.546672630843890076e-04 1.248310511979963849e+03
7.758532060787837713e-04 1.281381851757337245e+03
7.976339067929278130e-04 1.315289805460494108e+03
8.200260619934130737e-04 1.350052892479747243e+03
8.430468371788971344e-04 1.385689795317266999e+03
8.667138797389231696e-04 1.422219348214736556e+03
8.910453324821514341e-04 1.459660395373311076e+03
9.160598475443706154e-04 1.498032084078267644e+03
9.417766006869523988e-04 1.537354256354561358e+03
9.682153059967085751e-04 1.577646662943231831e+03
9.953962309984236857e-04 1.618928533265768465e+03
1.023340212191642049e-03 1.661219680957253559e+03
1.052068671023622922e-03 1.704540580035195489e+03
1.081603630310709867e-03 1.748911512437417741e+03
1.111967731120699519e-03 1.794352641048182022e+03
1.143184250129150028e-03 1.840884092339767903e+03
1.175277117462945366e-03 1.888526154605772035e+03
1.208270935044776636e-03 1.937299555685551013e+03
1.242190995452617476e-03 1.987224827544121354e+03
1.277063301308643990e-03 2.038321947589564843e+03
1.312914585212465604e-03 2.090611711831480989e+03
1.349772330233942573e-03 2.144115467132658978e+03
1.387664790981308705e-03 2.198850075019945507e+03
1.426621015260737648e-03 2.254832747848450708e+03
1.466670866343968349e-03 2.312100459669243719e+03
1.507845045861051347e-03 2.370685173321081493e+03
1.550175117335769997e-03 2.430577360323845824e+03
1.593693530381775150e-03 2.491778086067960430e+03
1.638433645577984637e-03 2.554325105527320829e+03
1.684429760042315850e-03 2.618245933838212295e+03
1.731717133723354026e-03 2.683552487758018287e+03
1.780332016430114135e-03 2.750262037521432831e+03
1.830311675620612021e-03 2.818394231297521401e+03
1.881694424970556086e-03 2.887959072585906597e+03
1.934519653744045872e-03 2.958967010541249692e+03
1.988827856988810081e-03 3.031443244903049617e+03
2.044660666579116784e-03 3.105408738129544417e+03
2.102060883130158625e-03 3.180870418804605379e+03
2.161072508808377368e-03 3.257836548780895100e+03
2.221740781062885202e-03 3.336318823847082058e+03
2.284112207303824749e-03 3.416329722424353349e+03
2.348234600554276272e-03 3.497880760752851984e+03
2.414157116103019234e-03 3.580976045162623450e+03
2.481930289186255051e-03 3.665617681924056342e+03
2.551606073727184613e-03 3.751812298487042426e+03
2.623237882163122550e-03 3.839564437508812716e+03
2.696880626390694112e-03 3.928873346509210933e+03
2.772590759860483686e-03 4.019738143063184907e+03
2.850426320853435488e-03 4.112158291083812401e+03
2.930446976972143555e-03 4.206129327187635681e+03
3.012714070881164757e-03 4.301643553484811491e+03
3.097290667331408388e-03 4.398692412940018585e+03
3.184241601504654226e-03 4.497265321754132856e+03
3.273633528715246682e-03 4.597348011399518327e+03
3.365534975507094694e-03 4.698923777544456243e+03
3.460016392185110562e-03 4.801973839707377920e+03
3.557150206821386215e-03 4.906476217400581845e+03
3.657010880777490907e-03 5.012405450852096692e+03
3.759674965785466966e-03 5.119733226718931292e+03
3.865221162631264206e-03 5.228428256264262927e+03
3.973730381485608698e-03 5.338455658832115660e+03
4.085285803928562741e-03 5.449776779504125443e+03
4.199972946715305709e-03 5.562348158217786477e+03
4.317879727332022029e-03 5.676122730920606045e+03
4.439096531392168997e-03 5.791050142696040893e+03
4.563716281924761094e-03 5.907075452220811712e+03
4.691834510607797992e-03 6.024138788282198220e+03
4.823549431001468782e-03 6.142176058306036794e+03
4.958962013837215146e-03 6.261118923665211696e+03
5.098176064420424994e-03 6.380894318273732097e+03
5.241298302206058926e-03 6.501424293410833343e+03
5.388438442608223244e-03 6.622624922511570730e+03
5.539709281106404079e-03 6.744406755427856297e+03
5.695226779712823234e-03 6.866674313974609504e+03
5.855110155867242032e-03 6.989327096560464270e+03
6.019481973827276768e-03 7.112259416074897672e+03
6.188468238624385796e-03 7.235357569475512719e+03
6.362198492657489789e-03 7.358500677857859955e+03
6.540805914998253610e-03 7.481562560864280385e+03
6.724427423484249239e-03 7.604411392051907569e+03
6.913203779678128193e-03 7.726908241283157622e+03
7.107279696773417810e-03 7.848905680603573273e+03
7.306803950529504668e-03 7.970245371963261277e+03
7.511929493320966197e-03 8.090771797263712870e+03
7.722813571388646714e-03 8.210331056019515017e+03
7.939617845382279313e-03 8.328713645656605877e+03
8.162508514287231468e-03 8.445698794645357339e+03
8.391656442830155299e-03 8.561265773529004946e+03
8.627237292461452031e-03 8.675377301832457306e+03
8.869431656014713575e-03 8.787625543608688531e+03
9.118425196146570655e-03 8.897643141336488043e+03
9.374408787662998066e-03 9.005329099266287812e+03
9.637578663841087079e-03 9.110476660893393273e+03
9.908136566858672528e-03 9.212733516173697353e+03
1.018628990244687879e-02 9.312066131443914855e+03
1.047225189888434729e-02 9.408476780177230467e+03
1.076624177045493527e-02 9.500590589638997699e+03
1.106848488549412070e-02 9.587194689466386990e+03
1.137921293915315074e-02 9.669861621336087410e+03
1.169866413101306943e-02 9.749656462651639231e+03
1.202708334768511945e-02 9.825203887188403314e+03
1.236472235053715993e-02 9.895400159311800962e+03
1.271183996869028332e-02 9.959929519994888324e+03
1.306870229743346996e-02 1.001944658557980256e+04
1.343558290220825575e-02 1.007488309842000672e+04
1.381276302832009847e-02 1.012442694470893912e+04
1.420053181653682141e-02 1.016592906259172923e+04
1.459918652473978819e-02 1.020035299764644333e+04
1.500903275579736421e-02 1.022821541261403218e+04
1.543038469183564444e-02 1.024759766866886275e+04
1.586356533508591002e-02 1.025822302307405698e+04
1.630890675549331870e-02 1.026204469796922604e+04
1.676675034527700184e-02 1.025877810118547859e+04
1.723744708063620554e-02 1.024673465967096490e+04
1.772135779080359283e-02 1.022645134845955363e+04
1.821885343465167589e-02 1.019875331663124052e+04
1.873031538506437013e-02 1.016195412767841844e+04
1.925613572129198509e-02 1.011479625336352365e+04
1.979671752951332395e-02 1.005811956757260668e+04
2.035247521183577296e-02 9.992385231949645458e+03
2.092383480396978190e-02 9.917281242105173078e+03
2.151123430182166549e-02 9.832718078813233660e+03
2.211512399725490061e-02 9.738807070617993304e+03
2.273596682327716154e-02 9.635650018540191013e+03
2.337423870891815886e-02 9.523376202435831146e+03
2.403042894406967958e-02 9.402194084286351426e+03
2.470504055456825693e-02 9.272372096454844723e+03
2.539859068780726467e-02 9.134239458518242827e+03
2.611161100917459149e-02 8.988197244672113811e+03
2.684464810961964890e-02 8.834710839824956565e+03
2.759826392466179640e-02 8.674312663719261764e+03
2.837303616516213128e-02 8.507606802221316684e+03
2.916955876018797328e-02 8.335262378805146000e+03
2.998844231231028931e-02 8.158011303615166980e+03
3.083031456568277942e-02 7.976648025169974062e+03
3.169582088726115993e-02 7.792020608624457054e+03
3.258562476153226140e-02 7.605022778691003623e+03
3.350040829913133317e-02 7.416588567800590681e+03
3.444087275973822804e-02 7.227684861662391995e+03
3.540773908965272332e-02 7.039288806882248537e+03
3.640174847446139839e-02 6.852391002072382435e+03
3.742366290721982347e-02 6.667966375777001304e+03
3.847426577258503816e-02 6.486966745321999952e+03
3.955436244734702317e-02 6.310302273932201388e+03
4.066478091781854792e-02 6.138827898218753944e+03
4.180637241455758407e-02 5.973321221435128791e+03
4.298001206490798670e-02 5.814460125488692029e+03
4.418659956385941057e-02 5.662817096061013217e+03
4.542705986374045990e-02 5.518828269082611769e+03
4.670234388327333674e-02 5.382784590472855598e+03
4.801342923653453137e-02 5.254809601725557513e+03
4.936132098237919208e-02 5.134842513080500794e+03
5.074705239490467923e-02 5.022632980415200109e+03
5.217168575554350513e-02 4.917718236629449166e+03
5.363631316739241039e-02 4.819423228061795271e+03
5.514205739240302800e-02 4.726857616488422536e+03
5.669007271207433807e-02 4.638943944063401432e+03
5.828154581230844677e-02 4.554249639999762621e+03
5.991769669310622465e-02 4.472642309688865680e+03
6.159977960380166873e-02 4.390012021035801808e+03
6.332908400455118658e-02 4.305997128930473082e+03
6.510693555481457395e-02 4.218793934324100519e+03
6.693469712958663442e-02 4.126762081304734238e+03
6.881376986415664587e-02 4.028442930909890038e+03
7.074559422819878818e-02 3.922641828939057177e+03
7.273165113001461846e-02 3.808553063341340021e+03
7.477346305177587360e-02 3.685804332950426669e+03
7.687259521663733497e-02 3.554275805311350723e+03
7.903065678861345700e-02 3.415197861284066676e+03
8.124930210614052239e-02 3.270017881840300561e+03
8.353023195026774983e-02 3.120761828867736767e+03
8.587519484845174134e-02 2.969913183535062672e+03
8.828598841495152727e-02 2.820282070484682208e+03
9.076446072885357985e-02 2.674810872978593125e+03
9.331251175078249249e-02 2.536354919463718943e+03
9.593209477938241525e-02 2.407494557653829816e+03
9.862521794868782388e-02 2.290310716055625107e+03
1.013939457675292477e-01 2.186213911021400691e+03
1.042404007021556500e-01 2.095822719937299098e+03
1.071667648032863795e-01 2.018869082298272133e+03
1.101752813788386687e-01 1.954158492007246878e+03
1.132682567136154145e-01 1.899590868005966740e+03
1.164480618372685794e-01 1.852281807428364118e+03
1.197171343418966943e-01 1.808752399497126362e+03
1.230779802506665743e-01 1.765238426165627061e+03
1.265331759388942934e-01 1.718114580933671505e+03
1.300853701090571579e-01 1.664389096877094971e+03
1.337372858212496074e-01 1.602217936429650081e+03
1.374917225806419896e-01 1.531269972253163814e+03
1.413515584835395023e-01 1.452856921975215073e+03
1.453197524236895799e-01 1.369798259509356967e+03
1.493993463605258198e-01 1.285968844989036825e+03
1.535934676510897212e-01 1.205621743058284665e+03
1.579053314474175851e-01 1.132573382394010650e+03
1.623382431612278298e-01 1.069530356326635228e+03
1.668956009978024568e-01 1.017690458499192800e+03
1.715808985610006165e-01 9.764811335988658811e+02
1.763977275314044801e-01 9.436007765645333620e+02
1.813497804196496366e-01 9.154935561881884496e+02
1.864408533970486059e-01 8.880434933699372095e+02
1.916748492056815356e-01 8.574590471491744665e+02
1.970557801501798822e-01 8.213310538818974464e+02
2.025877711735017406e-01 7.793556681154958596e+02
2.082750630190516594e-01 7.333522276799195652e+02
2.141220154815729193e-01 6.867014022260106003e+02
2.201331107493031680e-01 6.431559673457637700e+02
2.263129568399529223e-01 6.055617750768579981e+02
2.326662911331459360e-01 5.750397394682058803e+02
2.391979840020238557e-01 5.506430931734711294e+02
2.459130425468044889e-01 5.298060224040244748e+02
2.528166144331501219e-01 5.093383340416702936e+02
2.599139918382933900e-01 4.866973389188879651e+02
2.672106155079435608e-01 4.610726879138062486e+02
2.747120789270811603e-01 4.336112505779751132e+02
2.824241326078435477e-01 4.067158502321082665e+02
2.903526884977813416e-01 3.826655187787126806e+02
2.985038245118734057e-01 3.624896453654687321e+02
3.068837891917643446e-01 3.455195373164134480e+02
3.154990064958086982e-01 3.299535692094342494e+02
3.243560807235809640e-01 3.139811982704109141e+02
3.334618015786366407e-01 2.968926595235565173e+02
3.428231493733970847e-01 2.793707808269256248e+02
3.524473003801584237e-01 2.627998956778877186e+02
3.623416323323152555e-01 2.481606325698847684e+02
3.725137300800212548e-01 2.353517049492269280e+02
3.829713914046279921e-01 2.234387902166089361e+02
3.937226329963477989e-01 2.115205407675699405e+02
4.047756965997323930e-01 1.994488919922274874e+02
4.161390553316708374e-01 1.877851691196972297e+02
4.278214201767614466e-01 1.771125267448929037e+02
4.398317466650228380e-01 1.674540733549653453e+02
4.521792417370701922e-01 1.583573025272939958e+02
4.648733708020256206e-01 1.494473321916322561e+02
4.779238649935594330e-01 1.407833222482614133e+02
4.913407286296365140e-01 1.326494375537578208e+02
5.051342468816764075e-01 1.251384763745887341e+02
5.193149936590210070e-01 1.180713626192607819e+02
5.338938397147356962e-01 1.112768046560457833e+02
5.488819609789672427e-01 1.047849908300628101e+02
5.642908471262538805e-01 9.869533161933846088e+01
5.801323103833373462e-01 9.299008090979459951e+01
5.964184945842465613e-01 8.757668277090624542e+01
6.131618844795774237e-01 8.242825578468101355e+01
6.303753153071274262e-01 7.757570332591326689e+01
6.480719826311974741e-01 7.301232650776454136e+01
6.662654524581153037e-01 6.869860344115306816e+01
6.849696716357442927e-01 6.461532648920821487e+01
7.041989785449285222e-01 6.076976949180120613e+01
7.239681140910878554e-01 5.714465065830697199e+01
7.442922330043759693e-01 5.372233930265650770e+01
7.651869154570819509e-01 5.049581585995269251e+01
7.866681790071589075e-01 4.745480982461848640e+01
8.087524908770455934e-01 4.458800724383316805e+01
8.314567805772061782e-01 4.188651543446029990e+01
8.547984528840417706e-01 3.934192496699672859e+01
8.787954011821322853e-01 3.694499108306066404e+01
9.034660211810530139e-01 3.468811067474205601e+01
9.288292250172494047e-01 3.256370010744520727e+01
9.549044557518088228e-01 3.056427698902487577e+01
9.817117022752195332e-01 2.868284175412827608e+01
1.009271514630570854e+00 2.691278091556318941e+01
1.037605019766912440e+00 2.524771736198971794e+01
1.066733937734857918e+00 2.368170362971059717e+01
1.096680598336868151e+00 2.220920770310614145e+01
1.127467958244945612e+00 2.082500230875588798e+01
1.159119618598886126e+00 1.952407727422826866e+01
1.191659843098559213e+00 1.830167329178898683e+01
1.225113576604118126e+00 1.715327444543391522e+01
1.259506464258359104e+00 1.607449655972519054e+01
1.294864871145904983e+00 1.506125841788633402e+01
1.331215902504307769e+00 1.410978279404639579e+01
1.368587424502517580e+00 1.321650202718657674e+01
1.407008085602686087e+00 1.237806973107711883e+01
1.446507338521646480e+00 1.159124050566977360e+01
1.487115462808953126e+00 1.085281116973754578e+01
1.528863588058731571e+00 1.016142407090656796e+01
1.571783717773163280e+00 9.514082345477353542e+00
1.615908753895917815e+00 8.907980047372255683e+00
1.661272522034291654e+00 8.340489985574205178e+00
1.707909797389428608e+00 7.809152336391238514e+00
1.755856331414468618e+00 7.311663981185914096e+00
1.805148879221108116e+00 6.845868523353274782e+00
1.855825227755520057e+00 6.409746941275292542e+00
1.907924224765265908e+00 6.001408836736409569e+00
1.961485808579430667e+00 5.619084240865814373e+00
2.016551038724745393e+00 5.261115942088803621e+00
2.073162127401231736e+00 4.925952302832178553e+00
2.131362471841438122e+00 4.612140533847234103e+00
2.191196687578147895e+00 4.318320396997425981e+00
2.252710642645982198e+00 4.043218309215050432e+00
2.315951492743154372e+00 3.785641822070099582e+00
2.380967717380357840e+00 3.544474453022660398e+00
2.447809157044444017e+00 3.318670845954545534e+00
2.516527051405392790e+00 3.107252240003167909e+00
2.587174078595922744e+00 2.909302227057001478e+00
2.659804395593756698e+00 2.723962779523234623e+00
2.734473679737583041e+00 2.550430531149684654e+00
2.811239171408464355e+00 2.387953294779951552e+00
2.890159717909508874e+00 2.235826801947798259e+00
2.971295818577336600e+00 2.093391650178304086e+00
3.054709671159970164e+00 1.960030444763654511e+00
3.140465219496751281e+00 1.835165122624422551e+00
3.228628202536729219e+00 1.718254446656421131e+00
3.319266204733191561e+00 1.608791659702214716e+00
3.412448707852890450e+00 1.506302287978271925e+00
3.508247144239789783e+00 1.410342084436561505e+00
3.606734951574031900e+00 1.320495103145961080e+00
3.707987629168172372e+00 1.236371896346752042e+00
3.812082795843888317e+00 1.157607826363213466e+00
3.919100249433401739e+00 1.083861485057189489e+00
4.029122027951350660e+00 1.014813213971639039e+00
4.142232472483896366e+00 9.501637187496411174e-01
4.258518291843413017e+00 8.896327718229515291e-01
4.378068629038172510e+00 8.329579977468348773e-01
4.500975129608047354e+00 7.798937359161213223e-01
4.627332011878690032e+00 7.302099757328563978e-01
4.757236139187885904e+00 6.836913596099531976e-01
4.890787094139594338e+00 6.401362494893036992e-01
5.028087254942479767e+00 5.993558528281078823e-01
5.169241873891597727e+00 5.611734042649479948e-01
5.314359158053243881e+00 5.254233994184867029e-01
5.463550352214879169e+00 4.919508774976392718e-01
5.616929824163807261e+00 4.606107496136421231e-01
5.774615152359817039e+00 4.312671698825448208e-01
5.936727216069127344e+00 4.037929465921242245e-01
6.103390288028621491e+00 3.780689908808878008e-01
6.274732129711575013e+00 3.539838005394240206e-01
6.450884089267698407e+00 3.314329766966062629e-01
6.631981202212673843e+00 3.103187712956914646e-01
6.818162294944477786e+00 2.905496633988192134e-01
7.009570091165615580e+00 2.720399624833756969e-01
7.206351321293055889e+00 2.547094370106821604e-01
7.408656834939563396e+00 2.384829666570156270e-01
7.616641716552886798e+00 2.232902166995328341e-01
7.830465404301192756e+00 2.090653331457020536e-01
8.050291812295983007e+00 1.957466572847606223e-01
8.276289456246344045e+00 1.832764584239022498e-01
8.508631582640587609e+00 1.716006836507213140e-01
8.747496301554422260e+00 1.606687235372427913e-01
8.993066723187620681e+00 1.504331927699663063e-01
9.245531098233566780e+00 1.408497247550497822e-01
9.505082962189515428e+00 1.318767793083364948e-01
9.771921283717999174e+00 1.234754625966435621e-01
1.004625061717340628e+01 1.156093585498364218e-01
1.032828125941029640e+01 1.082443710129331188e-01
1.061822941099384643e+01 1.013485759540363601e-01
1.091631734193614811e+01 9.489208308747829057e-02
1.122277356208507015e+01 8.884690631237493474e-02
1.153783299629661485e+01 8.318684240499689408e-02
1.186173716452478821e+01 7.788735743914067255e-02
1.219473436696737778e+01 7.292548044218181980e-02
1.253707987440921379e+01 6.827970382585517306e-02
1.288903612390893194e+01 6.392989016017262827e-02
1.325087291997952832e+01 5.985718488638377272e-02
1.362286764141645712e+01 5.604393459062771005e-02
1.400530545393221082e+01 5.247361048402812700e-02
1.439847952876007753e+01 4.913073675755045416e-02
1.480269126739508501e+01 4.600082350107087548e-02
1.521825053264387861e+01 4.307030389589005387e-02
1.564547588616096618e+01 4.032647540844866429e-02
1.608469483265355748e+01 3.775744473034460535e-02
1.653624407094179460e+01 3.535207622599097210e-02
1.700046975206718614e+01 3.309994366445756508e-02
1.747772774464680978e+01 3.099128502627436499e-02
1.796838390767719673e+01 2.901696018930422991e-02
1.847281437099635681e+01 2.716841131027105533e-02
1.899140582361934904e+01 2.543762573021481760e-02
1.952455581016860364e+01 2.381710124308446599e-02
2.007267303562567662e+01 2.229981357692321225e-02
2.063617767863859598e+01 2.087918594669112282e-02
2.121550171362450854e+01 1.954906054674975663e-02
2.181108924191518383e+01 1.830367185944107439e-02
2.242339683219847757e+01 1.713762166406490248e-02
2.305289387051708516e+01 1.604585563792963743e-02
2.370006292009328064e+01 1.502364144805194181e-02
2.436540009125468131e+01 1.406654823854236805e-02
2.504941542174504221e+01 1.317042742476366539e-02
2.575263326771200667e+01 1.233139471101273553e-02
2.647559270567065681e+01 1.154581325378067728e-02
2.721884794575180422e+01 1.081027789761095266e-02
2.798296875655116978e+01 1.012160041522492011e-02
2.876854090190592217e+01 9.476795687937102780e-03
2.957616658993256564e+01 8.873068766458269696e-03
3.040646493467068723e+01 8.307802756000471842e-03
3.126007243068703190e+01 7.778547473171287981e-03
3.213764344100275139e+01 7.283008825489741336e-03
3.303985069871860247e+01 6.819038867488755665e-03
3.396738582272208617e+01 6.384626490301625705e-03
3.492095984787270169e+01 5.977888704375898532e-03
3.590130377007073292e+01 5.597062477529008394e-03
3.690916910662779316e+01 5.240497092967168029e-03
3.794532847236938977e+01 4.906646994142831175e-03
3.901057617190990356e+01 4.594065085436298268e-03
4.010572880855499989e+01 4.301396459622798020e-03
4.123162591029752377e+01 4.027372524936356085e-03
4.238913057338778145e+01 3.770805506273792324e-03
4.357913012397032304e+01 3.530583296703959043e-03
4.480253679829492341e+01 3.305664636965747766e-03
4.606028844202401018e+01 3.095074602060056065e-03
4.735334922917113687e+01 2.897900375372069494e-03
4.868271040122284887e+01 2.713287292006485388e-03
5.004939102700954123e+01 2.540435134185269842e-03
5.145443878390924652e+01 2.378594662650085345e-03
5.289893076098154978e+01 2.227064369034531619e-03
5.438397428464800498e+01 2.085187435129133311e-03
5.591070776755292115e+01 1.952348885858805599e-03
5.748030158125349942e+01 1.827972923632195440e-03
5.909395895340973937e+01 1.711520432508440749e-03
6.075291689016074059e+01 1.602486641363010849e-03
6.245844712439613744e+01 1.500398935923447693e-03
6.421185709064765490e+01 1.404814810191138894e-03
6.601449092734890201e+01 1.315319948369422396e-03
6.786773050723294887e+01 1.231526428984007753e-03
6.977299649665530978e+01 1.153071043411357278e-03
7.173174944465618807e+01 1.079613721526573615e-03
7.374549090259552031e+01 1.010836057646660648e-03
7.581576457522108115e+01 9.464399303797593277e-04
7.794415750404954224e+01 8.861462103980008703e-04
8.013230128396889995e+01 8.296935505327360976e-04
8.238187331399603863e+01 7.768372529477231541e-04
8.469459808314594795e+01 7.273482084799621919e-04
8.707224849239922548e+01 6.810119035506807025e-04
8.951664721378301692e+01 6.376274903418536946e-04
9.202966808760409378e+01 5.970069162078809081e-04
9.461323755890775544e+01 5.589741085487960962e-04
9.726933615426175095e+01 5.233642116117861575e-04
9.999999999999995737e+01 4.900228719128861890e-04
