1.000000000000000048e-04 3.511479082305263688e+01
1.028073223830865281e-04 3.606691582368660676e+01
1.056934553557988362e-04 3.704482997994289661e+01
1.086606113854597351e-04 3.804923043124956195e+01
1.117110650504824041e-04 3.908083839171185048e+01
1.148471547840289439e-04 4.014038978051688389e+01
1.180712846666190141e-04 4.122863707121988597e+01
1.213859262690628250e-04 4.234634994380678563e+01
1.247936205471311189e-04 4.349432144251177590e+01
1.282969797894147957e-04 4.467337542335578604e+01
1.318986896198670199e-04 4.588435172577120369e+01
1.356015110565633925e-04 4.712810127106570945e+01
1.394082826282578376e-04 4.840550627276176954e+01
1.433219225503574155e-04 4.971748084155849767e+01
1.473454309619835539e-04 5.106495941381638204e+01
1.514818922258346051e-04 5.244889717388406325e+01
1.557344772926134557e-04 5.387026585046749716e+01
1.601064461318317826e-04 5.533006545418729161e+01
1.646011502308550778e-04 5.682933671541306353e+01
1.692220351641037391e-04 5.836914481109525354e+01
1.739726432343801689e-04 5.995057445372421512e+01
1.788566161883461665e-04 6.157474093493998879e+01
1.838776980082327715e-04 6.324279112636219935e+01
1.890397377819221208e-04 6.495589897064685658e+01
1.943466926536020897e-04 6.671526859697226541e+01
1.998026308572550618e-04 6.852214105316234338e+01
2.054117348353064979e-04 7.037778990979902005e+01
2.111783044448243749e-04 7.228351712091051695e+01
2.171067602537265953e-04 7.424065389572709250e+01
2.232016469295233991e-04 7.625056066828472012e+01
2.294676367231936914e-04 7.831464796794544725e+01
2.359095330508635614e-04 8.043437510562198156e+01
2.425322741760353111e-04 8.261121583317641637e+01
2.493409369951879494e-04 8.484667280660252686e+01
2.563407409296515377e-04 8.714230916110871306e+01
2.635370519267394326e-04 8.949972572239114754e+01
2.709353865732051759e-04 9.192053769025068277e+01
2.785414163241767813e-04 9.440641372616516946e+01
2.863609718508116210e-04 9.695909173684212590e+01
2.944000475100034728e-04 9.958033330780088477e+01
3.026648059395691654e-04 1.022719236504562303e+02
3.111615827824361444e-04 1.050357063394504280e+02
3.198968915434537695e-04 1.078735776131557884e+02
3.288774285825511105e-04 1.107874717900829893e+02
3.381100782480684795e-04 1.137793708519347859e+02
3.476019181541978613e-04 1.168513131154364828e+02
3.573602246065787046e-04 1.200053810004998098e+02
3.673924781802075296e-04 1.232436952988535950e+02
3.777063694539367416e-04 1.265684240424507578e+02
3.883098049059605528e-04 1.299817857873162552e+02
3.992109129748052884e-04 1.334860642835945725e+02
4.104180502904709654e-04 1.370836023814026134e+02
4.219398080805026588e-04 1.407767842459022347e+02
4.337850187558990231e-04 1.445680373351249841e+02
4.459627626819093779e-04 1.484598226200946556e+02
4.584823751389095932e-04 1.524546758876814465e+02
4.713534534786909978e-04 1.565552275958733333e+02
4.845858644816496185e-04 1.607641323427211546e+02
4.981897519205162042e-04 1.650840669020693667e+02
5.121755443364240474e-04 1.695177892291225703e+02
5.265539630332758715e-04 1.740681258705758125e+02
5.413360302965379654e-04 1.787379323601662691e+02
5.565330778427647921e-04 1.835301242835454332e+02
5.721567555063251324e-04 1.884477089891377659e+02
5.882190401699957617e-04 1.934937304301409711e+02
6.047322449462647380e-04 1.986712409425413739e+02
6.217090286163829381e-04 2.039833744637560358e+02
6.391624053344003523e-04 2.094333513263911755e+02
6.571057546036271476e-04 2.150244300954460073e+02
6.755528315331644270e-04 2.207599112509493580e+02
6.945177773823697038e-04 2.266431313967688936e+02
7.140151304013400355e-04 2.326774813184652260e+02
7.340598369757211656e-04 2.388664209838135264e+02
7.546672630843890076e-04 2.452134631477355526e+02
7.758532060787837713e-04 2.517221641277188837e+02
7.976339067929278130e-04 2.583961193024384215e+02
8.200260619934130737e-04 2.652389607457164971e+02
8.430468371788971344e-04 2.722543545515785581e+02
8.667138797389231696e-04 2.794460079786613846e+02
8.910453324821514341e-04 2.868176845543245577e+02
9.160598475443706154e-04 2.943731865240136472e+02
9.417766006869523988e-04 3.021163252964381627e+02
9.682153059967085751e-04 3.100509567811943157e+02
9.953962309984236857e-04 3.181809918865280906e+02
1.023340212191642049e-03 3.265103315299189717e+02
1.052068671023622922e-03 3.350428607713134852e+02
1.081603630310709867e-03 3.437825239359091256e+02
1.111967731120699519e-03 3.527333120131501687e+02
1.143184250129150028e-03 3.618992316971237528e+02
1.175277117462945366e-03 3.712842820960249810e+02
1.208270935044776636e-03 3.808923968890073297e+02
1.242190995452617476e-03 3.907275368926166266e+02
1.277063301308643990e-03 4.007937333160346043e+02
1.312914585212465604e-03 4.110950733468958447e+02
1.349772330233942573e-03 4.216356340024588008e+02
1.387664790981308705e-03 4.324188235940488880e+02
1.426621015260737648e-03 4.434481443555278020e+02
1.466670866343968349e-03 4.547302827530325544e+02
1.507845045861051347e-03 4.662711102145352697e+02
1.550175117335769997e-03 4.780697896218466099e+02
1.593693530381775150e-03 4.901271982632404161e+02
1.638433645577984637e-03 5.024501508511971224e+02
1.684429760042315850e-03 5.150437840346500025e+02
1.731717133723354026e-03 5.279106885613272198e+02
1.780332016430114135e-03 5.410543519976736206e+02
1.830311675620612021e-03 5.544786544557554180e+02
1.881694424970556086e-03 5.681858445318548547e+02
1.934519653744045872e-03 5.821782252502456458e+02
1.988827856988810081e-03 5.964605319613355050e+02
2.044660666579116784e-03 6.110367438023787372e+02
2.102060883130158625e-03 6.259084249875869546e+02
2.161072508808377368e-03 6.410774374287526598e+02
2.221740781062885202e-03 6.565462981192517873e+02
2.284112207303824749e-03 6.723174795427790968e+02
2.348234600554276272e-03 6.883931690408080613e+02
2.414157116103019234e-03 7.047743381361168531e+02
2.481930289186255051e-03 7.214616034154871613e+02
2.551606073727184613e-03 7.384562702229867455e+02
2.623237882163122550e-03 7.557592453324372173e+02
2.696880626390694112e-03 7.733704991042880010e+02
2.772590759860483686e-03 7.912899319002882521e+02
2.850426320853435488e-03 8.095174422403252947e+02
2.930446976972143555e-03 8.280521083831080205e+02
3.012714070881164757e-03 8.468923481709284715e+02
3.097290667331408388e-03 8.660364631264914124e+02
3.184241601504654226e-03 8.854823759290454745e+02
3.273633528715246682e-03 9.052272866511339089e+02
3.365534975507094694e-03 9.252679277700761986e+02
3.460016392185110562e-03 9.456006455337785610e+02
3.557150206821386215e-03 9.662211117959435569e+02
3.657010880777490907e-03 9.871242730589090115e+02
3.759674965785466966e-03 1.008304696103165952e+03
3.865221162631264206e-03 1.029756435416629529e+03
3.973730381485608698e-03 1.051472474546114199e+03
4.085285803928562741e-03 1.073445052307988362e+03
4.199972946715305709e-03 1.095665984787732441e+03
4.317879727332022029e-03 1.118126294308179695e+03
4.439096531392168997e-03 1.140815946662329452e+03
4.563716281924761094e-03 1.163724108098004535e+03
4.691834510607797992e-03 1.186839149535675688e+03
4.823549431001468782e-03 1.210148531646940228e+03
4.958962013837215146e-03 1.233638783779388859e+03
5.098176064420424994e-03 1.257295300913862320e+03
5.241298302206058926e-03 1.281102534213553099e+03
5.388438442608223244e-03 1.305044135314027017e+03
5.539709281106404079e-03 1.329102624464304427e+03
5.695226779712823234e-03 1.353259070753284050e+03
5.855110155867242032e-03 1.377493559962344307e+03
6.019481973827276768e-03 1.401785215614384697e+03
6.188468238624385796e-03 1.426111738455796512e+03
6.362198492657489789e-03 1.450449465246812679e+03
6.540805914998253610e-03 1.474773289595189908e+03
6.724427423484249239e-03 1.499056916863691185e+03
6.913203779678128193e-03 1.523273000549085964e+03
7.107279696773417810e-03 1.547392617690425368e+03
7.306803950529504668e-03 1.571384723249252602e+03
7.511929493320966197e-03 1.595218491948708333e+03
7.722813571388646714e-03 1.618863046841421465e+03
7.939617845382279313e-03 1.642277118432883753e+03
8.162508514287231468e-03 1.665417494963200170e+03
8.391656442830155299e-03 1.688279417575151683e+03
8.627237292461452031e-03 1.710854879961273355e+03
8.869431656014713575e-03 1.733064408308671773e+03
9.118425196146570655e-03 1.754836210854396768e+03
9.374408787662998066e-03 1.776149632913604137e+03
9.637578663841087079e-03 1.796963490428450541e+03
9.908136566858672528e-03 1.817208459315714890e+03
1.018628990244687879e-02 1.836877469267318475e+03
1.047225189888434729e-02 1.855970270573786593e+03
1.076624177045493527e-02 1.874216523934418319e+03
1.106848488549412070e-02 1.891377827661268839e+03
1.137921293915315074e-02 1.907762832877942401e+03
1.169866413101306943e-02 1.923580399305788433e+03
1.202708334768511945e-02 1.938559713156986390e+03
1.236472235053715993e-02 1.952483432071134303e+03
1.271183996869028332e-02 1.965289260643236503e+03
1.306870229743346996e-02 1.977105950094018226e+03
1.343558290220825575e-02 1.988116739020849991e+03
1.381276302832009847e-02 1.997963936525520012e+03
1.420053181653682141e-02 2.006223512179682302e+03
1.459918652473978819e-02 2.013085600708773200e+03
1.500903275579736421e-02 2.018652272069540459e+03
1.543038469183564444e-02 2.022545189688778009e+03
1.586356533508591002e-02 2.024709396435667713e+03
1.630890675549331870e-02 2.025529324889074815e+03
1.676675034527700184e-02 2.024948615579536408e+03
1.723744708063620554e-02 2.022634316994026449e+03
1.772135779080359283e-02 2.018691930129082039e+03
1.821885343465167589e-02 2.013283813246922364e+03
1.873031538506437013e-02 2.006077686085880259e+03
1.925613572129198509e-02 1.996825605296140566e+03
1.979671752951332395e-02 1.985692492182274464e+03
2.035247521183577296e-02 1.972768872546790135e+03
2.092383480396978190e-02 1.957993250899579834e+03
2.151123430182166549e-02 1.941348115896209038e+03
2.211512399725490061e-02 1.922855573707269741e+03
2.273596682327716154e-02 1.902535481451215674e+03
2.337423870891815886e-02 1.880412987854533640e+03
2.403042894406967958e-02 1.856528939134546590e+03
2.470504055456825693e-02 1.830936469126985685e+03
2.539859068780726467e-02 1.803701152197556667e+03
2.611161100917459149e-02 1.774901643248305618e+03
2.684464810961964890e-02 1.744629295820587004e+03
2.759826392466179640e-02 1.712989722165737930e+03
2.837303616516213128e-02 1.680102402257729636e+03
2.916955876018797328e-02 1.646099341652797420e+03
2.998844231231028931e-02 1.611124900650580912e+03
3.083031456568277942e-02 1.575336254812121979e+03
3.169582088726115993e-02 1.538900713283255300e+03
3.258562476153226140e-02 1.501994817116094282e+03
3.350040829913133317e-02 1.464803406578720114e+03
3.444087275973822804e-02 1.427517154468137505e+03
3.540773908965272332e-02 1.390329471435054757e+03
3.640174847446139839e-02 1.353435370896151198e+03
3.742366290721982347e-02 1.317028392474506973e+03
3.847426577258503816e-02 1.281295988937622724e+03
3.955436244734702317e-02 1.246418443830519664e+03
4.066478091781854792e-02 1.212564740805710699e+03
4.180637241455758407e-02 1.179887911689608927e+03
4.298001206490798670e-02 1.148522719239316984e+03
4.418659956385941057e-02 1.118581800302428746e+03
4.542705986374045990e-02 1.090152026133835534e+03
4.670234388327333674e-02 1.063290592965522592e+03
4.801342923653453137e-02 1.038021751824532885e+03
4.936132098237919208e-02 1.014334074381010510e+03
5.074705239490467923e-02 9.921777106740922818e+02
5.217168575554350513e-02 9.714620194426396438e+02
5.363631316739241039e-02 9.520531064261126630e+02
5.514205739240302800e-02 9.337752056163570842e+02
5.669007271207433807e-02 9.164157812498347084e+02
5.828154581230844677e-02 8.996917032456767629e+02
5.991769669310622465e-02 8.835768907861945536e+02
6.159977960380166873e-02 8.672595481594471494e+02
6.332908400455118658e-02 8.506682135220097507e+02
6.510693555481457395e-02 8.334464434672887592e+02
6.693469712958663442e-02 8.152701828681158531e+02
6.881376986415664587e-02 7.958514307058057966e+02
7.074559422819878818e-02 7.749542955505506825e+02
7.273165113001461846e-02 7.524192788619017165e+02
7.477346305177587360e-02 7.281729262406232692e+02
7.687259521663733497e-02 7.021918247340937569e+02
7.903065678861345700e-02 6.747184957539066090e+02
8.124930210614052239e-02 6.460392945605578916e+02
8.353023195026774983e-02 6.165545878745480195e+02
8.587519484845174134e-02 5.867546322874059115e+02
8.828598841495152727e-02 5.571949954356604167e+02
9.076446072885357985e-02 5.284566809769353313e+02
9.331251175078249249e-02 5.011042508239135032e+02
9.593209477938241525e-02 4.756471875235044990e+02
9.862521794868782388e-02 4.524968491120335443e+02
1.013939457675292477e-01 4.319318217081864191e+02
1.042404007021556500e-01 4.140745500064920179e+02
1.071667648032863795e-01 3.988718931782843811e+02
1.101752813788386687e-01 3.860880641746520610e+02
1.132682567136154145e-01 3.753079999382506458e+02
1.164480618372685794e-01 3.659618569112949444e+02
1.197171343418966943e-01 3.573625664016533392e+02
1.230779802506665743e-01 3.487660983233236607e+02
1.265331759388942934e-01 3.394563956306570276e+02
1.300853701090571579e-01 3.288423091307803361e+02
1.337372858212496074e-01 3.165595008446452994e+02
1.374917225806419896e-01 3.025425226822738978e+02
1.413515584835395023e-01 2.870504818926916641e+02
1.453197524236895799e-01 2.706405634266383231e+02
1.493993463605258198e-01 2.540782203602750542e+02
1.535934676510897212e-01 2.382038319207046868e+02
1.579053314474175851e-01 2.237714704877823806e+02
1.623382431612278298e-01 2.113158358963024170e+02
1.668956009978024568e-01 2.010737377916092328e+02
1.715808985610006165e-01 1.929319119174055857e+02
1.763977275314044801e-01 1.864356767530748300e+02
1.813497804196496366e-01 1.808824430536875525e+02
1.864408533970486059e-01 1.754590968398207167e+02
1.916748492056815356e-01 1.694164289994945136e+02
1.970557801501798822e-01 1.622784620631245218e+02
2.025877711735017406e-01 1.539851134369093870e+02
2.082750630190516594e-01 1.448958805850078306e+02
2.141220154815729193e-01 1.356787364751755263e+02
2.201331107493031680e-01 1.270751072716510635e+02
2.263129568399529223e-01 1.196473225360950465e+02
2.326662911331459360e-01 1.136168169902812224e+02
2.391979840020238557e-01 1.087966121931859504e+02
2.459130425468044889e-01 1.046796592039843006e+02
2.528166144331501219e-01 1.006357065172894494e+02
2.599139918382933900e-01 9.616232925075135540e+01
2.672106155079435608e-01 9.109942893969198963e+01
2.747120789270811603e-01 8.567358949913716515e+01
2.824241326078435477e-01 8.035959860593705173e+01
2.903526884977813416e-01 7.560774701768096406e+01
2.985038245118734057e-01 7.162139603708831714e+01
3.068837891917643446e-01 6.826843567968406035e+01
3.154990064958086982e-01 6.519290651609590270e+01
3.243560807235809640e-01 6.203708062116833588e+01
3.334618015786366407e-01 5.866071155105746016e+01
3.428231493733970847e-01 5.519872294931526824e+01
3.524473003801584237e-01 5.192462520443325502e+01
3.623416323323152555e-01 4.903217810020746725e+01
3.725137300800212548e-01 4.650137639834243686e+01
3.829713914046279921e-01 4.414759392151905359e+01
3.937226329963477989e-01 4.179277866713448475e+01
4.047756965997323930e-01 3.940764708926909066e+01
4.161390553316708374e-01 3.710310545834263252e+01
4.278214201767614466e-01 3.499437636405531293e+01
4.398317466650228380e-01 3.308604629230165273e+01
4.521792417370701922e-01 3.128867825083525034e+01
4.648733708020256206e-01 2.952823741961451987e+01
4.779238649935594330e-01 2.781638905578836685e+01
4.913407286296365140e-01 2.620927166222166704e+01
5.051342468816764075e-01 2.472523644993653136e+01
5.193149936590210070e-01 2.332889736968507322e+01
5.338938397147356962e-01 2.198641277454358445e+01
5.488819609789672427e-01 2.070374378799852977e+01
5.642908471262538805e-01 1.950053300745534557e+01
5.801323103833373462e-01 1.837326919758339372e+01
5.964184945842465613e-01 1.730367782680000133e+01
6.131618844795774237e-01 1.628643876687763026e+01
6.303753153071274262e-01 1.532765520692132100e+01
6.480719826311974741e-01 1.442601241606174334e+01
6.662654524581153037e-01 1.357369260245685183e+01
6.849696716357442927e-01 1.276690962344356706e+01
7.041989785449285222e-01 1.200709380359339917e+01
7.239681140910878554e-01 1.129083064191356911e+01
7.442922330043759693e-01 1.061464040362660022e+01
7.651869154570819509e-01 9.977133529232348863e+00
7.866681790071589075e-01 9.376281811027091351e+00
8.087524908770455934e-01 8.809850316120074964e+00
8.314567805772061782e-01 8.276081490362544812e+00
8.547984528840417706e-01 7.773312894531513528e+00
8.787954011821322853e-01 7.299718219256019935e+00
9.034660211810530139e-01 6.853797454494964470e+00
9.288292250172494047e-01 6.434050460247787484e+00
9.549044557518088228e-01 6.038997328370260043e+00
9.817117022752195332e-01 5.667256844738375321e+00
1.009271514630570854e+00 5.317523493804569235e+00
1.037605019766912440e+00 4.988535259291133173e+00
1.066733937734857918e+00 4.679116342237389148e+00
1.096680598336868151e+00 4.388175451603562927e+00
1.127467958244945612e+00 4.114678905911199891e+00
1.159119618598886126e+00 3.857637933868371061e+00
1.191659843098559213e+00 3.616112077109724599e+00
1.225113576604118126e+00 3.389206450604744791e+00
1.259506464258359104e+00 3.176058558115641528e+00
1.294864871145904983e+00 2.975859780846084934e+00
1.331215902504307769e+00 2.787863667342282969e+00
1.368587424502517580e+00 2.611366289026069598e+00
1.407008085602686087e+00 2.445706210775113298e+00
1.446507338521646480e+00 2.290241686670350774e+00
1.487115462808953126e+00 2.144339908222512747e+00
1.528863588058731571e+00 2.007732925637548238e+00
1.571783717773163280e+00 1.879828606104934074e+00
1.615908753895917815e+00 1.760072539134301506e+00
1.661272522034291654e+00 1.647945633423210987e+00
1.707909797389428608e+00 1.542961866818493233e+00
1.755856331414468618e+00 1.444666179618202984e+00
1.805148879221108116e+00 1.352632502082545818e+00
1.855825227755520057e+00 1.266461907603886328e+00
1.907924224765265908e+00 1.185780883530620500e+00
1.961485808579430667e+00 1.110239712149668545e+00
2.016551038724745393e+00 1.039510954809846233e+00
2.073162127401231736e+00 9.732880326154358386e-01
2.131362471841438122e+00 9.112838975378665385e-01
2.191196687578147895e+00 8.532297881853502242e-01
2.252710642645982198e+00 7.988740648372610886e-01
2.315951492743154372e+00 7.479811186936317080e-01
2.380967717380357840e+00 7.003303506118296884e-01
2.447809157044444017e+00 6.557152149036781230e-01
2.516527051405392790e+00 6.139423240482847488e-01
2.587174078595922744e+00 5.748306104398963612e-01
2.659804395593756698e+00 5.382105415373129587e-01
2.734473679737583041e+00 5.039233850128712611e-01
2.811239171408464355e+00 4.718205207157308845e-01
2.890159717909508874e+00 4.417627964671203555e-01
2.971295818577336600e+00 4.136199248951908936e-01
3.054709671159970164e+00 3.872699186950130934e-01
3.140465219496751281e+00 3.625985618658136844e-01
3.228628202536729219e+00 3.394989146334885244e-01
3.319266204733191561e+00 3.178708499124457409e-01
3.412448707852890450e+00 2.976206192975372478e-01
3.508247144239789783e+00 2.786604467048410805e-01
3.606734951574031900e+00 2.609081478998995784e-01
3.707987629168172372e+00 2.442867742642332030e-01
3.812082795843888317e+00 2.287242792560078286e-01
3.919100249433401739e+00 2.141532061191076530e-01
4.029122027951350660e+00 2.005103954869642824e-01
4.142232472483896366e+00 1.877367116137311220e-01
4.258518291843413017e+00 1.757767860461310894e-01
4.378068629038172510e+00 1.645787776249059142e-01
4.500975129608047354e+00 1.540941477755754241e-01
4.627332011878690032e+00 1.442774501144886423e-01
4.757236139187885904e+00 1.350861334581985873e-01
4.890787094139594338e+00 1.264803573822913529e-01
5.028087254942479767e+00 1.184228195301954140e-01
5.169241873891597727e+00 1.108785939234288170e-01
5.314359158053243881e+00 1.038149795724284813e-01
5.463550352214879169e+00 9.720135873175457519e-02
5.616929824163807261e+00 9.100906418526615027e-02
5.774615152359817039e+00 8.521125498600719272e-02
5.936727216069127344e+00 7.978280011218753798e-02
6.103390288028621491e+00 7.470016953495799139e-02
6.274732129711575013e+00 6.994133222580455056e-02
6.450884089267698407e+00 6.548566066146771503e-02
6.631981202212673843e+00 6.131384141245630609e-02
6.818162294944477786e+00 5.740779142759561832e-02
7.009570091165615580e+00 5.375057965173891950e-02
7.206351321293055889e+00 5.032635363688878899e-02
7.408656834939563396e+00 4.712027082861888760e-02
7.616641716552886798e+00 4.411843422995216646e-02
7.830465404301192756e+00 4.130783216382599016e-02
8.050291812295983007e+00 3.867628187304025106e-02
8.276289456246344045e+00 3.621237671321828749e-02
8.508631582640587609e+00 3.390543670988488412e-02
8.747496301554422260e+00 3.174546226534721155e-02
8.993066723187620681e+00 2.972309081471806100e-02
9.245531098233566780e+00 2.782955624320358062e-02
9.505082962189515428e+00 2.605665088874700719e-02
9.771921283717999174e+00 2.439668996532599193e-02
1.004625061717340628e+01 2.284247825269379931e-02
1.032828125941029640e+01 2.138727890817859745e-02
1.061822941099384643e+01 2.002478426535344788e-02
1.091631734193614811e+01 1.874908849300159844e-02
1.122277356208507015e+01 1.755466199586546566e-02
1.153783299629661485e+01 1.643632744621752184e-02
1.186173716452478821e+01 1.538923734236014723e-02
1.219473436696737778e+01 1.440885299678020502e-02
1.253707987440921379e+01 1.349092486288091045e-02
1.288903612390893194e+01 1.263147411501589282e-02
1.325087291997952832e+01 1.182677540198268269e-02
1.362286764141645712e+01 1.107334069921946107e-02
1.400530545393221082e+01 1.036790418971124395e-02
1.439847952876007753e+01 9.707408108070676375e-03
1.480269126739508501e+01 9.088989486433591766e-03
1.521825053264387861e+01 8.509967744718507573e-03
1.564547588616096618e+01 7.967833071459073588e-03
1.608469483265355748e+01 7.460235544845410932e-03
1.653624407094179460e+01 6.984974946818672641e-03
1.700046975206718614e+01 6.539991226067317850e-03
1.747772774464680978e+01 6.123355568586238452e-03
1.796838390767719673e+01 5.733262037093466573e-03
1.847281437099635681e+01 5.368019743064866497e-03
1.899140582361934904e+01 5.026045517455986732e-03
1.952455581016860364e+01 4.705857048341739388e-03
2.007267303562567662e+01 4.406066455728543593e-03
2.063617767863859598e+01 4.125374275688470545e-03
2.121550171362450854e+01 3.862563827739208620e-03
2.181108924191518383e+01 3.616495941054831235e-03
2.242339683219847757e+01 3.386104016647757415e-03
2.305289387051708516e+01 3.170389404118575429e-03
2.370006292009328064e+01 2.968417072933923762e-03
2.436540009125468131e+01 2.779311559469255666e-03
2.504941542174504221e+01 2.602253172248674210e-03
2.575263326771200667e+01 2.436474438933155118e-03
2.647559270567065681e+01 2.281256779656389098e-03
2.721884794575180422e+01 2.135927392288565051e-03
2.798296875655116978e+01 1.999856336127055385e-03
2.876854090190592217e+01 1.872453801373039593e-03
2.957616658993256564e+01 1.753167552558434475e-03
3.040646493467068723e+01 1.641480534841454177e-03
3.126007243068703190e+01 1.536908632795140530e-03
3.213764344100275139e+01 1.438998571974157417e-03
3.303985069871860247e+01 1.347325954164040659e-03
3.396738582272208617e+01 1.261493417796555631e-03
3.492095984787270169e+01 1.181128915557342869e-03
3.590130377007073292e+01 1.105884101720022066e-03
3.690916910662779316e+01 1.035432822216539404e-03
3.794532847236938977e+01 9.694697008988539680e-04
3.901057617190990356e+01 9.077088158640182888e-04
4.010572880855499989e+01 8.498824601050841785e-04
4.123162591029752377e+01 7.957399811157900163e-04
4.238913057338778145e+01 7.450466944192085184e-04
4.357913012397032304e+01 6.975828663109693347e-04
4.480253679829492341e+01 6.531427614076827821e-04
4.606028844202401018e+01 6.115337508720934939e-04
4.735334922917113687e+01 5.725754774495042752e-04
4.868271040122284887e+01 5.360990736962585731e-04
5.004939102700954123e+01 5.019464300116355335e-04
5.145443878390924652e+01 4.699695093003927520e-04
5.289893076098154978e+01 4.400297052953080893e-04
5.438397428464800498e+01 4.119972417583259703e-04
5.591070776755292115e+01 3.857506099561010065e-04
5.748030158125349942e+01 3.611760419716373194e-04
5.909395895340973937e+01 3.381670175690535286e-04
6.075291689016074059e+01 3.166238024739438835e-04
6.245844712439613744e+01 2.964530160679786693e-04
6.421185709064765490e+01 2.775672266238844743e-04
6.601449092734890201e+01 2.598845723263217456e-04
6.786773050723294887e+01 2.433284064359470032e-04
6.977299649665530978e+01 2.278269650585973091e-04
7.173174944465618807e+01 2.133130560795196856e-04
7.374549090259552031e+01 1.997237679143074312e-04
7.581576457522108115e+01 1.870001968141037432e-04
7.794415750404954224e+01 1.750871915430576322e-04
8.013230128396889995e+01 1.639331143213175804e-04
8.238187331399603863e+01 1.534896169973534708e-04
8.469459808314594795e+01 1.437114314794096087e-04
8.707224849239922548e+01 1.345561735176989653e-04
8.951664721378301692e+01 1.259841589868177620e-04
9.202966808760409378e+01 1.179582318720444036e-04
9.461323755890775544e+01 1.104436032139158693e-04
9.726933615426175095e+01 1.034077003129758849e-04
9.999999999999995737e+01 9.682002554106181719e-05
