1.000000000000000048e-04 1.016660471537725385e+02
1.028073223830865281e-04 1.044225559548108180e+02
1.056934553557988362e-04 1.072537350984656541e+02
1.086606113854597351e-04 1.101615957256249629e+02
1.117110650504824041e-04 1.131481965050197687e+02
1.148471547840289439e-04 1.162156775135394327e+02
1.180712846666190141e-04 1.193662391168731034e+02
1.213859262690628250e-04 1.226020873435599299e+02
1.247936205471311189e-04 1.259254986285338873e+02
1.282969797894147957e-04 1.293388827474806817e+02
1.318986896198670199e-04 1.328446838511956400e+02
1.356015110565633925e-04 1.364453480153918861e+02
1.394082826282578376e-04 1.401434183898995798e+02
1.433219225503574155e-04 1.439415381083356351e+02
1.473454309619835539e-04 1.478424026645107290e+02
1.514818922258346051e-04 1.518487686397970435e+02
1.557344772926134557e-04 1.559634643045955329e+02
1.601064461318317826e-04 1.601893996022789111e+02
1.646011502308550778e-04 1.645295803901208274e+02
1.692220351641037391e-04 1.689870751684216827e+02
1.739726432343801689e-04 1.735650030070117396e+02
1.788566161883461665e-04 1.782665885763896654e+02
1.838776980082327715e-04 1.830951633367033367e+02
1.890397377819221208e-04 1.880541223647191771e+02
1.943466926536020897e-04 1.931469401103475718e+02
1.998026308572550618e-04 1.983772013349750125e+02
2.054117348353064979e-04 2.037485817747325711e+02
2.111783044448243749e-04 2.092648285248270099e+02
2.171067602537265953e-04 2.149297923048966368e+02
2.232016469295233991e-04 2.207474407555067728e+02
2.294676367231936914e-04 2.267218489982293477e+02
2.359095330508635614e-04 2.328571961837601805e+02
2.425322741760353111e-04 2.391577269951464473e+02
2.493409369951879494e-04 2.456277851928689699e+02
2.563407409296515377e-04 2.522718962947982959e+02
2.635370519267394326e-04 2.590946893542092084e+02
2.709353865732051759e-04 2.661008131290004712e+02
2.785414163241767813e-04 2.732950764989408867e+02
2.863609718508116210e-04 2.806825041795701168e+02
2.944000475100034728e-04 2.882681786090882952e+02
3.026648059395691654e-04 2.960572390031932741e+02
3.111615827824361444e-04 3.040549993897403738e+02
3.198968915434537695e-04 3.122669307101111826e+02
3.288774285825511105e-04 3.206986197651152111e+02
3.381100782480684795e-04 3.293557808155388216e+02
3.476019181541978613e-04 3.382442564339632440e+02
3.573602246065787046e-04 3.473700238547584718e+02
3.673924781802075296e-04 3.567391963425736208e+02
3.777063694539367416e-04 3.663580426970148665e+02
3.883098049059605528e-04 3.762329876075312995e+02
3.992109129748052884e-04 3.863705734037534967e+02
4.104180502904709654e-04 3.967774820580523851e+02
4.219398080805026588e-04 4.074605829634593306e+02
4.337850187558990231e-04 4.184268956516572189e+02
4.459627626819093779e-04 4.296835417279163494e+02
4.584823751389095932e-04 4.412377939664171436e+02
4.713534534786909978e-04 4.530970906529330477e+02
4.845858644816496185e-04 4.652690572893006333e+02
4.981897519205162042e-04 4.777615047457937862e+02
5.121755443364240474e-04 4.905823619727532332e+02
5.265539630332758715e-04 5.037396927662297230e+02
5.413360302965379654e-04 5.172417075754186726e+02
5.565330778427647921e-04 5.310967794091670839e+02
5.721567555063251324e-04 5.453134515568498273e+02
5.882190401699957617e-04 5.599004381581371490e+02
6.047322449462647380e-04 5.748666223317172808e+02
6.217090286163829381e-04 5.902210233296718798e+02
6.391624053344003523e-04 6.059727954305537878e+02
6.571057546036271476e-04 6.221312624247379972e+02
6.755528315331644270e-04 6.387059080229705614e+02
6.945177773823697038e-04 6.557063208018062141e+02
7.140151304013400355e-04 6.731422545081161388e+02
7.340598369757211656e-04 6.910236890832676409e+02
7.546672630843890076e-04 7.093607097805370358e+02
7.758532060787837713e-04 7.281634374968759857e+02
7.976339067929278130e-04 7.474421838053355032e+02
8.200260619934130737e-04 7.672074532162578180e+02
8.430468371788971344e-04 7.874697759734000329e+02
8.667138797389231696e-04 8.082397769781373427e+02
8.910453324821514341e-04 8.295283799553963036e+02
9.160598475443706154e-04 8.513466388833821838e+02
9.417766006869523988e-04 8.737055268530475587e+02
9.682153059967085751e-04 8.966160897203360491e+02
9.953962309984236857e-04 9.200894784184011996e+02
1.023340212191642049e-03 9.441370375074698131e+02
1.052068671023622922e-03 9.687702913044165598e+02
1.081603630310709867e-03 9.940006667613174614e+02
1.111967731120699519e-03 1.019839563059096690e+03
1.143184250129150028e-03 1.046298522764678637e+03
1.175277117462945366e-03 1.073389175577808601e+03
1.208270935044776636e-03 1.101123185505284255e+03
1.242190995452617476e-03 1.129512113815897237e+03
1.277063301308643990e-03 1.158567311083464801e+03
1.312914585212465604e-03 1.188300684682027168e+03
1.349772330233942573e-03 1.218724539950351982e+03
1.387664790981308705e-03 1.249848572446111348e+03
1.426621015260737648e-03 1.281682563605886571e+03
1.466670866343968349e-03 1.314247107528066181e+03
1.507845045861051347e-03 1.347560115942084849e+03
1.550175117335769997e-03 1.381616994719806144e+03
1.593693530381775150e-03 1.416418862501489457e+03
1.638433645577984637e-03 1.451986680402869069e+03
1.684429760042315850e-03 1.488335947676525393e+03
1.731717133723354026e-03 1.525473803599171333e+03
1.780332016430114135e-03 1.563410171407521602e+03
1.830311675620612021e-03 1.602156144669397918e+03
1.881694424970556086e-03 1.641717382135307389e+03
1.934519653744045872e-03 1.682099852692113245e+03
1.988827856988810081e-03 1.723318037914219985e+03
2.044660666579116784e-03 1.765383927207399893e+03
2.102060883130158625e-03 1.808301323994754284e+03
2.161072508808377368e-03 1.852074981654307294e+03
2.221740781062885202e-03 1.896711841032982420e+03
2.284112207303824749e-03 1.942219142731302554e+03
2.348234600554276272e-03 1.988603425673806896e+03
2.414157116103019234e-03 2.035866721539933224e+03
2.481930289186255051e-03 2.084010089008248997e+03
2.551606073727184613e-03 2.133038115576680411e+03
2.623237882163122550e-03 2.182953783208512050e+03
2.696880626390694112e-03 2.233755851372493908e+03
2.772590759860483686e-03 2.285443824369570848e+03
2.850426320853435488e-03 2.338018404801262932e+03
2.930446976972143555e-03 2.391476691322053739e+03
3.012714070881164757e-03 2.445813221054745554e+03
3.097290667331408388e-03 2.501023735858871987e+03
3.184241601504654226e-03 2.557103093655807243e+03
3.273633528715246682e-03 2.614042606245911884e+03
3.365534975507094694e-03 2.671832236836673928e+03
3.460016392185110562e-03 2.730461495223051315e+03
3.557150206821386215e-03 2.789918313924403265e+03
3.657010880777490907e-03 2.850188787696294185e+03
3.759674965785466966e-03 2.911256815211818775e+03
3.865221162631264206e-03 2.973104210033109212e+03
3.973730381485608698e-03 3.035710861155311704e+03
4.085285803928562741e-03 3.099054767534592884e+03
4.199972946715305709e-03 3.163111933876520652e+03
4.317879727332022029e-03 3.227855989028150816e+03
4.439096531392168997e-03 3.293257706270532708e+03
4.563716281924761094e-03 3.359285818849042244e+03
4.691834510607797992e-03 3.425907008343781854e+03
4.823549431001468782e-03 3.493084697438927378e+03
4.958962013837215146e-03 3.560779357050449562e+03
5.098176064420424994e-03 3.628949466597785886e+03
5.241298302206058926e-03 3.697550963177547601e+03
5.388438442608223244e-03 3.766536189839089275e+03
5.539709281106404079e-03 3.835854372085029354e+03
5.695226779712823234e-03 3.905451429820964677e+03
5.855110155867242032e-03 3.975270039496806021e+03
6.019481973827276768e-03 4.045249509932570163e+03
6.188468238624385796e-03 4.115325443569107847e+03
6.362198492657489789e-03 4.185429833597694596e+03
6.540805914998253610e-03 4.255490593834953870e+03
6.724427423484249239e-03 4.325432098687562757e+03
6.913203779678128193e-03 4.395175139653280894e+03
7.107279696773417810e-03 4.464636001019923242e+03
7.306803950529504668e-03 4.533725205036517764e+03
7.511929493320966197e-03 4.602354307931317635e+03
7.722813571388646714e-03 4.670435069450020819e+03
7.939617845382279313e-03 4.737848239819662012e+03
8.162508514287231468e-03 4.804468527237608214e+03
8.391656442830155299e-03 4.870283706562684529e+03
8.627237292461452031e-03 4.935272134748423014e+03
8.869431656014713575e-03 4.999202493943666923e+03
9.118425196146570655e-03 5.061866156656893509e+03
9.374408787662998066e-03 5.123204802650238889e+03
9.637578663841087079e-03 5.183100471216376718e+03
9.908136566858672528e-03 5.241353174577088794e+03
1.018628990244687879e-02 5.297943579869449422e+03
1.047225189888434729e-02 5.352872338901960575e+03
1.076624177045493527e-02 5.405357639350523641e+03
1.106848488549412070e-02 5.454709853398437190e+03
1.137921293915315074e-02 5.501822639109956981e+03
1.169866413101306943e-02 5.547301191379317061e+03
1.202708334768511945e-02 5.590363382513904071e+03
1.236472235053715993e-02 5.630381403540829524e+03
1.271183996869028332e-02 5.667175363996510896e+03
1.306870229743346996e-02 5.701117385137296878e+03
1.343558290220825575e-02 5.732737323351715531e+03
1.381276302832009847e-02 5.761004450458605788e+03
1.420053181653682141e-02 5.784696121293213764e+03
1.459918652473978819e-02 5.804359218983289793e+03
1.500903275579736421e-02 5.820287042653870230e+03
1.543038469183564444e-02 5.831389280173313637e+03
1.586356533508591002e-02 5.837508647831749840e+03
1.630890675549331870e-02 5.839755033299513343e+03
1.676675034527700184e-02 5.837965754372232368e+03
1.723744708063620554e-02 5.831179925695822021e+03
1.772135779080359283e-02 5.819703657413586370e+03
1.821885343465167589e-02 5.804007014730756055e+03
1.873031538506437013e-02 5.783129749507312226e+03
1.925613572129198509e-02 5.756355651793971447e+03
1.979671752951332395e-02 5.724162588515965581e+03
2.035247521183577296e-02 5.686812729739664974e+03
2.092383480396978190e-02 5.644127976020425194e+03
2.151123430182166549e-02 5.596057436379903265e+03
2.211512399725490061e-02 5.542664854916743025e+03
2.273596682327716154e-02 5.484007791850195645e+03
2.337423870891815886e-02 5.420159369142254945e+03
2.403042894406967958e-02 5.351238569713847028e+03
2.470504055456825693e-02 5.277398491194308917e+03
2.539859068780726467e-02 5.198826459437966150e+03
2.611161100917459149e-02 5.115749709848058956e+03
2.684464810961964890e-02 5.028432574957061661e+03
2.759826392466179640e-02 4.937179196138327825e+03
2.837303616516213128e-02 4.842332917278412424e+03
2.916955876018797328e-02 4.744274510043355804e+03
2.998844231231028931e-02 4.643421812023646453e+03
3.083031456568277942e-02 4.540226052418359359e+03
3.169582088726115993e-02 4.435169221626438230e+03
3.258562476153226140e-02 4.328760880026040468e+03
3.350040829913133317e-02 4.221533266807808104e+03
3.444087275973822804e-02 4.114035105495953758e+03
3.540773908965272332e-02 4.006825163927248013e+03
3.640174847446139839e-02 3.900464566258401646e+03
3.742366290721982347e-02 3.795510281385977578e+03
3.847426577258503816e-02 3.692504075257377281e+03
3.955436244734702317e-02 3.591962951218114995e+03
4.066478091781854792e-02 3.494375133117168843e+03
4.180637241455758407e-02 3.400181907406462415e+03
4.298001206490798670e-02 3.309770615671923224e+03
4.418659956385941057e-02 3.223466266214264579e+03
4.542705986374045990e-02 3.141517770317811483e+03
4.670234388327333674e-02 3.064090631533123087e+03
4.801342923653453137e-02 2.991254951474910285e+03
4.936132098237919208e-02 2.922977365213847406e+03
5.074705239490467923e-02 2.859113849986574223e+03
5.217168575554350513e-02 2.799403173778896871e+03
5.363631316739241039e-02 2.743459567992594202e+03
5.514205739240302800e-02 2.690776204389770101e+03
5.669007271207433807e-02 2.640740084573726563e+03
5.828154581230844677e-02 2.592535902744675241e+03
5.991769669310622465e-02 2.546089246592089239e+03
6.159977960380166873e-02 2.499058947131769401e+03
6.332908400455118658e-02 2.451240446905366753e+03
6.510693555481457395e-02 2.401605062406516026e+03
6.693469712958663442e-02 2.349221534862523185e+03
6.881376986415664587e-02 2.293257379457018487e+03
7.074559422819878818e-02 2.233034549635495750e+03
7.273165113001461846e-02 2.168092592507091922e+03
7.477346305177587360e-02 2.098220217256796786e+03
7.687259521663733497e-02 2.023349767370815471e+03
7.903065678861345700e-02 1.944180374074036081e+03
8.124930210614052239e-02 1.861537207625351130e+03
8.353023195026774983e-02 1.776573690944667987e+03
8.587519484845174134e-02 1.690702207725641983e+03
8.828598841495152727e-02 1.605523739305765503e+03
9.076446072885357985e-02 1.522712793264139236e+03
9.331251175078249249e-02 1.443895011654730752e+03
9.593209477938241525e-02 1.370539811440566837e+03
9.862521794868782388e-02 1.303831168349889595e+03
1.013939457675292477e-01 1.244572498548240901e+03
1.042404007021556500e-01 1.193116437178019396e+03
1.071667648032863795e-01 1.149309387341096908e+03
1.101752813788386687e-01 1.112472233877328563e+03
1.132682567136154145e-01 1.081408952027322357e+03
1.164480618372685794e-01 1.054477565027336141e+03
1.197171343418966943e-01 1.029698186499257417e+03
1.230779802506665743e-01 1.004927240414575294e+03
1.265331759388942934e-01 9.781014415546533201e+02
1.300853701090571579e-01 9.475169756837503883e+02
1.337372858212496074e-01 9.121245376186848262e+02
1.374917225806419896e-01 8.717355973470383788e+02
1.413515584835395023e-01 8.270964446759076054e+02
1.453197524236895799e-01 7.798126310360585194e+02
1.493993463605258198e-01 7.320899099837314452e+02
1.535934676510897212e-01 6.863495772789448210e+02
1.579053314474175851e-01 6.447642056347848438e+02
1.623382431612278298e-01 6.088747799087955173e+02
1.668956009978024568e-01 5.793631942853253349e+02
1.715808985610006165e-01 5.559032175869572256e+02
1.763977275314044801e-01 5.371850141537787522e+02
1.813497804196496366e-01 5.211840967915059082e+02
1.864408533970486059e-01 5.055571875098688110e+02
1.916748492056815356e-01 4.881459527652843349e+02
1.970557801501798822e-01 4.675786322843260336e+02
2.025877711735017406e-01 4.436825668485113283e+02
2.082750630190516594e-01 4.174932632660522813e+02
2.141220154815729193e-01 3.909353574942687146e+02
2.201331107493031680e-01 3.661453281134344593e+02
2.263129568399529223e-01 3.447432832464865555e+02
2.326662911331459360e-01 3.273672727186532256e+02
2.391979840020238557e-01 3.134785408462523151e+02
2.459130425468044889e-01 3.016161523156070530e+02
2.528166144331501219e-01 2.899641026682538154e+02
2.599139918382933900e-01 2.770747832725227795e+02
2.672106155079435608e-01 2.624868255745219017e+02
2.747120789270811603e-01 2.468531956020206337e+02
2.824241326078435477e-01 2.315417792155592736e+02
2.903526884977813416e-01 2.178500768170100912e+02
2.985038245118734057e-01 2.063641142204964183e+02
3.068837891917643446e-01 1.967030861933312735e+02
3.154990064958086982e-01 1.878414896872046143e+02
3.243560807235809640e-01 1.787484963547675250e+02
3.334618015786366407e-01 1.690200849779542978e+02
3.428231493733970847e-01 1.590449440870868330e+02
3.524473003801584237e-01 1.496112034680924410e+02
3.623416323323152555e-01 1.412771451624609824e+02
3.725137300800212548e-01 1.339850906935820660e+02
3.829713914046279921e-01 1.272030745567813312e+02
3.937226329963477989e-01 1.204180856653412093e+02
4.047756965997323930e-01 1.135457727331009892e+02
4.161390553316708374e-01 1.069056409390589124e+02
4.278214201767614466e-01 1.008297352445958524e+02
4.398317466650228380e-01 9.533121863385642314e+01
4.521792417370701922e-01 9.015243123755456622e+01
4.648733708020256206e-01 8.508002486296190625e+01
4.779238649935594330e-01 8.014765833359211911e+01
4.913407286296365140e-01 7.551704058365560002e+01
5.051342468816764075e-01 7.124107429182689089e+01
5.193149936590210070e-01 6.721779096395009390e+01
5.338938397147356962e-01 6.334966511361655250e+01
5.488819609789672427e-01 5.965389739253598123e+01
5.642908471262538805e-01 5.618706775167944301e+01
5.801323103833373462e-01 5.293907123876497423e+01
5.964184945842465613e-01 4.985723226865924573e+01
6.131618844795774237e-01 4.692625342536641853e+01
6.303753153071274262e-01 4.416370409959258581e+01
6.480719826311974741e-01 4.156578763003848564e+01
6.662654524581153037e-01 3.910997221967267024e+01
6.849696716357442927e-01 3.678540253399388860e+01
7.041989785449285222e-01 3.459612990646507313e+01
7.239681140910878554e-01 3.253235679770372002e+01
7.442922330043759693e-01 3.058404492786173989e+01
7.651869154570819509e-01 2.874718668735168237e+01
7.866681790071589075e-01 2.701594695074331298e+01
8.087524908770455934e-01 2.538388475709304970e+01
8.314567805772061782e-01 2.384593120577553194e+01
8.547984528840417706e-01 2.239729766252049359e+01
8.787954011821322853e-01 2.103272539109968875e+01
9.034660211810530139e-01 1.974788907138860239e+01
9.288292250172494047e-01 1.853846651325062922e+01
9.549044557518088228e-01 1.740019620066430761e+01
9.817117022752195332e-01 1.632909933135124092e+01
1.009271514630570854e+00 1.532141043993493490e+01
1.037605019766912440e+00 1.437349136572613872e+01
1.066733937734857918e+00 1.348196231889829200e+01
1.096680598336868151e+00 1.264367306593749873e+01
1.127467958244945612e+00 1.185564417522701319e+01
1.159119618598886126e+00 1.111502919105390141e+01
1.191659843098559213e+00 1.041912041090554020e+01
1.225113576604118126e+00 9.765337859941395138e+00
1.259506464258359104e+00 9.151189701649967034e+00
1.294864871145904983e+00 8.574356447195931707e+00
1.331215902504307769e+00 8.032682889050567709e+00
1.368587424502517580e+00 7.524138937572516284e+00
1.407008085602686087e+00 7.046821963208249606e+00
1.446507338521646480e+00 6.598880026963321654e+00
1.487115462808953126e+00 6.178493129604190948e+00
1.528863588058731571e+00 5.784887313693600319e+00
1.571783717773163280e+00 5.416356469150430897e+00
1.615908753895917815e+00 5.071303174992420004e+00
1.661272522034291654e+00 4.748231775210716599e+00
1.707909797389428608e+00 4.445741895751362804e+00
1.755856331414468618e+00 4.162522374502624523e+00
1.805148879221108116e+00 3.897345577977294528e+00
1.855825227755520057e+00 3.649062080055275992e+00
1.907924224765265908e+00 3.416595679721094569e+00
1.961485808579430667e+00 3.198938736200405586e+00
2.016551038724745393e+00 2.995147801275335642e+00
2.073162127401231736e+00 2.804339529846648915e+00
2.131362471841438122e+00 2.625686851016798773e+00
2.191196687578147895e+00 2.458415383097178442e+00
2.252710642645982198e+00 2.301800077000187628e+00
2.315951492743154372e+00 2.155162073466668993e+00
2.380967717380357840e+00 2.017865760506173167e+00
2.447809157044444017e+00 1.889316018295330357e+00
2.516527051405392790e+00 1.768955639592162399e+00
2.587174078595922744e+00 1.656262914484945226e+00
2.659804395593756698e+00 1.550749369006572786e+00
2.734473679737583041e+00 1.451957647812287089e+00
2.811239171408464355e+00 1.359459531743104188e+00
2.890159717909508874e+00 1.272854081681940697e+00
2.971295818577336600e+00 1.191765900656862609e+00
3.054709671159970164e+00 1.115843506658422246e+00
3.140465219496751281e+00 1.044757809117967007e+00
3.228628202536729219e+00 9.782006824431036529e-01
3.319266204733191561e+00 9.158836304272213180e-01
3.412448707852890450e+00 8.575365357438683445e-01
3.508247144239789783e+00 8.029064891055821551e-01
3.606734951574031900e+00 7.517566930120875845e-01
3.707987629168172372e+00 7.038654353360874749e-01
3.812082795843888317e+00 6.590251282975858604e-01
3.919100249433401739e+00 6.170414086611166748e-01
4.029122027951350660e+00 5.777322952556221969e-01
4.142232472483896366e+00 5.409274001651981356e-01
4.258518291843413017e+00 5.064671901715587232e-01
4.378068629038172510e+00 4.742022952468975538e-01
4.500975129608047354e+00 4.439928610997581626e-01
4.627332011878690032e+00 4.157079429674879756e-01
4.757236139187885904e+00 3.892249380276227022e-01
4.890787094139594338e+00 3.644290539679561070e-01
5.028087254942479767e+00 3.412128114117760624e-01
5.169241873891597727e+00 3.194755780414959556e-01
5.314359158053243881e+00 2.991231324013101101e-01
5.463550352214879169e+00 2.800672554881489251e-01
5.616929824163807261e+00 2.622253483606556412e-01
5.774615152359817039e+00 2.455200741086881744e-01
5.936727216069127344e+00 2.298790226314374185e-01
6.103390288028621491e+00 2.152343967711230488e-01
6.274732129711575013e+00 2.015227184417907602e-01
6.450884089267698407e+00 1.886845534794089063e-01
6.631981202212673843e+00 1.766642540206077028e-01
6.818162294944477786e+00 1.654097172933859938e-01
7.009570091165615580e+00 1.548721597742479528e-01
7.206351321293055889e+00 1.450059057328383916e-01
7.408656834939563396e+00 1.357681892475107455e-01
7.616641716552886798e+00 1.271189688336501478e-01
7.830465404301192756e+00 1.190207538812467908e-01
8.050291812295983007e+00 1.114384421494017535e-01
8.276289456246344045e+00 1.043391676133741536e-01
8.508631582640587609e+00 9.769215800465340382e-02
8.747496301554422260e+00 9.146860142655433012e-02
8.993066723187620681e+00 8.564152146717174396e-02
9.245531098233566780e+00 8.018566026836353167e-02
9.505082962189515428e+00 7.507736904391726362e-02
9.771921283717999174e+00 7.029450557234376284e-02
1.004625061717340628e+01 6.581633821997406875e-02
1.032828125941029640e+01 6.162345607834093797e-02
1.061822941099384643e+01 5.769768482633021167e-02
1.091631734193614811e+01 5.402200795240048176e-02
1.122277356208507015e+01 5.058049299540395838e-02
1.153783299629661485e+01 4.735822248429450571e-02
1.186173716452478821e+01 4.434122927737638858e-02
1.219473436696737778e+01 4.151643602081766388e-02
1.253707987440921379e+01 3.887159846400699975e-02
1.288903612390893194e+01 3.639525238605084700e-02
1.325087291997952832e+01 3.407666390336022005e-02
1.362286764141645712e+01 3.190578294293218431e-02
1.400530545393221082e+01 2.987319967965297932e-02
1.439847952876007753e+01 2.797010374879724953e-02
1.480269126739508501e+01 2.618824605692756172e-02
1.521825053264387861e+01 2.451990302566086494e-02
1.564547588616096618e+01 2.295784311331422814e-02
1.608469483265355748e+01 2.149529546931574359e-02
1.653624407094179460e+01 2.012592058551114504e-02
1.700046975206718614e+01 1.884378281715218609e-02
1.747772774464680978e+01 1.764332465445736867e-02
1.796838390767719673e+01 1.651934263322332730e-02
1.847281437099635681e+01 1.546696478006982962e-02
1.899140582361934904e+01 1.448162949455341492e-02
1.952455581016860364e+01 1.355906577661273281e-02
2.007267303562567662e+01 1.269527471364024357e-02
2.063617767863859598e+01 1.188651214693466421e-02
2.121550171362450854e+01 1.112927244240089798e-02
2.181108924191518383e+01 1.042027329515039444e-02
2.242339683219847757e+01 9.756441502136526181e-03
2.305289387051708516e+01 9.134899641155541997e-03
2.370006292009328064e+01 8.552953598472357033e-03
2.436540009125468131e+01 8.008080891008845584e-03
2.504941542174504221e+01 7.497919732476412448e-03
2.575263326771200667e+01 7.020258796059288507e-03
2.647559270567065681e+01 6.573027629274218187e-03
2.721884794575180422e+01 6.154287679459127455e-03
2.798296875655116978e+01 5.762223890990176081e-03
2.876854090190592217e+01 5.395136837804766564e-03
2.957616658993256564e+01 5.051435357128445693e-03
3.040646493467068723e+01 4.729629652476067918e-03
3.126007243068703190e+01 4.428324836031766361e-03
3.213764344100275139e+01 4.146214882416735664e-03
3.303985069871860247e+01 3.882076967637048542e-03
3.396738582272208617e+01 3.634766168673291258e-03
3.492095984787270169e+01 3.403210500737067525e-03
3.590130377007073292e+01 3.186406270683012163e-03
3.690916910662779316e+01 2.983413726435389570e-03
3.794532847236938977e+01 2.793352983571426810e-03
3.901057617190990356e+01 2.615400211404898725e-03
4.010572880855499989e+01 2.448784062038279318e-03
4.123162591029752377e+01 2.292782326904978935e-03
4.238913057338778145e+01 2.146718806309200547e-03
4.357913012397032304e+01 2.009960378394257206e-03
4.480253679829492341e+01 1.881914254834593687e-03
4.606028844202401018e+01 1.762025411356119486e-03
4.735334922917113687e+01 1.649774181947299143e-03
4.868271040122284887e+01 1.544674006332926374e-03
5.004939102700954123e+01 1.446269320946879343e-03
5.145443878390924652e+01 1.354133584262128247e-03
5.289893076098154978e+01 1.267867427918668161e-03
5.438397428464800498e+01 1.187096925635312871e-03
5.591070776755292115e+01 1.111471972401841283e-03
5.748030158125349942e+01 1.040664766925996189e-03
5.909395895340973937e+01 9.743683907574021089e-04
6.075291689016074059e+01 9.122954779295253070e-04
6.245844712439613744e+01 8.541769693531473407e-04
6.421185709064765490e+01 7.997609465621952161e-04
6.601449092734890201e+01 7.488115397567196227e-04
6.786773050723294887e+01 7.011079054098620688e-04
6.977299649665530978e+01 6.564432690071841936e-04
7.173174944465618807e+01 6.146240287690484796e-04
7.374549090259552031e+01 5.754689164710770745e-04
7.581576457522108115e+01 5.388082117252109265e-04
7.794415750404954224e+01 5.044830063156168810e-04
8.013230128396889995e+01 4.723445154006634754e-04
8.238187331399603863e+01 4.422534325953190863e-04
8.469459808314594795e+01 4.140793261385409554e-04
8.707224849239922548e+01 3.877000735282997595e-04
8.951664721378301692e+01 3.630013321736292632e-04
9.202966808760409378e+01 3.398760437692078455e-04
9.461323755890775544e+01 3.182239702441519132e-04
9.726933615426175095e+01 2.979512592735594572e-04
9.999999999999995737e+01 2.789700374694865188e-04
