1.000000000000000048e-04 4.655369247947720623e+01
1.028073223830865281e-04 4.781595316675104357e+01
1.056934553557988362e-04 4.911241093621590181e+01
1.086606113854597351e-04 5.044399105472807321e+01
1.117110650504824041e-04 5.181163586611208416e+01
1.148471547840289439e-04 5.321631840736935004e+01
1.180712846666190141e-04 5.465904042890569059e+01
1.213859262690628250e-04 5.614082867739654148e+01
1.247936205471311189e-04 5.766273586418662234e+01
1.282969797894147957e-04 5.922584038288578512e+01
1.318986896198670199e-04 6.083125409063291045e+01
1.356015110565633925e-04 6.248012586056582762e+01
1.394082826282578376e-04 6.417362649883411052e+01
1.433219225503574155e-04 6.591294963496881110e+01
1.473454309619835539e-04 6.769932291967283788e+01
1.514818922258346051e-04 6.953401109971495941e+01
1.557344772926134557e-04 7.141832743561401742e+01
1.601064461318317826e-04 7.335361412515185009e+01
1.646011502308550778e-04 7.534122040796461306e+01
1.692220351641037391e-04 7.738254270912055688e+01
1.739726432343801689e-04 7.947903935954666110e+01
1.788566161883461665e-04 8.163219299155211672e+01
1.838776980082327715e-04 8.384351156653200121e+01
1.890397377819221208e-04 8.611455709752090115e+01
1.943466926536020897e-04 8.844693694694583996e+01
1.998026308572550618e-04 9.084228083907791529e+01
2.054117348353064979e-04 9.330226286271609126e+01
2.111783044448243749e-04 9.582862259643806624e+01
2.171067602537265953e-04 9.842313528481484752e+01
2.232016469295233991e-04 1.010876013024993796e+02
2.294676367231936914e-04 1.038238796798410561e+02
2.359095330508635614e-04 1.066338901806238653e+02
2.425322741760353111e-04 1.095195957972743201e+02
2.493409369951879494e-04 1.124830046675712936e+02
2.563407409296515377e-04 1.155261679233402390e+02
2.635370519267394326e-04 1.186511911230488039e+02
2.709353865732051759e-04 1.218602466081615887e+02
2.785414163241767813e-04 1.251555584002928327e+02
2.863609718508116210e-04 1.285393967604324814e+02
2.944000475100034728e-04 1.320140820998211098e+02
3.026648059395691654e-04 1.355819889991971081e+02
3.111615827824361444e-04 1.392455696920141293e+02
3.198968915434537695e-04 1.430073434717225211e+02
3.288774285825511105e-04 1.468698664983178048e+02
3.381100782480684795e-04 1.508357525241389681e+02
3.476019181541978613e-04 1.549076878035954508e+02
3.573602246065787046e-04 1.590884284719305981e+02
3.673924781802075296e-04 1.633808012896784305e+02
3.777063694539367416e-04 1.677876828252142900e+02
3.883098049059605528e-04 1.723120020831819375e+02
3.992109129748052884e-04 1.769567783287030238e+02
4.104180502904709654e-04 1.817251088756187585e+02
4.219398080805026588e-04 1.866201314434167671e+02
4.337850187558990231e-04 1.916450539374246773e+02
4.459627626819093779e-04 1.968031813664799756e+02
4.584823751389095932e-04 2.020978810528536087e+02
4.713534534786909978e-04 2.075325671448021296e+02
4.845858644816496185e-04 2.131107413457773418e+02
4.981897519205162042e-04 2.188359949437833336e+02
5.121755443364240474e-04 2.247119737871794598e+02
5.265539630332758715e-04 2.307423887911977829e+02
5.413360302965379654e-04 2.369310339647174430e+02
5.565330778427647921e-04 2.432817783917239183e+02
5.721567555063251324e-04 2.497985523890239676e+02
5.882190401699957617e-04 2.564853670060299464e+02
6.047322449462647380e-04 2.633463195096240952e+02
6.217090286163829381e-04 2.703855544009352343e+02
6.391624053344003523e-04 2.776072661399292656e+02
6.571057546036271476e-04 2.850157784010177124e+02
6.755528315331644270e-04 2.926155071712508402e+02
6.945177773823697038e-04 3.004108377389304678e+02
7.140151304013400355e-04 3.084062159097019844e+02
7.340598369757211656e-04 3.166062327077450504e+02
7.546672630843890076e-04 3.250155442463353666e+02
7.758532060787837713e-04 3.336388375419820136e+02
7.976339067929278130e-04 3.424808622869213650e+02
8.200260619934130737e-04 3.515464303729718836e+02
8.430468371788971344e-04 3.608403875302890356e+02
8.667138797389231696e-04 3.703676310582424094e+02
8.910453324821514341e-04 3.801331585290052431e+02
9.160598475443706154e-04 3.901420130470185086e+02
9.417766006869523988e-04 4.003992014396159220e+02
9.682153059967085751e-04 4.109098008417297478e+02
9.953962309984236857e-04 4.216790016213396370e+02
1.023340212191642049e-03 4.327120091943529019e+02
1.052068671023622922e-03 4.440140263028782215e+02
1.081603630310709867e-03 4.555902461994452892e+02
1.111967731120699519e-03 4.674458790911129995e+02
1.143184250129150028e-03 4.795862330727983363e+02
1.175277117462945366e-03 4.920166484212024898e+02
1.208270935044776636e-03 5.047424194652609799e+02
1.242190995452617476e-03 5.177688088416712162e+02
1.277063301308643990e-03 5.311010348392946980e+02
1.312914585212465604e-03 5.447445302811091778e+02
1.349772330233942573e-03 5.587048691211502955e+02
1.387664790981308705e-03 5.729865387983877554e+02
1.426621015260737648e-03 5.875940670488796513e+02
1.466670866343968349e-03 6.025365126276278716e+02
1.507845045861051347e-03 6.178218353544266392e+02
1.550175117335769997e-03 6.334486472408536883e+02
1.593693530381775150e-03 6.494179121292681884e+02
1.638433645577984637e-03 6.657387988127343306e+02
1.684429760042315850e-03 6.824182489264177320e+02
1.731717133723354026e-03 6.994597727517192425e+02
1.780332016430114135e-03 7.168679235464155681e+02
1.830311675620612021e-03 7.346476916047000714e+02
1.881694424970556086e-03 7.528019925168348436e+02
1.934519653744045872e-03 7.713338701458027344e+02
1.988827856988810081e-03 7.902496693674843300e+02
2.044660666579116784e-03 8.095546898137675953e+02
2.102060883130158625e-03 8.292509154561186051e+02
2.161072508808377368e-03 8.493407448190401965e+02
2.221740781062885202e-03 8.698274791300258357e+02
2.284112207303824749e-03 8.907143227886554087e+02
2.348234600554276272e-03 9.120040960490806583e+02
2.414157116103019234e-03 9.336981401777604788e+02
2.481930289186255051e-03 9.557973188852033672e+02
2.551606073727184613e-03 9.783032059406924645e+02
2.623237882163122550e-03 1.001216948032015694e+03
2.696880626390694112e-03 1.024538725737436607e+03
2.772590759860483686e-03 1.048268348803278741e+03
2.850426320853435488e-03 1.072405305762316175e+03
2.930446976972143555e-03 1.096948503011282583e+03
3.012714070881164757e-03 1.121896261526243052e+03
3.097290667331408388e-03 1.147246280833324363e+03
3.184241601504654226e-03 1.172995633476716876e+03
3.273633528715246682e-03 1.199140652606183721e+03
3.365534975507094694e-03 1.225677011893085137e+03
3.460016392185110562e-03 1.252599708049558785e+03
3.557150206821386215e-03 1.279903071757242060e+03
3.657010880777490907e-03 1.307580725663590783e+03
3.759674965785466966e-03 1.335625316030775593e+03
3.865221162631264206e-03 1.364028580327397094e+03
3.973730381485608698e-03 1.392781564251483132e+03
4.085285803928562741e-03 1.421874387594178188e+03
4.199972946715305709e-03 1.451295764388451744e+03
4.317879727332022029e-03 1.481033422937116939e+03
4.439096531392168997e-03 1.511074215908180122e+03
4.563716281924761094e-03 1.541403968829996529e+03
4.691834510607797992e-03 1.572007395775984378e+03
4.823549431001468782e-03 1.602867728570487543e+03
4.958962013837215146e-03 1.633966844283752835e+03
5.098176064420424994e-03 1.665285606262953479e+03
5.241298302206058926e-03 1.696803689288120040e+03
5.388438442608223244e-03 1.728499197290383563e+03
5.539709281106404079e-03 1.760348829924045731e+03
5.695226779712823234e-03 1.792327790606904500e+03
5.855110155867242032e-03 1.824409802133707899e+03
6.019481973827276768e-03 1.856567043156594764e+03
6.188468238624385796e-03 1.888769924885709315e+03
6.362198492657489789e-03 1.920987168235544232e+03
6.540805914998253610e-03 1.953185720662766926e+03
6.724427423484249239e-03 1.985330918116778093e+03
6.913203779678128193e-03 2.017386350307619750e+03
7.107279696773417810e-03 2.049313439220280998e+03
7.306803950529504668e-03 2.081070822544075327e+03
7.511929493320966197e-03 2.112617960339569436e+03
7.722813571388646714e-03 2.143914811282821120e+03
7.939617845382279313e-03 2.174906553952086142e+03
8.162508514287231468e-03 2.205535169447477529e+03
8.391656442830155299e-03 2.235794497272099761e+03
8.627237292461452031e-03 2.265674385255134894e+03
8.869431656014713575e-03 2.295069704971574993e+03
9.118425196146570655e-03 2.323885276777030867e+03
9.374408787662998066e-03 2.352093340963348055e+03
9.637578663841087079e-03 2.379639301430021078e+03
9.908136566858672528e-03 2.406431765044237636e+03
1.018628990244687879e-02 2.432461631693655818e+03
1.047225189888434729e-02 2.457728638502787817e+03
1.076624177045493527e-02 2.481874411120081277e+03
1.106848488549412070e-02 2.504582886719503222e+03
1.137921293915315074e-02 2.526263174868875922e+03
1.169866413101306943e-02 2.547192302971678146e+03
1.202708334768511945e-02 2.567011878658858677e+03
1.236472235053715993e-02 2.585433971305790237e+03
1.271183996869028332e-02 2.602375610297615367e+03
1.306870229743346996e-02 2.618007388644350158e+03
1.343558290220825575e-02 2.632572424981901804e+03
1.381276302832009847e-02 2.645597121187794528e+03
1.420053181653682141e-02 2.656519855785269556e+03
1.459918652473978819e-02 2.665592257725411855e+03
1.500903275579736421e-02 2.672949425657442589e+03
1.543038469183564444e-02 2.678090511918886023e+03
1.586356533508591002e-02 2.680942712528771608e+03
1.630890675549331870e-02 2.682014833774267572e+03
1.676675034527700184e-02 2.681232426215944997e+03
1.723744708063620554e-02 2.678155078768631029e+03
1.772135779080359283e-02 2.672922702317822313e+03
1.821885343465167589e-02 2.665750250787556524e+03
1.873031538506437013e-02 2.656197235646535319e+03
1.925613572129198509e-02 2.643935149471784825e+03
1.979671752951332395e-02 2.629183016692212732e+03
2.035247521183577296e-02 2.612060848640694985e+03
2.092383480396978190e-02 2.592486674185268384e+03
2.151123430182166549e-02 2.570437479320977673e+03
2.211512399725490061e-02 2.545943098773869679e+03
2.273596682327716154e-02 2.519029321998398245e+03
2.337423870891815886e-02 2.489728967285183899e+03
2.403042894406967958e-02 2.458097171883275678e+03
2.470504055456825693e-02 2.424204427553401729e+03
2.539859068780726467e-02 2.388136264136946465e+03
2.611161100917459149e-02 2.349997255873208815e+03
2.684464810961964890e-02 2.309909179957302968e+03
2.759826392466179640e-02 2.268011708369918779e+03
2.837303616516213128e-02 2.224462532102291334e+03
2.916955876018797328e-02 2.179436254587770236e+03
2.998844231231028931e-02 2.133124385280959814e+03
3.083031456568277942e-02 2.085735025442040296e+03
3.169582088726115993e-02 2.037489408560927359e+03
3.258562476153226140e-02 1.988621401763579570e+03
3.350040829913133317e-02 1.939376085667749066e+03
3.444087275973822804e-02 1.890005402725435033e+03
3.540773908965272332e-02 1.840765458988517821e+03
3.640174847446139839e-02 1.791914982054804341e+03
3.742366290721982347e-02 1.743709212611888688e+03
3.847426577258503816e-02 1.696397320985737906e+03
3.955436244734702317e-02 1.650217643427966550e+03
4.066478091781854792e-02 1.605393465562329993e+03
4.180637241455758407e-02 1.562127891056315775e+03
4.298001206490798670e-02 1.520598900738240900e+03
4.418659956385941057e-02 1.480956013753561592e+03
4.542705986374045990e-02 1.443314062781186067e+03
4.670234388327333674e-02 1.407748302398699479e+03
4.801342923653453137e-02 1.374291819078669278e+03
4.936132098237919208e-02 1.342928663593713054e+03
5.074705239490467923e-02 1.313593163316994833e+03
5.217168575554350513e-02 1.286164723949428890e+03
5.363631316739241039e-02 1.260466724004074877e+03
5.514205739240302800e-02 1.236266693355472171e+03
5.669007271207433807e-02 1.213282479064026575e+03
5.828154581230844677e-02 1.191139380973117341e+03
5.991769669310622465e-02 1.169803145370921811e+03
6.159977960380166873e-02 1.148198810489417156e+03
6.332908400455118658e-02 1.126232161817620408e+03
6.510693555481457395e-02 1.103430349762490550e+03
6.693469712958663442e-02 1.079365532925329717e+03
6.881376986415664587e-02 1.053655396753471905e+03
7.074559422819878818e-02 1.025988036585634518e+03
7.273165113001461846e-02 9.961526246638010207e+02
7.477346305177587360e-02 9.640514832351171890e+02
7.687259521663733497e-02 9.296535308325956066e+02
7.903065678861345700e-02 8.932802086953806793e+02
8.124930210614052239e-02 8.553104433088592486e+02
8.353023195026774983e-02 8.162741332621982338e+02
8.587519484845174134e-02 7.768207960130769152e+02
8.828598841495152727e-02 7.376855062111463894e+02
9.076446072885357985e-02 6.996377361990946611e+02
9.331251175078249249e-02 6.634248220824383679e+02
9.593209477938241525e-02 6.297212818315157392e+02
9.862521794868782388e-02 5.990716650679867143e+02
1.013939457675292477e-01 5.718449221800419764e+02
1.042404007021556500e-01 5.482029984382733119e+02
1.071667648032863795e-01 5.280757141556618990e+02
1.101752813788386687e-01 5.111506493861117519e+02
1.132682567136154145e-01 4.968785315449391646e+02
1.164480618372685794e-01 4.845048716741981707e+02
1.197171343418966943e-01 4.731198961170887287e+02
1.230779802506665743e-01 4.617387181209167011e+02
1.265331759388942934e-01 4.494133872652826653e+02
1.300853701090571579e-01 4.353609969887359625e+02
1.337372858212496074e-01 4.190993795152699022e+02
1.374917225806419896e-01 4.005419396105501733e+02
1.413515584835395023e-01 3.800316633552017720e+02
1.453197524236895799e-01 3.583061777029083146e+02
1.493993463605258198e-01 3.363788806450108950e+02
1.535934676510897212e-01 3.153624110551616582e+02
1.579053314474175851e-01 2.962550725228537090e+02
1.623382431612278298e-01 2.797648392561551418e+02
1.668956009978024568e-01 2.662050347024624557e+02
1.715808985610006165e-01 2.554258394058721251e+02
1.763977275314044801e-01 2.468254031490052682e+02
1.813497804196496366e-01 2.394733806655231092e+02
1.864408533970486059e-01 2.322932469988459445e+02
1.916748492056815356e-01 2.242932328434765168e+02
1.970557801501798822e-01 2.148431002642178669e+02
2.025877711735017406e-01 2.038633852523662711e+02
2.082750630190516594e-01 1.918300219418569554e+02
2.141220154815729193e-01 1.796272336555007598e+02
2.201331107493031680e-01 1.682367327309478640e+02
2.263129568399529223e-01 1.584029776240095373e+02
2.326662911331459360e-01 1.504191218606896427e+02
2.391979840020238557e-01 1.440375270112283488e+02
2.459130425468044889e-01 1.385870323915659128e+02
2.528166144331501219e-01 1.332331476920800526e+02
2.599139918382933900e-01 1.273107749478077864e+02
2.672106155079435608e-01 1.206079020616317337e+02
2.747120789270811603e-01 1.134245608285404074e+02
2.824241326078435477e-01 1.063892882810333873e+02
2.903526884977813416e-01 1.000982215427436017e+02
2.985038245118734057e-01 9.482063448932376559e+01
3.068837891917643446e-01 9.038159295208741639e+01
3.154990064958086982e-01 8.630984246599504672e+01
3.243560807235809640e-01 8.213178883245619488e+01
3.334618015786366407e-01 7.766177975830372304e+01
3.428231493733970847e-01 7.307838388130554108e+01
3.524473003801584237e-01 6.874376586097898212e+01
3.623416323323152555e-01 6.491441761305432578e+01
3.725137300800212548e-01 6.156383585647714085e+01
3.829713914046279921e-01 5.844764911401797036e+01
3.937226329963477989e-01 5.533006457811346479e+01
4.047756965997323930e-01 5.217234385690641574e+01
4.161390553316708374e-01 4.912133102016066033e+01
4.278214201767614466e-01 4.632955523751314786e+01
4.398317466650228380e-01 4.380307931309857850e+01
4.521792417370701922e-01 4.142353027521924957e+01
4.648733708020256206e-01 3.909284454068036041e+01
4.779238649935594330e-01 3.682650391333098128e+01
4.913407286296365140e-01 3.469882276476256067e+01
5.051342468816764075e-01 3.273408613751127660e+01
5.193149936590210070e-01 3.088545582156512381e+01
5.338938397147356962e-01 2.910812060524940037e+01
5.488819609789672427e-01 2.740997553613881976e+01
5.642908471262538805e-01 2.581703028086182172e+01
5.801323103833373462e-01 2.432462733959868473e+01
5.964184945842465613e-01 2.290857694634163266e+01
6.131618844795774237e-01 2.156184244144807494e+01
6.303753153071274262e-01 2.029249783642198679e+01
6.480719826311974741e-01 1.909879733513919220e+01
6.662654524581153037e-01 1.797039597955556900e+01
6.849696716357442927e-01 1.690228827348600760e+01
7.041989785449285222e-01 1.589635353033937903e+01
7.239681140910878554e-01 1.494808595940892282e+01
7.442922330043759693e-01 1.405286955323145115e+01
7.651869154570819509e-01 1.320886362785039303e+01
7.866681790071589075e-01 1.241338792760158860e+01
8.087524908770455934e-01 1.166348119334764988e+01
8.314567805772061782e-01 1.095681677049292979e+01
8.547984528840417706e-01 1.029119520422540823e+01
8.787954011821322853e-01 9.664197155703764253e+00
9.034660211810530139e-01 9.073837208233713980e+00
9.288292250172494047e-01 8.518126767045197667e+00
9.549044557518088228e-01 7.995110672401355423e+00
9.817117022752195332e-01 7.502959116384743332e+00
1.009271514630570854e+00 7.039941186319835786e+00
1.037605019766912440e+00 6.604389130842917233e+00
1.066733937734857918e+00 6.194745451017071858e+00
1.096680598336868151e+00 5.809564691796665237e+00
1.127467958244945612e+00 5.447479217406779206e+00
1.159119618598886126e+00 5.107178948293684684e+00
1.191659843098559213e+00 4.787418759234763677e+00
1.225113576604118126e+00 4.487015880136512536e+00
1.259506464258359104e+00 4.204826035448300914e+00
1.294864871145904983e+00 3.939780183854480811e+00
1.331215902504307769e+00 3.690890377740107198e+00
1.368587424502517580e+00 3.457223115276378600e+00
1.407008085602686087e+00 3.237902676100144816e+00
1.446507338521646480e+00 3.032081207294484493e+00
1.487115462808953126e+00 2.838920141952224974e+00
1.528863588058731571e+00 2.658064550841459539e+00
1.571783717773163280e+00 2.488730504261893905e+00
1.615908753895917815e+00 2.330184013357728734e+00
1.661272522034291654e+00 2.181737848597748108e+00
1.707909797389428608e+00 2.042748560936581637e+00
1.755856331414468618e+00 1.912613692745185556e+00
1.805148879221108116e+00 1.790769166421134928e+00
1.855825227755520057e+00 1.676686839359510239e+00
1.907924224765265908e+00 1.569872214686242717e+00
1.961485808579430667e+00 1.469862297830953679e+00
2.016551038724745393e+00 1.376223589648467804e+00
2.073162127401231736e+00 1.288550207390065649e+00
2.131362471841438122e+00 1.206462125379708317e+00
2.191196687578147895e+00 1.129603527769331928e+00
2.252710642645982198e+00 1.057641266233140032e+00
2.315951492743154372e+00 9.902634159156610272e-01
2.380967717380357840e+00 9.271779233742485360e-01
2.447809157044444017e+00 8.681113406554434864e-01
2.516527051405392790e+00 8.128076400179771177e-01
2.587174078595922744e+00 7.610271041647528323e-01
2.659804395593756698e+00 7.125452871734571092e-01
2.734473679737583041e+00 6.671520416218832406e-01
2.811239171408464355e+00 6.246506076909846827e-01
2.890159717909508874e+00 5.848567602973183677e-01
2.971295818577336600e+00 5.475980105580736668e-01
3.054709671159970164e+00 5.127128581273834307e-01
3.140465219496751281e+00 4.800500911631274681e-01
3.228628202536729219e+00 4.494681308898872962e-01
3.319266204733191561e+00 4.208344179170234178e-01
3.412448707852890450e+00 3.940248376518314388e-01
3.508247144239789783e+00 3.689231823171937319e-01
3.606734951574031900e+00 3.454206472418115959e-01
3.707987629168172372e+00 3.234153592396553645e-01
3.812082795843888317e+00 3.028119350343635996e-01
3.919100249433401739e+00 2.835210678145571039e-01
4.029122027951350660e+00 2.654591401279627338e-01
4.142232472483896366e+00 2.485478614364163841e-01
4.258518291843413017e+00 2.327139287607024321e-01
4.378068629038172510e+00 2.178887089442748948e-01
4.500975129608047354e+00 2.040079411586124825e-01
4.627332011878690032e+00 1.910114583606993544e-01
4.757236139187885904e+00 1.788429264952704212e-01
4.890787094139594338e+00 1.674496003113788711e-01
5.028087254942479767e+00 1.567820947348568805e-01
5.169241873891597727e+00 1.467941708056695327e-01
5.314359158053243881e+00 1.374425352522940791e-01
5.463550352214879169e+00 1.286866528343679206e-01
5.616929824163807261e+00 1.204885706401921108e-01
5.774615152359817039e+00 1.128127535774978984e-01
5.936727216069127344e+00 1.056259303444000708e-01
6.103390288028621491e+00 9.889694921288978702e-02
6.274732129711575013e+00 9.259664299975023383e-02
6.450884089267698407e+00 8.669770263960459300e-02
6.631981202212673843e+00 8.117455881208970880e-02
6.818162294944477786e+00 7.600327111006206782e-02
7.009570091165615580e+00 7.116142426842823887e-02
7.206351321293055889e+00 6.662803100379753596e-02
7.408656834939563396e+00 6.238344104380949551e-02
7.616641716552886798e+00 5.840925595181770125e-02
7.830465404301192756e+00 5.468824937773288097e-02
8.050291812295983007e+00 5.120429238934736532e-02
8.276289456246344045e+00 4.794228356048481354e-02
8.508631582640587609e+00 4.488808351293822885e-02
8.747496301554422260e+00 4.202845362846418381e-02
8.993066723187620681e+00 3.935099866517651618e-02
9.245531098233566780e+00 3.684411302960684254e-02
9.505082962189515428e+00 3.449693047154474973e-02
9.771921283717999174e+00 3.229927698360694072e-02
1.004625061717340628e+01 3.024162670137547221e-02
1.032828125941029640e+01 2.831506061295168547e-02
1.061822941099384643e+01 2.651122789894971854e-02
1.091631734193614811e+01 2.482230973535543353e-02
1.122277356208507015e+01 2.324098540235213645e-02
1.153783299629661485e+01 2.176040055220956199e-02
1.186173716452478821e+01 2.037413749869140117e-02
1.219473436696737778e+01 1.907618739919900511e-02
1.253707987440921379e+01 1.786092420907297793e-02
1.288903612390893194e+01 1.672308029515606753e-02
1.325087291997952832e+01 1.565772360291271467e-02
1.362286764141645712e+01 1.466023627813490236e-02
1.400530545393221082e+01 1.372629465056861113e-02
1.439847952876007753e+01 1.285185049269877561e-02
1.480269126739508501e+01 1.203311347245773939e-02
1.521825053264387861e+01 1.126653472379743511e-02
1.564547588616096618e+01 1.054879146391089415e-02
1.608469483265355748e+01 9.876772590425471343e-03
1.653624407094179460e+01 9.247565196137990523e-03
1.700046975206718614e+01 8.658441942839016289e-03
1.747772774464680978e+01 8.106849239497395179e-03
1.796838390767719673e+01 7.590396173562639209e-03
1.847281437099635681e+01 7.106844147407169986e-03
1.899140582361934904e+01 6.654097174987035589e-03
1.952455581016860364e+01 6.230192796661267185e-03
2.007267303562567662e+01 5.833293572789695694e-03
2.063617767863859598e+01 5.461679119237635924e-03
2.121550171362450854e+01 5.113738650264883223e-03
2.181108924191518383e+01 4.787963996475699813e-03
2.242339683219847757e+01 4.482943067565664519e-03
2.305289387051708516e+01 4.197353731529264269e-03
2.370006292009328064e+01 3.929958083797275431e-03
2.436540009125468131e+01 3.679597081463152793e-03
2.504941542174504221e+01 3.445185519340153695e-03
2.575263326771200667e+01 3.225707326072609418e-03
2.647559270567065681e+01 3.020211159912043752e-03
2.721884794575180422e+01 2.827806285067763648e-03
2.798296875655116978e+01 2.647658710757702042e-03
2.876854090190592217e+01 2.478987576224002311e-03
2.957616658993256564e+01 2.321061766043963203e-03
3.040646493467068723e+01 2.173196741065200159e-03
3.126007243068703190e+01 2.034751571228523691e-03
3.213764344100275139e+01 1.905126157417117144e-03
3.303985069871860247e+01 1.783758630289947493e-03
3.396738582272208617e+01 1.670122914824497418e-03
3.492095984787270169e+01 1.563726450012172800e-03
3.590130377007073292e+01 1.464108053822269981e-03
3.690916910662779316e+01 1.370835924180056420e-03
3.794532847236938977e+01 1.283505767294076038e-03
3.901057617190990356e+01 1.201739045219808863e-03
4.010572880855499989e+01 1.125181335063629891e-03
4.123162591029752377e+01 1.053500792714947686e-03
4.238913057338778145e+01 9.863867144474622491e-04
4.357913012397032304e+01 9.235481901547264389e-04
4.480253679829492341e+01 8.647128423823684067e-04
4.606028844202401018e+01 8.096256456912381220e-04
4.735334922917113687e+01 7.580478212339313102e-04
4.868271040122284887e+01 7.097558017531670682e-04
5.004939102700954123e+01 6.645402625157394291e-04
5.145443878390924652e+01 6.222052139815666474e-04
5.289893076098154978e+01 5.825671522749578148e-04
5.438397428464800498e+01 5.454542637757589518e-04
5.591070776755292115e+01 5.107056803826327991e-04
5.748030158125349942e+01 4.781707822203648539e-04
5.909395895340973937e+01 4.477085447687356051e-04
6.075291689016074059e+01 4.191869275830511078e-04
6.245844712439613744e+01 3.924823019567011666e-04
6.421185709064765490e+01 3.674789150449153489e-04
6.601449092734890201e+01 3.440683881269272987e-04
6.786773050723294887e+01 3.221492468317329856e-04
6.977299649665530978e+01 3.016264812911792080e-04
7.173174944465618807e+01 2.824111343138373861e-04
7.374549090259552031e+01 2.644199157945774370e-04
7.581576457522108115e+01 2.475748416884766996e-04
7.794415750404954224e+01 2.318028959841732760e-04
8.013230128396889995e+01 2.170357142114671739e-04
8.238187331399603863e+01 2.032092871113128996e-04
8.469459808314594795e+01 1.902636831837430618e-04
8.707224849239922548e+01 1.781427889110902664e-04
8.951664721378301692e+01 1.667940655304881023e-04
9.202966808760409378e+01 1.561683213013670901e-04
9.461323755890775544e+01 1.462194982808250521e-04
9.726933615426175095e+01 1.369044726826364427e-04
9.999999999999995737e+01 1.281828679545445136e-04
