1.000000000000000048e-04 1.502757443588028536e+02
1.028073223830865281e-04 1.543501502603746189e+02
1.056934553557988362e-04 1.585349393526234678e+02
1.086606113854597351e-04 1.628330798774054813e+02
1.117110650504824041e-04 1.672475860757066357e+02
1.148471547840289439e-04 1.717816196075018809e+02
1.180712846666190141e-04 1.764384471152365848e+02
1.213859262690628250e-04 1.812213468103865637e+02
1.247936205471311189e-04 1.861336872529975324e+02
1.282969797894147957e-04 1.911789944818227980e+02
1.318986896198670199e-04 1.963608649003711548e+02
1.356015110565633925e-04 2.016829387495675974e+02
1.394082826282578376e-04 2.071489876344941479e+02
1.433219225503574155e-04 2.127629152880295180e+02
1.473454309619835539e-04 2.185286931480386272e+02
1.514818922258346051e-04 2.244503849077685231e+02
1.557344772926134557e-04 2.305321954645242499e+02
1.601064461318317826e-04 2.367784388737051984e+02
1.646011502308550778e-04 2.431935090534482242e+02
1.692220351641037391e-04 2.497819207122847729e+02
1.739726432343801689e-04 2.565483243801278945e+02
1.788566161883461665e-04 2.634974954318443565e+02
1.838776980082327715e-04 2.706343348462795575e+02
1.890397377819221208e-04 2.779638629274365371e+02
1.943466926536020897e-04 2.854912236170048914e+02
1.998026308572550618e-04 2.932216814387492718e+02
2.054117348353064979e-04 3.011606500544737628e+02
2.111783044448243749e-04 3.093137277876378448e+02
2.171067602537265953e-04 3.176866248733297198e+02
2.232016469295233991e-04 3.262851354016912069e+02
2.294676367231936914e-04 3.351152455473634291e+02
2.359095330508635614e-04 3.441831393526237548e+02
2.425322741760353111e-04 3.534951345115752588e+02
2.493409369951879494e-04 3.630576905476553975e+02
2.563407409296515377e-04 3.728774051422765297e+02
2.635370519267394326e-04 3.829610539452236253e+02
2.709353865732051759e-04 3.933156361925614988e+02
2.785414163241767813e-04 4.039483009645361449e+02
2.863609718508116210e-04 4.148663189086976786e+02
2.944000475100034728e-04 4.260771701275874648e+02
3.026648059395691654e-04 4.375885488004656168e+02
3.111615827824361444e-04 4.494082956402652940e+02
3.198968915434537695e-04 4.615444264872188000e+02
3.288774285825511105e-04 4.740051917992032600e+02
3.381100782480684795e-04 4.867990455084625410e+02
3.476019181541978613e-04 4.999346139321544911e+02
3.573602246065787046e-04 5.134207186515316153e+02
3.673924781802075296e-04 5.272663811714485291e+02
3.777063694539367416e-04 5.414808507772988833e+02
3.883098049059605528e-04 5.560736056757475581e+02
3.992109129748052884e-04 5.710543033807483653e+02
4.104180502904709654e-04 5.864328072792669673e+02
4.219398080805026588e-04 6.022192385064635118e+02
4.337850187558990231e-04 6.184239333111394217e+02
4.459627626819093779e-04 6.350573810459184187e+02
4.584823751389095932e-04 6.521303359373494004e+02
4.713534534786909978e-04 6.696538635313596615e+02
4.845858644816496185e-04 6.876392111320681124e+02
4.981897519205162042e-04 7.060977997852932049e+02
5.121755443364240474e-04 7.250412776364195224e+02
5.265539630332758715e-04 7.444815373988701594e+02
5.413360302965379654e-04 7.644307513840400361e+02
5.565330778427647921e-04 7.849013239436420690e+02
5.721567555063251324e-04 8.059058175585776098e+02
5.882190401699957617e-04 8.274570679879392401e+02
6.047322449462647380e-04 8.495682257922043163e+02
6.217090286163829381e-04 8.722525646074197994e+02
6.391624053344003523e-04 8.955234859761051212e+02
6.571057546036271476e-04 9.193948225561993013e+02
6.755528315331644270e-04 9.438807215528604502e+02
6.945177773823697038e-04 9.689952747551233188e+02
7.140151304013400355e-04 9.947527662551041203e+02
7.340598369757211656e-04 1.021167891684088772e+03
7.546672630843890076e-04 1.048255582400468711e+03
7.758532060787837713e-04 1.076030932530645941e+03
7.976339067929278130e-04 1.104509156149576256e+03
8.200260619934130737e-04 1.133705589472290058e+03
8.430468371788971344e-04 1.163635853707736487e+03
8.667138797389231696e-04 1.194315824963208797e+03
8.910453324821514341e-04 1.225761547794456192e+03
9.160598475443706154e-04 1.257989219033001291e+03
9.417766006869523988e-04 1.291015107881024733e+03
9.682153059967085751e-04 1.324855664570260160e+03
9.953962309984236857e-04 1.359527545235437174e+03
1.023340212191642049e-03 1.395047437869755413e+03
1.052068671023622922e-03 1.431432044802738801e+03
1.081603630310709867e-03 1.468698290074548140e+03
1.111967731120699519e-03 1.506863279552083441e+03
1.143184250129150028e-03 1.545944194803454593e+03
1.175277117462945366e-03 1.585958256685985134e+03
1.208270935044776636e-03 1.626922602523494561e+03
1.242190995452617476e-03 1.668854178048725089e+03
1.277063301308643990e-03 1.711769607467655533e+03
1.312914585212465604e-03 1.755686553125023693e+03
1.349772330233942573e-03 1.800623478092225014e+03
1.387664790981308705e-03 1.846594665544745567e+03
1.426621015260737648e-03 1.893614366588632038e+03
1.466670866343968349e-03 1.941713172832896817e+03
1.507845045861051347e-03 1.990917658649146915e+03
1.550175117335769997e-03 2.041220514985819136e+03
1.593693530381775150e-03 2.092623032226968462e+03
1.638433645577984637e-03 2.145156373895069464e+03
1.684429760042315850e-03 2.198843503442828023e+03
1.731717133723354026e-03 2.253694830450454901e+03
1.780332016430114135e-03 2.309725016011310800e+03
1.830311675620612021e-03 2.366950504172863020e+03
1.881694424970556086e-03 2.425379436271525265e+03
1.934519653744045872e-03 2.485020402201842899e+03
1.988827856988810081e-03 2.545894900959481220e+03
2.044660666579116784e-03 2.608020755182583343e+03
2.102060883130158625e-03 2.671403561870398789e+03
2.161072508808377368e-03 2.736050206626628096e+03
2.221740781062885202e-03 2.801970705083029770e+03
2.284112207303824749e-03 2.869175680659137925e+03
2.348234600554276272e-03 2.937674873273049343e+03
2.414157116103019234e-03 3.007471585986291302e+03
2.481930289186255051e-03 3.078567418061965782e+03
2.551606073727184613e-03 3.150967980762191473e+03
2.623237882163122550e-03 3.224677189396615177e+03
2.696880626390694112e-03 3.299694533560553737e+03
2.772590759860483686e-03 3.376019530042210590e+03
2.850426320853435488e-03 3.453652073908977854e+03
2.930446976972143555e-03 3.532587965344221175e+03
3.012714070881164757e-03 3.612819941040366757e+03
3.097290667331408388e-03 3.694341364898087704e+03
3.184241601504654226e-03 3.777144064800753767e+03
3.273633528715246682e-03 3.861215455004644355e+03
3.365534975507094694e-03 3.946541129017840831e+03
3.460016392185110562e-03 4.033105952170355522e+03
3.557150206821386215e-03 4.120891659761397023e+03
3.657010880777490907e-03 4.209876443342233870e+03
3.759674965785466966e-03 4.300036607332396670e+03
3.865221162631264206e-03 4.391346247419682186e+03
3.973730381485608698e-03 4.483775856163171738e+03
4.085285803928562741e-03 4.577292664826744840e+03
4.199972946715305709e-03 4.671860403972345011e+03
4.317879727332022029e-03 4.767439850939244025e+03
4.439096531392168997e-03 4.863988912338517366e+03
4.563716281924761094e-03 4.961461396400076410e+03
4.691834510607797992e-03 5.059806719012622125e+03
4.823549431001468782e-03 5.158971118635994571e+03
4.958962013837215146e-03 5.258897417662145017e+03
5.098176064420424994e-03 5.359523681518801823e+03
5.241298302206058926e-03 5.460783887598764522e+03
5.388438442608223244e-03 5.562608229091249996e+03
5.539709281106404079e-03 5.664922318762036411e+03
5.695226779712823234e-03 5.767646208015464254e+03
5.855110155867242032e-03 5.870694903088563478e+03
6.019481973827276768e-03 5.973978296428466820e+03
6.188468238624385796e-03 6.077401701929346927e+03
6.362198492657489789e-03 6.180865585727368853e+03
6.540805914998253610e-03 6.284263241762688267e+03
6.724427423484249239e-03 6.387482383483554258e+03
6.913203779678128193e-03 6.490405907413295608e+03
7.107279696773417810e-03 6.592910239857291344e+03
7.306803950529504668e-03 6.694863461246041879e+03
7.511929493320966197e-03 6.796135259517099257e+03
7.722813571388646714e-03 6.896595645437761959e+03
7.939617845382279313e-03 6.996068207166857064e+03
8.162508514287231468e-03 7.094367411330737013e+03
8.391656442830155299e-03 7.191476419754847484e+03
8.627237292461452031e-03 7.287364366655372578e+03
8.869431656014713575e-03 7.381687631123038955e+03
9.118425196146570655e-03 7.474137148762147262e+03
9.374408787662998066e-03 7.564629462357615921e+03
9.637578663841087079e-03 7.652991252534121486e+03
9.908136566858672528e-03 7.738925407634934345e+03
1.018628990244687879e-02 7.822402874606093064e+03
1.047225189888434729e-02 7.903425169862093753e+03
1.076624177045493527e-02 7.980838453953568205e+03
1.106848488549412070e-02 8.053625001942525159e+03
1.137921293915315074e-02 8.123104743494974173e+03
1.169866413101306943e-02 8.190171637898154586e+03
1.202708334768511945e-02 8.253671282914800031e+03
1.236472235053715993e-02 8.312676549048443121e+03
1.271183996869028332e-02 8.366920996233977348e+03
1.306870229743346996e-02 8.416954406619863221e+03
1.343558290220825575e-02 8.463560124911658932e+03
1.381276302832009847e-02 8.505215960068760978e+03
1.420053181653682141e-02 8.540116297342579855e+03
1.459918652473978819e-02 8.569069911350652546e+03
1.500903275579736421e-02 8.592510601297683024e+03
1.543038469183564444e-02 8.608827395317441187e+03
1.586356533508591002e-02 8.617787871497690503e+03
1.630890675549331870e-02 8.621031920052264468e+03
1.676675034527700184e-02 8.618320112707649969e+03
1.723744708063620554e-02 8.608234048285097742e+03
1.772135779080359283e-02 8.591225008416584387e+03
1.821885343465167589e-02 8.567986339624179891e+03
1.873031538506437013e-02 8.537101245549642044e+03
1.925613572129198509e-02 8.497513419569684629e+03
1.979671752951332395e-02 8.449929003869279768e+03
2.035247521183577296e-02 8.394734597627884796e+03
2.092383480396978190e-02 8.331665740568691035e+03
2.151123430182166549e-02 8.260648164625252321e+03
2.211512399725490061e-02 8.181778191599354614e+03
2.273596682327716154e-02 8.095140208572739539e+03
2.337423870891815886e-02 8.000840741765232451e+03
2.403042894406967958e-02 7.899055204043349477e+03
2.470504055456825693e-02 7.790010234042853881e+03
2.539859068780726467e-02 7.673983644511559760e+03
2.611161100917459149e-02 7.551310750318349164e+03
2.684464810961964890e-02 7.422380934962405263e+03
2.759826392466179640e-02 7.287642644403871600e+03
2.837303616516213128e-02 7.147604569972462741e+03
2.916955876018797328e-02 7.002828921401236585e+03
2.998844231231028931e-02 6.853929412140303612e+03
3.083031456568277942e-02 6.701573063564709628e+03
3.169582088726115993e-02 6.546473033101431611e+03
3.258562476153226140e-02 6.389381043997701454e+03
3.350040829913133317e-02 6.231081502237560017e+03
3.444087275973822804e-02 6.072385771960218335e+03
3.540773908965272332e-02 5.914116866845273762e+03
3.640174847446139839e-02 5.757103218336402279e+03
3.742366290721982347e-02 5.602168481629895723e+03
3.847426577258503816e-02 5.450109961302425290e+03
3.955436244734702317e-02 5.301692790765147038e+03
4.066478091781854792e-02 5.157635378361987023e+03
4.180637241455758407e-02 5.018589877701669138e+03
4.298001206490798670e-02 4.885128791105185883e+03
4.418659956385941057e-02 4.757730640979037162e+03
4.542705986374045990e-02 4.636762618996091078e+03
4.670234388327333674e-02 4.522469946994853672e+03
4.801342923653453137e-02 4.414954601984569308e+03
4.936132098237919208e-02 4.314168146919010724e+03
5.074705239490467923e-02 4.219897234651821236e+03
5.217168575554350513e-02 4.131756130878543445e+03
5.363631316739241039e-02 4.049175934085700646e+03
5.514205739240302800e-02 3.971409094293352609e+03
5.669007271207433807e-02 3.897550762939552442e+03
5.828154581230844677e-02 3.826396096409771872e+03
5.991769669310622465e-02 3.757835557055137542e+03
6.159977960380166873e-02 3.688415070712723718e+03
6.332908400455118658e-02 3.617830651595716517e+03
6.510693555481457395e-02 3.544566680696560979e+03
6.693469712958663442e-02 3.467246828590066343e+03
6.881376986415664587e-02 3.384643129050244625e+03
7.074559422819878818e-02 3.295753407446792153e+03
7.273165113001461846e-02 3.199899560259049849e+03
7.477346305177587360e-02 3.096770529639561119e+03
7.687259521663733497e-02 2.986264191665704857e+03
7.903065678861345700e-02 2.869413841486524234e+03
8.124930210614052239e-02 2.747437097928873754e+03
8.353023195026774983e-02 2.622035774145310825e+03
8.587519484845174134e-02 2.495295751074558666e+03
8.828598841495152727e-02 2.369578845097776139e+03
9.076446072885357985e-02 2.247355811943163644e+03
9.331251175078249249e-02 2.131027727033409064e+03
9.593209477938241525e-02 2.022761087815104929e+03
9.862521794868782388e-02 1.924304790001171796e+03
1.013939457675292477e-01 1.836844450371651646e+03
1.042404007021556500e-01 1.760899335880341823e+03
1.071667648032863795e-01 1.696244117561402390e+03
1.101752813788386687e-01 1.641875213635737737e+03
1.132682567136154145e-01 1.596028167846029646e+03
1.164480618372685794e-01 1.556279629606106937e+03
1.197171343418966943e-01 1.519707290517596448e+03
1.230779802506665743e-01 1.483147326182778897e+03
1.265331759388942934e-01 1.443554881415693444e+03
1.300853701090571579e-01 1.398415234131331772e+03
1.337372858212496074e-01 1.346179701932962644e+03
1.374917225806419896e-01 1.286569910311407966e+03
1.413515584835395023e-01 1.220687787263132122e+03
1.453197524236895799e-01 1.150902234591694196e+03
1.493993463605258198e-01 1.080469031765507680e+03
1.535934676510897212e-01 1.012961806214643275e+03
1.579053314474175851e-01 9.515868843452964256e+02
1.623382431612278298e-01 8.986184003389134887e+02
1.668956009978024568e-01 8.550627927668504071e+02
1.715808985610006165e-01 8.204389984178891382e+02
1.763977275314044801e-01 7.928128895102180422e+02
1.813497804196496366e-01 7.691972884778796242e+02
1.864408533970486059e-01 7.461339839025724814e+02
1.916748492056815356e-01 7.204371531117379845e+02
1.970557801501798822e-01 6.900824895980206293e+02
2.025877711735017406e-01 6.548148299973709072e+02
2.082750630190516594e-01 6.161628592165411646e+02
2.141220154815729193e-01 5.769668359703118767e+02
2.201331107493031680e-01 5.403800411122481364e+02
2.263129568399529223e-01 5.087934542144415104e+02
2.326662911331459360e-01 4.831487587313443441e+02
2.391979840020238557e-01 4.626507763236398318e+02
2.459130425468044889e-01 4.451435307379086908e+02
2.528166144331501219e-01 4.279466141525036846e+02
2.599139918382933900e-01 4.089236693340146758e+02
2.672106155079435608e-01 3.873938160081768842e+02
2.747120789270811603e-01 3.643207085623969874e+02
2.824241326078435477e-01 3.417232107547458213e+02
2.903526884977813416e-01 3.215161294341758662e+02
2.985038245118734057e-01 3.045643805605635066e+02
3.068837891917643446e-01 2.903060866837538470e+02
3.154990064958086982e-01 2.772275285797886681e+02
3.243560807235809640e-01 2.638074970750291754e+02
3.334618015786366407e-01 2.494497366981738651e+02
3.428231493733970847e-01 2.347278055551760758e+02
3.524473003801584237e-01 2.208049707250908966e+02
3.623416323323152555e-01 2.085050200721599367e+02
3.725137300800212548e-01 1.977429334610166904e+02
3.829713914046279921e-01 1.877336837720335723e+02
3.937226329963477989e-01 1.777199610252540367e+02
4.047756965997323930e-01 1.675773740719404827e+02
4.161390553316708374e-01 1.577775014514743077e+02
4.278214201767614466e-01 1.488103102891093670e+02
4.398317466650228380e-01 1.406952759161222559e+02
4.521792417370701922e-01 1.330521133969428433e+02
4.648733708020256206e-01 1.255659852826409519e+02
4.779238649935594330e-01 1.182864711621983957e+02
4.913407286296365140e-01 1.114523553220723642e+02
5.051342468816764075e-01 1.051416317167847154e+02
5.193149936590210070e-01 9.920382942634319079e+01
5.338938397147356962e-01 9.349501808978965300e+01
5.488819609789672427e-01 8.804059782026125447e+01
5.642908471262538805e-01 8.292405022513521828e+01
5.801323103833373462e-01 7.813048539130758741e+01
5.964184945842465613e-01 7.358212617478466200e+01
6.131618844795774237e-01 6.925641370966776833e+01
6.303753153071274262e-01 6.517927946969815878e+01
6.480719826311974741e-01 6.134513780038812314e+01
6.662654524581153037e-01 5.772072278077427399e+01
6.849696716357442927e-01 5.428995968539043560e+01
7.041989785449285222e-01 5.105891017724091796e+01
7.239681140910878554e-01 4.801308387462282923e+01
7.442922330043759693e-01 4.513764880780313860e+01
7.651869154570819509e-01 4.242670949238839739e+01
7.866681790071589075e-01 3.987164599876918203e+01
8.087524908770455934e-01 3.746295356251030739e+01
8.314567805772061782e-01 3.519315537397655191e+01
8.547984528840417706e-01 3.305518099151285583e+01
8.787954011821322853e-01 3.104126857067978307e+01
9.034660211810530139e-01 2.914504183571870399e+01
9.288292250172494047e-01 2.736010450250760329e+01
9.549044557518088228e-01 2.568017992564772456e+01
9.817117022752195332e-01 2.409939771749810689e+01
1.009271514630570854e+00 2.261219242624143533e+01
1.037605019766912440e+00 2.121319998444306165e+01
1.066733937734857918e+00 1.989743181934865390e+01
1.096680598336868151e+00 1.866023642317923148e+01
1.127467958244945612e+00 1.749721861326413475e+01
1.159119618598886126e+00 1.640417805644381133e+01
1.191659843098559213e+00 1.537711638650632118e+01
1.225113576604118126e+00 1.441222619321933074e+01
1.259506464258359104e+00 1.350583332130527126e+01
1.294864871145904983e+00 1.265450921618378111e+01
1.331215902504307769e+00 1.185507820956060065e+01
1.368587424502517580e+00 1.110454203563137554e+01
1.407008085602686087e+00 1.040008870321051582e+01
1.446507338521646480e+00 9.738991610805173949e+00
1.487115462808953126e+00 9.118561337343718876e+00
1.528863588058731571e+00 8.537656072179879985e+00
1.571783717773163280e+00 7.993757842951969117e+00
1.615908753895917815e+00 7.484509086747599405e+00
1.661272522034291654e+00 7.007702431091015427e+00
1.707909797389428608e+00 6.561271125940846716e+00
1.755856331414468618e+00 6.143280085225117482e+00
1.805148879221108116e+00 5.751917499082441765e+00
1.855825227755520057e+00 5.385486980452146355e+00
1.907924224765265908e+00 5.042400211972142721e+00
1.961485808579430667e+00 4.721170061312085942e+00
2.016551038724745393e+00 4.420404135099760268e+00
2.073162127401231736e+00 4.138798743499741306e+00
2.131362471841438122e+00 3.875133249283430281e+00
2.191196687578147895e+00 3.628264776896100496e+00
2.252710642645982198e+00 3.397123258587091854e+00
2.315951492743154372e+00 3.180706796130235769e+00
2.380967717380357840e+00 2.978077318029614506e+00
2.447809157044444017e+00 2.788356513386502478e+00
2.516527051405392790e+00 2.610722024802588415e+00
2.587174078595922744e+00 2.444403883817333423e+00
2.659804395593756698e+00 2.288681173428670945e+00
2.734473679737583041e+00 2.142878903230490018e+00
2.811239171408464355e+00 2.006365083621998391e+00
2.890159717909508874e+00 1.878547986406920778e+00
2.971295818577336600e+00 1.758873579908428297e+00
3.054709671159970164e+00 1.646823127482123006e+00
3.140465219496751281e+00 1.541910939017684390e+00
3.228628202536729219e+00 1.443682265682904031e+00
3.319266204733191561e+00 1.351711328784741317e+00
3.412448707852890450e+00 1.265599474203368935e+00
3.508247144239789783e+00 1.184973444399473275e+00
3.606734951574031900e+00 1.109483760504720973e+00
3.707987629168172372e+00 1.038803207482448254e+00
3.812082795843888317e+00 9.726254157924022481e-01
3.919100249433401739e+00 9.106635334116709446e-01
4.029122027951350660e+00 8.526489824555821828e-01
4.142232472483896366e+00 7.983302950090683803e-01
4.258518291843413017e+00 7.474720231223251909e-01
4.378068629038172510e+00 6.998537182460744521e-01
4.500975129608047354e+00 6.552689756827189127e-01
4.627332011878690032e+00 6.135245399115062392e-01
4.757236139187885904e+00 5.744394669096682948e-01
4.890787094139594338e+00 5.378443398385658325e-01
5.028087254942479767e+00 5.035805346951758299e-01
5.169241873891597727e+00 4.714995327458414986e-01
5.314359158053243881e+00 4.414622767619783561e-01
5.463550352214879169e+00 4.133385682673054173e-01
5.616929824163807261e+00 3.870065031839217129e-01
5.774615152359817039e+00 3.623519434310039089e-01
5.936727216069127344e+00 3.392680221857323208e-01
6.103390288028621491e+00 3.176546806619667263e-01
6.274732129711575013e+00 2.974182343988077681e-01
6.450884089267698407e+00 2.784709671790940866e-01
6.631981202212673843e+00 2.607307508176471278e-01
6.818162294944477786e+00 2.441206891712105476e-01
7.009570091165615580e+00 2.285687848270224476e-01
7.206351321293055889e+00 2.140076270252592727e-01
7.408656834939563396e+00 2.003740994626309613e-01
7.616641716552886798e+00 1.876091067105821186e-01
7.830465404301192756e+00 1.756573180622414965e-01
8.050291812295983007e+00 1.644669276978070749e-01
8.276289456246344045e+00 1.539894301287872691e-01
8.508631582640587609e+00 1.441794099477473889e-01
8.747496301554422260e+00 1.349943449722168787e-01
8.993066723187620681e+00 1.263944219294720339e-01
9.245531098233566780e+00 1.183423638832672292e-01
9.505082962189515428e+00 1.108032686544851292e-01
9.771921283717999174e+00 1.037444575353284604e-01
1.004625061717340628e+01 9.713533364129600667e-02
1.032828125941029640e+01 9.094724928695940847e-02
1.061822941099384643e+01 8.515338181067250156e-02
1.091631734193614811e+01 7.972861730996716467e-02
1.122277356208507015e+01 7.464944178367907690e-02
1.153783299629661485e+01 6.989383920895175795e-02
1.186173716452478821e+01 6.544119611132662162e-02
1.219473436696737778e+01 6.127221221427219672e-02
1.253707987440921379e+01 5.736881678085664626e-02
1.288903612390893194e+01 5.371409028494130572e-02
1.325087291997952832e+01 5.029219107237343361e-02
1.362286764141645712e+01 4.708828669428673230e-02
1.400530545393221082e+01 4.408848961486895590e-02
1.439847952876007753e+01 4.127979701491772679e-02
1.480269126739508501e+01 3.865003443025920304e-02
1.521825053264387861e+01 3.618780298072643564e-02
1.564547588616096618e+01 3.388242996095799930e-02
1.608469483265355748e+01 3.172392257884950467e-02
1.653624407094179460e+01 2.970292464113402642e-02
1.700046975206718614e+01 2.781067599834254750e-02
1.747772774464680978e+01 2.603897457335558469e-02
1.796838390767719673e+01 2.438014080895652483e-02
1.847281437099635681e+01 2.282698438028196372e-02
1.899140582361934904e+01 2.137277302788223241e-02
1.952455581016860364e+01 2.001120337629668650e-02
2.007267303562567662e+01 1.873637361165516463e-02
2.063617767863859598e+01 1.754275789987469816e-02
2.121550171362450854e+01 1.642518243456556754e-02
2.181108924191518383e+01 1.537880301082466747e-02
2.242339683219847757e+01 1.439908402770841492e-02
2.305289387051708516e+01 1.348177882836991762e-02
2.370006292009328064e+01 1.262291129264351067e-02
2.436540009125468131e+01 1.181875860228843653e-02
2.504941542174504221e+01 1.106583510418651488e-02
2.575263326771200667e+01 1.036087720154774301e-02
2.647559270567065681e+01 9.700829207633786255e-03
2.721884794575180422e+01 9.082830100681327928e-03
2.798296875655116978e+01 8.504201122613675584e-03
2.876854090190592217e+01 7.962434167786389821e-03
2.957616658993256564e+01 7.455180911437183158e-03
3.040646493467068723e+01 6.980242630716641458e-03
3.126007243068703190e+01 6.535560674178353055e-03
3.213764344100275139e+01 6.119207538417806638e-03
3.303985069871860247e+01 5.729378513181170550e-03
3.396738582272208617e+01 5.364383858729128950e-03
3.492095984787270169e+01 5.022641481548011967e-03
3.590130377007073292e+01 4.702670076660638715e-03
3.690916910662779316e+01 4.403082706811746287e-03
3.794532847236938977e+01 4.122580790696555794e-03
3.901057617190990356e+01 3.859948474174072601e-03
4.010572880855499989e+01 3.614047360066741186e-03
4.123162591029752377e+01 3.383811573702461863e-03
4.238913057338778145e+01 3.168243142810192332e-03
4.357913012397032304e+01 2.966407671743019180e-03
4.480253679829492341e+01 2.777430291278317007e-03
4.606028844202401018e+01 2.600491866439129125e-03
4.735334922917113687e+01 2.434825445899342026e-03
4.868271040122284887e+01 2.279712937582339168e-03
5.004939102700954123e+01 2.134481996043322179e-03
5.145443878390924652e+01 1.998503108143425636e-03
5.289893076098154978e+01 1.871186864383310097e-03
5.438397428464800498e+01 1.751981404068632614e-03
5.591070776755292115e+01 1.640370023233300202e-03
5.748030158125349942e+01 1.535868934951895980e-03
5.909395895340973937e+01 1.438025172333193399e-03
6.075291689016074059e+01 1.346414625105154909e-03
6.245844712439613744e+01 1.260640201280856503e-03
6.421185709064765490e+01 1.180330105936958909e-03
6.601449092734890201e+01 1.105136229643978799e-03
6.786773050723294887e+01 1.034732639562902000e-03
6.977299649665530978e+01 9.688141666676956202e-04
7.173174944465618807e+01 9.070950829699455991e-04
7.374549090259552031e+01 8.493078630119591963e-04
7.581576457522108115e+01 7.952020242599420986e-04
7.794415750404954224e+01 7.445430413708595003e-04
8.013230128396889995e+01 6.971113296267980120e-04
8.238187331399603863e+01 6.527012931304554530e-04
8.469459808314594795e+01 6.111204336361023308e-04
8.707224849239922548e+01 5.721885161531812354e-04
8.951664721378301692e+01 5.357367877057970552e-04
9.202966808760409378e+01 5.016072458617633996e-04
9.461323755890775544e+01 4.696519538605897640e-04
9.726933615426175095e+01 4.397323993717917922e-04
9.999999999999995737e+01 4.117188941040173227e-04
