1.000000000000000048e-04 5.445114553248666311e+01
1.028073223830865281e-04 5.592753336529368369e+01
1.056934553557988362e-04 5.744392273554355199e+01
1.086606113854597351e-04 5.900138876001551580e+01
1.117110650504824041e-04 6.060102665745570505e+01
1.148471547840289439e-04 6.224397992253654621e+01
1.180712846666190141e-04 6.393142967869177795e+01
1.213859262690628250e-04 6.566457293678195128e+01
1.247936205471311189e-04 6.744463773871443379e+01
1.282969797894147957e-04 6.927289467394024314e+01
1.318986896198670199e-04 7.115064301286184900e+01
1.356015110565633925e-04 7.307920666822236910e+01
1.394082826282578376e-04 7.505995508723196963e+01
1.433219225503574155e-04 7.709430324436480930e+01
1.473454309619835539e-04 7.918369294281346527e+01
1.514818922258346051e-04 8.132959904627688275e+01
1.557344772926134557e-04 8.353353928094929870e+01
1.601064461318317826e-04 8.579707368332417161e+01
1.646011502308550778e-04 8.812180603839385640e+01
1.692220351641037391e-04 9.050938126502428815e+01
1.739726432343801689e-04 9.296148480122538160e+01
1.788566161883461665e-04 9.547984316225203827e+01
1.838776980082327715e-04 9.806622698918316416e+01
1.890397377819221208e-04 1.007224678582405062e+02
1.943466926536020897e-04 1.034504462405847818e+02
1.998026308572550618e-04 1.062520556632077842e+02
2.054117348353064979e-04 1.091292443532944532e+02
2.111783044448243749e-04 1.120840573496590338e+02
2.171067602537265953e-04 1.151185843291983133e+02
2.232016469295233991e-04 1.182349420468901968e+02
2.294676367231936914e-04 1.214352951308001138e+02
2.359095330508635614e-04 1.247218618552984566e+02
2.425322741760353111e-04 1.280969379115021241e+02
2.493409369951879494e-04 1.315628860996051515e+02
2.563407409296515377e-04 1.351221113366836732e+02
2.635370519267394326e-04 1.387770746918240548e+02
2.709353865732051759e-04 1.425303014616024200e+02
2.785414163241767813e-04 1.463843852967378325e+02
2.863609718508116210e-04 1.503419915713802197e+02
2.944000475100034728e-04 1.544058453443312260e+02
3.026648059395691654e-04 1.585787319438282168e+02
3.111615827824361444e-04 1.628635029985513825e+02
3.198968915434537695e-04 1.672630791756130293e+02
3.288774285825511105e-04 1.717804521387477905e+02
3.381100782480684795e-04 1.764186907112270433e+02
3.476019181541978613e-04 1.811809493836217939e+02
3.573602246065787046e-04 1.860704467098297528e+02
3.673924781802075296e-04 1.910904550339273271e+02
3.777063694539367416e-04 1.962443383446257030e+02
3.883098049059605528e-04 2.015355547274049570e+02
3.992109129748052884e-04 2.069676283140210273e+02
4.104180502904709654e-04 2.125441568614527625e+02
4.219398080805026588e-04 2.182688222492995180e+02
4.337850187558990231e-04 2.241453824612205210e+02
4.459627626819093779e-04 2.301776544563707034e+02
4.584823751389095932e-04 2.363695632990516629e+02
4.713534534786909978e-04 2.427251646194835644e+02
4.845858644816496185e-04 2.492485457677844352e+02
4.981897519205162042e-04 2.559438272876807901e+02
5.121755443364240474e-04 2.628152872017915911e+02
5.265539630332758715e-04 2.698673212484414421e+02
5.413360302965379654e-04 2.771043257118707288e+02
5.565330778427647921e-04 2.845307849221398442e+02
5.721567555063251324e-04 2.921513584059337063e+02
5.882190401699957617e-04 2.999707523414783736e+02
6.047322449462647380e-04 3.079936581043642150e+02
6.217090286163829381e-04 3.162249088206852434e+02
6.391624053344003523e-04 3.246694892983493901e+02
6.571057546036271476e-04 3.333324305255021045e+02
6.755528315331644270e-04 3.422188210340977434e+02
6.945177773823697038e-04 3.513338131777968556e+02
7.140151304013400355e-04 3.606826491702595376e+02
7.340598369757211656e-04 3.702706881055480608e+02
7.546672630843890076e-04 3.801033483249696019e+02
7.758532060787837713e-04 3.901860736101992870e+02
7.976339067929278130e-04 4.005244039163690672e+02
8.200260619934130737e-04 4.111239781728252183e+02
8.430468371788971344e-04 4.219904777561197875e+02
8.667138797389231696e-04 4.331296382704594521e+02
8.910453324821514341e-04 4.445472700973809879e+02
9.160598475443706154e-04 4.562492426183259795e+02
9.417766006869523988e-04 4.682414506846450877e+02
9.682153059967085751e-04 4.805298599397166299e+02
9.953962309984236857e-04 4.931205209259695721e+02
1.023340212191642049e-03 5.060194820805294853e+02
1.052068671023622922e-03 5.192327812471754669e+02
1.081603630310709867e-03 5.327665400622681773e+02
1.111967731120699519e-03 5.466269388166712133e+02
1.143184250129150028e-03 5.608201337547811818e+02
1.175277117462945366e-03 5.753523023073562399e+02
1.208270935044776636e-03 5.902296830335199047e+02
1.242190995452617476e-03 6.054584814905800840e+02
1.277063301308643990e-03 6.210448126771299258e+02
1.312914585212465604e-03 6.369950053955433305e+02
1.349772330233942573e-03 6.533155260081819051e+02
1.387664790981308705e-03 6.700116749586420610e+02
1.426621015260737648e-03 6.870888562861171067e+02
1.466670866343968349e-03 7.045576853739946728e+02
1.507845045861051347e-03 7.224274247651031828e+02
1.550175117335769997e-03 7.406962945407682355e+02
1.593693530381775150e-03 7.593653870027198991e+02
1.638433645577984637e-03 7.784456572711138733e+02
1.684429760042315850e-03 7.979452181527959738e+02
1.731717133723354026e-03 8.178678951013590677e+02
1.780332016430114135e-03 8.382190484768719898e+02
1.830311675620612021e-03 8.590047233512428875e+02
1.881694424970556086e-03 8.802282507940839196e+02
1.934519653744045872e-03 9.018930557081354209e+02
1.988827856988810081e-03 9.240066122430501991e+02
2.044660666579116784e-03 9.465751547842004356e+02
2.102060883130158625e-03 9.696009310322182273e+02
2.161072508808377368e-03 9.930867082499227081e+02
2.221740781062885202e-03 1.017036358934464943e+03
2.284112207303824749e-03 1.041453592000720846e+03
2.348234600554276272e-03 1.066341629775520005e+03
2.414157116103019234e-03 1.091701962013357161e+03
2.481930289186255051e-03 1.117535588033258591e+03
2.551606073727184613e-03 1.143844572434881229e+03
2.623237882163122550e-03 1.170630323782024107e+03
2.696880626390694112e-03 1.197892722461711401e+03
2.772590759860483686e-03 1.225631527403734253e+03
2.850426320853435488e-03 1.253846501243138619e+03
2.930446976972143555e-03 1.282536269313986168e+03
3.012714070881164757e-03 1.311698520727037248e+03
3.097290667331408388e-03 1.341330718347076981e+03
3.184241601504654226e-03 1.371429667444830784e+03
3.273633528715246682e-03 1.401990867477492657e+03
3.365534975507094694e-03 1.433009162727328885e+03
3.460016392185110562e-03 1.464479021182117322e+03
3.557150206821386215e-03 1.496393874364043086e+03
3.657010880777490907e-03 1.528745991205831388e+03
3.759674965785466966e-03 1.561526838986619623e+03
3.865221162631264206e-03 1.594726986812821906e+03
3.973730381485608698e-03 1.628335636107227401e+03
4.085285803928562741e-03 1.662340886494106371e+03
4.199972946715305709e-03 1.696729943265797374e+03
4.317879727332022029e-03 1.731488792454423901e+03
4.439096531392168997e-03 1.766601911983897480e+03
4.563716281924761094e-03 1.802052487235655008e+03
4.691834510607797992e-03 1.837822390314998074e+03
4.823549431001468782e-03 1.873892100932156382e+03
4.958962013837215146e-03 1.910240706202551564e+03
5.098176064420424994e-03 1.946845760183814264e+03
5.241298302206058926e-03 1.983683396320620204e+03
5.388438442608223244e-03 2.020728313967914119e+03
5.539709281106404079e-03 2.057953382509776475e+03
5.695226779712823234e-03 2.095329159549785800e+03
5.855110155867242032e-03 2.132824838876591912e+03
6.019481973827276768e-03 2.170408309216336420e+03
6.188468238624385796e-03 2.208045038135096092e+03
6.362198492657489789e-03 2.245698249489710633e+03
6.540805914998253610e-03 2.283329148931870350e+03
6.724427423484249239e-03 2.320897148352875774e+03
6.913203779678128193e-03 2.358359862214956138e+03
7.107279696773417810e-03 2.395672436568876947e+03
7.306803950529504668e-03 2.432786762421892490e+03
7.511929493320966197e-03 2.469655288291607576e+03
7.722813571388646714e-03 2.506230598865206503e+03
7.939617845382279313e-03 2.542448618183216240e+03
8.162508514287231468e-03 2.578241993330647347e+03
8.391656442830155299e-03 2.613603936295449330e+03
8.627237292461452031e-03 2.648522705826624133e+03
8.869431656014713575e-03 2.682874575528705918e+03
9.118425196146570655e-03 2.716547841637856891e+03
9.374408787662998066e-03 2.749510889955052335e+03
9.637578663841087079e-03 2.781700245654492392e+03
9.908136566858672528e-03 2.813008646451153254e+03
1.018628990244687879e-02 2.843425369739637063e+03
1.047225189888434729e-02 2.872950254087954363e+03
1.076624177045493527e-02 2.901164176466974823e+03
1.106848488549412070e-02 2.927697578751889523e+03
1.137921293915315074e-02 2.953029508597374388e+03
1.169866413101306943e-02 2.977484158807816129e+03
1.202708334768511945e-02 3.000641573452873672e+03
1.236472235053715993e-02 3.022164846059159572e+03
1.271183996869028332e-02 3.041957679962600196e+03
1.306870229743346996e-02 3.060219761293943975e+03
1.343558290220825575e-02 3.077235183192913155e+03
1.381276302832009847e-02 3.092450130444510251e+03
1.420053181653682141e-02 3.105207994728284575e+03
1.459918652473978819e-02 3.115803316780887144e+03
1.500903275579736421e-02 3.124394052066874337e+03
1.543038469183564444e-02 3.130393797295062996e+03
1.586356533508591002e-02 3.133717636225617753e+03
1.630890675549331870e-02 3.134961912072561063e+03
1.676675034527700184e-02 3.134039312586686719e+03
1.723744708063620554e-02 3.130433589910450792e+03
1.772135779080359283e-02 3.124308686784524525e+03
1.821885343465167589e-02 3.115916729300897259e+03
1.873031538506437013e-02 3.104742486215653571e+03
1.925613572129198509e-02 3.090401723888842298e+03
1.979671752951332395e-02 3.073151004757835381e+03
2.035247521183577296e-02 3.053130704241163585e+03
2.092383480396978190e-02 3.030244464044087636e+03
2.151123430182166549e-02 3.004465244964764679e+03
2.211512399725490061e-02 2.975828112439920460e+03
2.273596682327716154e-02 2.944363469890972738e+03
2.337423870891815886e-02 2.910109781911085065e+03
2.403042894406967958e-02 2.873131029898964698e+03
2.470504055456825693e-02 2.833509735683881900e+03
2.539859068780726467e-02 2.791346775470102784e+03
2.611161100917459149e-02 2.746763888471588871e+03
2.684464810961964890e-02 2.699902774019924891e+03
2.759826392466179640e-02 2.650927033887835933e+03
2.837303616516213128e-02 2.600020695336799236e+03
2.916955876018797328e-02 2.547388150271304767e+03
2.998844231231028931e-02 2.493254211560826661e+03
3.083031456568277942e-02 2.437860275268070382e+03
3.169582088726115993e-02 2.381465729011203621e+03
3.258562476153226140e-02 2.324344663781691452e+03
3.350040829913133317e-02 2.266782308601109435e+03
3.444087275973822804e-02 2.209073763869430422e+03
3.540773908965272332e-02 2.151518681203999677e+03
3.640174847446139839e-02 2.094418651024105657e+03
3.742366290721982347e-02 2.038072992722223489e+03
3.847426577258503816e-02 1.982771561979610624e+03
3.955436244734702317e-02 1.928793854766488494e+03
4.066478091781854792e-02 1.876400590816290105e+03
4.180637241455758407e-02 1.825829663074927339e+03
4.298001206490798670e-02 1.777288248277782714e+03
4.418659956385941057e-02 1.730951899353977751e+03
4.542705986374045990e-02 1.686954046671615743e+03
4.670234388327333674e-02 1.645383113072857441e+03
4.801342923653453137e-02 1.606277820440679534e+03
4.936132098237919208e-02 1.569618999131603459e+03
5.074705239490467923e-02 1.535330290098241221e+03
5.217168575554350513e-02 1.503271118373012087e+03
5.363631316739241039e-02 1.473234349951745799e+03
5.514205739240302800e-02 1.444947829963720324e+03
5.669007271207433807e-02 1.418083096978461299e+03
5.828154581230844677e-02 1.392201614469722699e+03
5.991769669310622465e-02 1.367263105837273997e+03
6.159977960380166873e-02 1.342011157085870991e+03
6.332908400455118658e-02 1.316335719655124649e+03
6.510693555481457395e-02 1.289684383904064362e+03
6.693469712958663442e-02 1.261556928209980470e+03
6.881376986415664587e-02 1.231506569557899184e+03
7.074559422819878818e-02 1.199168585037579305e+03
7.273165113001461846e-02 1.164296326785007068e+03
7.477346305177587360e-02 1.126776376952203009e+03
7.687259521663733497e-02 1.086571888269108740e+03
7.903065678861345700e-02 1.044058535931906363e+03
8.124930210614052239e-02 9.996795333575281575e+02
8.353023195026774983e-02 9.540538329107488380e+02
8.587519484845174134e-02 9.079407996951916857e+02
8.828598841495152727e-02 8.621996523468200166e+02
9.076446072885357985e-02 8.177294667305271787e+02
9.331251175078249249e-02 7.754038596013338065e+02
9.593209477938241525e-02 7.360113560867545175e+02
9.862521794868782388e-02 7.001883172555942565e+02
1.013939457675292477e-01 6.683657742204911756e+02
1.042404007021556500e-01 6.407332205845913222e+02
1.071667648032863795e-01 6.172085373974030063e+02
1.101752813788386687e-01 5.974266286544250306e+02
1.132682567136154145e-01 5.807454815074845556e+02
1.164480618372685794e-01 5.662831751200448025e+02
1.197171343418966943e-01 5.529763930996442696e+02
1.230779802506665743e-01 5.396741744772043603e+02
1.265331759388942934e-01 5.252683333485716730e+02
1.300853701090571579e-01 5.088440441052399592e+02
1.337372858212496074e-01 4.898377158341012318e+02
1.374917225806419896e-01 4.681478726379968407e+02
1.413515584835395023e-01 4.441756815468999662e+02
1.453197524236895799e-01 4.187831292479975218e+02
1.493993463605258198e-01 3.931548348570261737e+02
1.535934676510897212e-01 3.685910086470675537e+02
1.579053314474175851e-01 3.462586318618609766e+02
1.623382431612278298e-01 3.269850293427932115e+02
1.668956009978024568e-01 3.111365551290318763e+02
1.715808985610006165e-01 2.985379754353779163e+02
1.763977275314044801e-01 2.884857576992719714e+02
1.813497804196496366e-01 2.798928167472380437e+02
1.864408533970486059e-01 2.715008038856731787e+02
1.916748492056815356e-01 2.621505078172185108e+02
1.970557801501798822e-01 2.511053224773125407e+02
2.025877711735017406e-01 2.382723740113294753e+02
2.082750630190516594e-01 2.242079545042195718e+02
2.141220154815729193e-01 2.099455035950117860e+02
2.201331107493031680e-01 1.966324626451829829e+02
2.263129568399529223e-01 1.851389089807863968e+02
2.326662911331459360e-01 1.758074436111278658e+02
2.391979840020238557e-01 1.683487480029451149e+02
2.459130425468044889e-01 1.619782692974361282e+02
2.528166144331501219e-01 1.557207666257696417e+02
2.599139918382933900e-01 1.487987918140885597e+02
2.672106155079435608e-01 1.409645918728929246e+02
2.747120789270811603e-01 1.325687959957849955e+02
2.824241326078435477e-01 1.243460745336657567e+02
2.903526884977813416e-01 1.169931727296932991e+02
2.985038245118734057e-01 1.108248023980021486e+02
3.068837891917643446e-01 1.056365158872536227e+02
3.154990064958086982e-01 1.008775324341919344e+02
3.243560807235809640e-01 9.599429018098486210e+01
3.334618015786366407e-01 9.076980569364066298e+01
3.428231493733970847e-01 8.541281204906742630e+01
3.524473003801584237e-01 8.034657277627263738e+01
3.623416323323152555e-01 7.587088919778437912e+01
3.725137300800212548e-01 7.195479014264977025e+01
3.829713914046279921e-01 6.831263228747504002e+01
3.937226329963477989e-01 6.466885884006809704e+01
4.047756965997323930e-01 6.097817409316328252e+01
4.161390553316708374e-01 5.741218849648173261e+01
4.278214201767614466e-01 5.414920874270754325e+01
4.398317466650228380e-01 5.119631335293845353e+01
4.521792417370701922e-01 4.841512026850752903e+01
4.648733708020256206e-01 4.569106200770754356e+01
4.779238649935594330e-01 4.304220089830149476e+01
4.913407286296365140e-01 4.055540345751516895e+01
5.051342468816764075e-01 3.825905104702241033e+01
5.193149936590210070e-01 3.609840040659655358e+01
5.338938397147356962e-01 3.402108061027823993e+01
5.488819609789672427e-01 3.203631409567301347e+01
5.642908471262538805e-01 3.017450752548675652e+01
5.801323103833373462e-01 2.843021309880169056e+01
5.964184945842465613e-01 2.677516170636827297e+01
6.131618844795774237e-01 2.520111641971771732e+01
6.303753153071274262e-01 2.371753015490864058e+01
6.480719826311974741e-01 2.232235050743485871e+01
6.662654524581153037e-01 2.100350190749498935e+01
6.849696716357442927e-01 1.975510641756592278e+01
7.041989785449285222e-01 1.857939040336144743e+01
7.239681140910878554e-01 1.747106964165539722e+01
7.442922330043759693e-01 1.642475477246721383e+01
7.651869154570819509e-01 1.543829658149868855e+01
7.866681790071589075e-01 1.450855764987363372e+01
8.087524908770455934e-01 1.363207914290042133e+01
8.314567805772061782e-01 1.280614229716804076e+01
8.547984528840417706e-01 1.202817449233753955e+01
8.787954011821322853e-01 1.129534803579124258e+01
9.034660211810530139e-01 1.060534359282297423e+01
9.288292250172494047e-01 9.955841142372737096e+00
9.549044557518088228e-01 9.344549076189347048e+00
9.817117022752195332e-01 8.769329455751265101e+00
1.009271514630570854e+00 8.228162559059903458e+00
1.037605019766912440e+00 7.719096204842370135e+00
1.066733937734857918e+00 7.240312680011451896e+00
1.096680598336868151e+00 6.790120186213374431e+00
1.127467958244945612e+00 6.366920748839254074e+00
1.159119618598886126e+00 5.969183867060219306e+00
1.191659843098559213e+00 5.595453629054156330e+00
1.225113576604118126e+00 5.244347564792735561e+00
1.259506464258359104e+00 4.914528592569128662e+00
1.294864871145904983e+00 4.604747834673742268e+00
1.331215902504307769e+00 4.313849058649410928e+00
1.368587424502517580e+00 4.040742225416197542e+00
1.407008085602686087e+00 3.784404948728254503e+00
1.446507338521646480e+00 3.543844277788167574e+00
1.487115462808953126e+00 3.318081127649716411e+00
1.528863588058731571e+00 3.106700381467303096e+00
1.571783717773163280e+00 2.908785797846225485e+00
1.615908753895917815e+00 2.723479505209231988e+00
1.661272522034291654e+00 2.549978283305289306e+00
1.707909797389428608e+00 2.387530081607513566e+00
1.755856331414468618e+00 2.235430759509071219e+00
1.805148879221108116e+00 2.093021034187239948e+00
1.855825227755520057e+00 1.959683622905989075e+00
1.907924224765265908e+00 1.834840567370231268e+00
1.961485808579430667e+00 1.717950728534009652e+00
2.016551038724745393e+00 1.608507441003736549e+00
2.073162127401231736e+00 1.506036316869357128e+00
2.131362471841438122e+00 1.410093189444033168e+00
2.191196687578147895e+00 1.320262187999367454e+00
2.252710642645982198e+00 1.236153935151007577e+00
2.315951492743154372e+00 1.157403859081097774e+00
2.380967717380357840e+00 1.083670613281812134e+00
2.447809157044444017e+00 1.014634596970264369e+00
2.516527051405392790e+00 9.499965697614527471e-01
2.587174078595922744e+00 8.894763545944567307e-01
2.659804395593756698e+00 8.328116232896594084e-01
2.734473679737583041e+00 7.797567594729178930e-01
2.811239171408464355e+00 7.300817939379683486e-01
2.890159717909508874e+00 6.835714078323350540e-01
2.971295818577336600e+00 6.400239993459997390e-01
3.054709671159970164e+00 5.992508098573392505e-01
3.140465219496751281e+00 5.610751057485660054e-01
3.228628202536729219e+00 5.253314123442047734e-01
3.319266204733191561e+00 4.918647966520696135e-01
3.412448707852890450e+00 4.605301957977435690e-01
3.508247144239789783e+00 4.311917882416227421e-01
3.606734951574031900e+00 4.037224050530312525e-01
3.707987629168172372e+00 3.780029786895425237e-01
3.812082795843888317e+00 3.539220268922102508e-01
3.919100249433401739e+00 3.313751694596256958e-01
4.029122027951350660e+00 3.102646758062304611e-01
4.142232472483896366e+00 2.904990413437540941e-01
4.258518291843413017e+00 2.719925908495752220e-01
4.378068629038172510e+00 2.546651071027882240e-01
4.500975129608047354e+00 2.384414831782755428e-01
4.627332011878690032e+00 2.232513968916372549e-01
4.757236139187885904e+00 2.090290059838395276e-01
4.890787094139594338e+00 1.957126627243455930e-01
5.028087254942479767e+00 1.832446466956589304e-01
5.169241873891597727e+00 1.715709146010197250e-01
5.314359158053243881e+00 1.606408660107818132e-01
5.463550352214879169e+00 1.504071240320856706e-01
5.616929824163807261e+00 1.408253299511274814e-01
5.774615152359817039e+00 1.318539509578901259e-01
5.936727216069127344e+00 1.234541001199088717e-01
6.103390288028621491e+00 1.155893678247376793e-01
6.274732129711575013e+00 1.082256639604945031e-01
6.450884089267698407e+00 1.013310701504086114e-01
6.631981202212673843e+00 9.487570140087238368e-02
6.818162294944477786e+00 8.883157656330348262e-02
7.009570091165615580e+00 8.317249704832736790e-02
7.206351321293055889e+00 7.787393326656015524e-02
7.408656834939563396e+00 7.291291830376303573e-02
7.616641716552886798e+00 6.826794836949749701e-02
7.830465404301192756e+00 6.391888958777071361e-02
8.050291812295983007e+00 5.984689072564986639e-02
8.276289456246344045e+00 5.603430148156290230e-02
8.508631582640587609e+00 5.246459597910192729e-02
8.747496301554422260e+00 4.912230113470889004e-02
8.993066723187620681e+00 4.599292958874946075e-02
9.245531098233566780e+00 4.306291690926098564e-02
9.505082962189515428e+00 4.031956279618102018e-02
9.771921283717999174e+00 3.775097603120267792e-02
1.004625061717340628e+01 3.534602293463919714e-02
1.032828125941029640e+01 3.309427910588085692e-02
1.061822941099384643e+01 3.098598423826100928e-02
1.091631734193614811e+01 2.901199981247346016e-02
1.122277356208507015e+01 2.716376948516118980e-02
1.153783299629661485e+01 2.543328200097855207e-02
1.186173716452478821e+01 2.381303646736718585e-02
1.219473436696737778e+01 2.229600984152740190e-02
1.253707987440921379e+01 2.087562648865537093e-02
1.288903612390893194e+01 1.954572967949477769e-02
1.325087291997952832e+01 1.830055490365743373e-02
1.362286764141645712e+01 1.713470488303800790e-02
1.400530545393221082e+01 1.604312617701717306e-02
1.439847952876007753e+01 1.502108727804709644e-02
1.480269126739508501e+01 1.406415810267343247e-02
1.521825053264387861e+01 1.316819078909652226e-02
1.564547588616096618e+01 1.232930171803778285e-02
1.608469483265355748e+01 1.154385467897970675e-02
1.653624407094179460e+01 1.080844510881271564e-02
1.700046975206718614e+01 1.011988533457030583e-02
1.747772774464680978e+01 9.475190756286392540e-03
1.796838390767719673e+01 8.871566910083688098e-03
1.847281437099635681e+01 8.306397355417308517e-03
1.899140582361934904e+01 7.777232333970282227e-03
1.952455581016860364e+01 7.281778151042242984e-03
2.007267303562567662e+01 6.817887233404438044e-03
2.063617767863859598e+01 6.383548820526208784e-03
2.121550171362450854e+01 5.976880248823597530e-03
2.181108924191518383e+01 5.596118791151173839e-03
2.242339683219847757e+01 5.239614016164900225e-03
2.305289387051708516e+01 4.905820634437286533e-03
2.370006292009328064e+01 4.593291800315930928e-03
2.436540009125468131e+01 4.300672840491979142e-03
2.504941542174504221e+01 4.026695382094643526e-03
2.575263326771200667e+01 3.770171854859686623e-03
2.647559270567065681e+01 3.529990343541224325e-03
2.721884794575180422e+01 3.305109768254328294e-03
2.798296875655116978e+01 3.094555371857382262e-03
2.876854090190592217e+01 2.897414494813984123e-03
2.957616658993256564e+01 2.712832619220320943e-03
3.040646493467068723e+01 2.540009664850616158e-03
3.126007243068703190e+01 2.378196521165677410e-03
3.213764344100275139e+01 2.226691800252328206e-03
3.303985069871860247e+01 2.084838796619172853e-03
3.396738582272208617e+01 1.952022640670760889e-03
3.492095984787270169e+01 1.827667633521727966e-03
3.590130377007073292e+01 1.711234751598518294e-03
3.690916910662779316e+01 1.602219310212252583e-03
3.794532847236938977e+01 1.500148775975365537e-03
3.901057617190990356e+01 1.404580718579819020e-03
4.010572880855499989e+01 1.315100893058754371e-03
4.123162591029752377e+01 1.231321444219049847e-03
4.238913057338778145e+01 1.152879225461791264e-03
4.357913012397032304e+01 1.079434224703496471e-03
4.480253679829492341e+01 1.010668090575160593e-03
4.606028844202401018e+01 9.462827525108508369e-04
4.735334922917113687e+01 8.859991287445519647e-04
4.868271040122284887e+01 8.295559166150010726e-04
5.004939102700954123e+01 7.767084599350247221e-04
5.145443878390924652e+01 7.272276885159265590e-04
5.289893076098154978e+01 6.808991252502373743e-04
5.438397428464800498e+01 6.375219564489741086e-04
5.591070776755292115e+01 5.969081614037303855e-04
5.748030158125349942e+01 5.588816974006437493e-04
5.909395895340973937e+01 5.232777366536314843e-04
6.075291689016074059e+01 4.899419518493467688e-04
6.245844712439613744e+01 4.587298472070047511e-04
6.421185709064765490e+01 4.295061321535257703e-04
6.601449092734890201e+01 4.021441348991539174e-04
6.786773050723294887e+01 3.765252533716620343e-04
6.977299649665530978e+01 3.525384411291898222e-04
7.173174944465618807e+01 3.300797260233727100e-04
7.374549090259552031e+01 3.090517595263844600e-04
7.581576457522108115e+01 2.893633947684231384e-04
7.794415750404954224e+01 2.709292914566240203e-04
8.013230128396889995e+01 2.536695459628966775e-04
8.238187331399603863e+01 2.375093449772829382e-04
8.469459808314594795e+01 2.223786412255769401e-04
8.707224849239922548e+01 2.082118498455874601e-04
8.951664721378301692e+01 1.949475641059690784e-04
9.202966808760409378e+01 1.825282892353897058e-04
9.461323755890775544e+01 1.709001932083026624e-04
9.726933615426175095e+01 1.600128734070903433e-04
9.999999999999995737e+01 1.498191381491639665e-04
