1.000000000000000048e-04 5.161251567416044850e+01
1.028073223830865281e-04 5.301193421087737789e+01
1.056934553557988362e-04 5.444926677503474366e+01
1.086606113854597351e-04 5.592554078771263448e+01
1.117110650504824041e-04 5.744179838634372004e+01
1.148471547840289439e-04 5.899911521926469504e+01
1.180712846666190141e-04 6.059859979951428954e+01
1.213859262690628250e-04 6.224139454033036145e+01
1.247936205471311189e-04 6.392867052720153254e+01
1.282969797894147957e-04 6.566162168642031816e+01
1.318986896198670199e-04 6.744147705457706365e+01
1.356015110565633925e-04 6.926950550610368396e+01
1.394082826282578376e-04 7.114700785246044745e+01
1.433219225503574155e-04 7.307531655665192716e+01
1.473454309619835539e-04 7.505579301490813293e+01
1.514818922258346051e-04 7.708983422956606546e+01
1.557344772926134557e-04 7.917888854748717620e+01
1.601064461318317826e-04 8.132444099321831743e+01
1.646011502308550778e-04 8.352799925583163088e+01
1.692220351641037391e-04 8.579111688380422152e+01
1.739726432343801689e-04 8.811540178607394580e+01
1.788566161883461665e-04 9.050249446634749972e+01
1.838776980082327715e-04 9.295406947599880709e+01
1.890397377819221208e-04 9.547185567735367329e+01
1.943466926536020897e-04 9.805763166408770815e+01
1.998026308572550618e-04 1.007132145644719401e+02
2.054117348353064979e-04 1.034404658282775529e+02
2.111783044448243749e-04 1.062412935692710363e+02
2.171067602537265953e-04 1.091176576291212967e+02
2.232016469295233991e-04 1.120715728686282660e+02
2.294676367231936914e-04 1.151051111415724222e+02
2.359095330508635614e-04 1.182203997194223177e+02
2.425322741760353111e-04 1.214195976994052586e+02
2.493409369951879494e-04 1.247049116716018773e+02
2.563407409296515377e-04 1.280786306795792484e+02
2.635370519267394326e-04 1.315431077457888875e+02
2.709353865732051759e-04 1.351007470199135412e+02
2.785414163241767813e-04 1.387540063766432468e+02
2.863609718508116210e-04 1.425053960191547162e+02
2.944000475100034728e-04 1.463574863198113007e+02
3.026648059395691654e-04 1.503129123644574463e+02
3.111615827824361444e-04 1.543743967572462452e+02
3.198968915434537695e-04 1.585447339627051804e+02
3.288774285825511105e-04 1.628267423780603167e+02
3.381100782480684795e-04 1.672233109387020136e+02
3.476019181541978613e-04 1.717374450645334605e+02
3.573602246065787046e-04 1.763722074339223695e+02
3.673924781802075296e-04 1.811306948762245099e+02
3.777063694539367416e-04 1.860160935899789365e+02
3.883098049059605528e-04 1.910316817737710267e+02
3.992109129748052884e-04 1.961807878732200550e+02
4.104180502904709654e-04 2.014668086967423051e+02
4.219398080805026588e-04 2.068932540544367384e+02
4.337850187558990231e-04 2.124637095875062585e+02
4.459627626819093779e-04 2.181817927294009678e+02
4.584823751389095932e-04 2.240512192105649945e+02
4.713534534786909978e-04 2.300758294417856007e+02
4.845858644816496185e-04 2.362595042767636073e+02
4.981897519205162042e-04 2.426061628775674706e+02
5.121755443364240474e-04 2.491198351892724645e+02
5.265539630332758715e-04 2.558046558850680867e+02
5.413360302965379654e-04 2.626648536810811265e+02
5.565330778427647921e-04 2.697047263250710785e+02
5.721567555063251324e-04 2.769285934930282451e+02
5.882190401699957617e-04 2.843408784160414484e+02
6.047322449462647380e-04 2.919461405214212277e+02
6.217090286163829381e-04 2.997489840364566476e+02
6.391624053344003523e-04 3.077540546783508830e+02
6.571057546036271476e-04 3.159661234666348264e+02
6.755528315331644270e-04 3.243900612224097699e+02
6.945177773823697038e-04 3.330307526599235075e+02
7.140151304013400355e-04 3.418931535694075592e+02
7.340598369757211656e-04 3.509823384450386925e+02
7.546672630843890076e-04 3.603034366097437555e+02
7.758532060787837713e-04 3.698615981156173689e+02
7.976339067929278130e-04 3.796620937823940380e+02
8.200260619934130737e-04 3.897103169166910561e+02
8.430468371788971344e-04 4.000116625503787873e+02
8.667138797389231696e-04 4.105715462613400177e+02
8.910453324821514341e-04 4.213954238204127023e+02
9.160598475443706154e-04 4.324888293088371825e+02
9.417766006869523988e-04 4.438574288812901614e+02
9.682153059967085751e-04 4.555069159155933107e+02
9.953962309984236857e-04 4.674429528553089881e+02
1.023340212191642049e-03 4.796712506455977518e+02
1.052068671023622922e-03 4.921975767759687983e+02
1.081603630310709867e-03 5.050277637456601383e+02
1.111967731120699519e-03 5.181676776039435026e+02
1.143184250129150028e-03 5.316230975206199219e+02
1.175277117462945366e-03 5.453998327492791987e+02
1.208270935044776636e-03 5.595038620012475121e+02
1.242190995452617476e-03 5.739411146885498738e+02
1.277063301308643990e-03 5.887173573817707393e+02
1.312914585212465604e-03 6.038385604055772546e+02
1.349772330233942573e-03 6.193108328278474346e+02
1.387664790981308705e-03 6.351391591582489582e+02
1.426621015260737648e-03 6.513286268312427865e+02
1.466670866343968349e-03 6.678893708938405780e+02
1.507845045861051347e-03 6.848302660055951492e+02
1.550175117335769997e-03 7.021496509230618130e+02
1.593693530381775150e-03 7.198484978439500992e+02
1.638433645577984637e-03 7.379369950765980093e+02
1.684429760042315850e-03 7.564228459966180935e+02
1.731717133723354026e-03 7.753099235827428402e+02
1.780332016430114135e-03 7.946033235086919149e+02
1.830311675620612021e-03 8.143086539169011076e+02
1.881694424970556086e-03 8.344291123436539692e+02
1.934519653744045872e-03 8.549679953621071036e+02
1.988827856988810081e-03 8.759322617765041059e+02
2.044660666579116784e-03 8.973277786181256488e+02
2.102060883130158625e-03 9.191568628064950417e+02
2.161072508808377368e-03 9.414221850179617377e+02
2.221740781062885202e-03 9.641272841617580980e+02
2.284112207303824749e-03 9.872756576802030395e+02
2.348234600554276272e-03 1.010870430613403187e+03
2.414157116103019234e-03 1.034913116762940263e+03
2.481930289186255051e-03 1.059404702008234153e+03
2.551606073727184613e-03 1.084346924556386057e+03
2.623237882163122550e-03 1.109741014336617127e+03
2.696880626390694112e-03 1.135587082441263192e+03
2.772590759860483686e-03 1.161884962560302938e+03
2.850426320853435488e-03 1.188634276039063252e+03
2.930446976972143555e-03 1.215833774294016393e+03
3.012714070881164757e-03 1.243481425120785389e+03
3.097290667331408388e-03 1.271574676834965658e+03
3.184241601504654226e-03 1.300110343147806361e+03
3.273633528715246682e-03 1.329084390552058267e+03
3.365534975507094694e-03 1.358492061688374633e+03
3.460016392185110562e-03 1.388327867396127658e+03
3.557150206821386215e-03 1.418585431645454719e+03
3.657010880777490907e-03 1.449257449193614775e+03
3.759674965785466966e-03 1.480335944974342510e+03
3.865221162631264206e-03 1.511812132809961440e+03
3.973730381485608698e-03 1.543675811620884133e+03
4.085285803928562741e-03 1.575915658387255462e+03
4.199972946715305709e-03 1.608519398980060032e+03
4.317879727332022029e-03 1.641473644505694438e+03
4.439096531392168997e-03 1.674763713384153107e+03
4.563716281924761094e-03 1.708373784131003276e+03
4.691834510607797992e-03 1.742286858812456330e+03
4.823549431001468782e-03 1.776484441551154532e+03
4.958962013837215146e-03 1.810946601761531610e+03
5.098176064420424994e-03 1.845652054779090577e+03
5.241298302206058926e-03 1.880578129112920124e+03
5.388438442608223244e-03 1.915700510144756208e+03
5.539709281106404079e-03 1.950993452320437882e+03
5.695226779712823234e-03 1.986429752646793304e+03
5.855110155867242032e-03 2.021980290625197313e+03
6.019481973827276768e-03 2.057613891255836734e+03
6.188468238624385796e-03 2.093297704870193229e+03
6.362198492657489789e-03 2.128997209738997299e+03
6.540805914998253610e-03 2.164675804485695608e+03
6.724427423484249239e-03 2.200295049983565150e+03
6.913203779678128193e-03 2.235814560778607756e+03
7.107279696773417810e-03 2.271191708691206713e+03
7.306803950529504668e-03 2.306381089259376040e+03
7.511929493320966197e-03 2.341337519248323588e+03
7.722813571388646714e-03 2.376015586664394050e+03
7.939617845382279313e-03 2.410354908555945258e+03
8.162508514287231468e-03 2.444292418461444868e+03
8.391656442830155299e-03 2.477821173232875026e+03
8.627237292461452031e-03 2.510929299951380926e+03
8.869431656014713575e-03 2.543499930303531073e+03
9.118425196146570655e-03 2.575427553780748440e+03
9.374408787662998066e-03 2.606681936034849514e+03
9.637578663841087079e-03 2.637202728683529585e+03
9.908136566858672528e-03 2.666888283341824263e+03
1.018628990244687879e-02 2.695728483701043388e+03
1.047225189888434729e-02 2.723723234639250677e+03
1.076624177045493527e-02 2.750475320315649242e+03
1.106848488549412070e-02 2.775634393175571404e+03
1.137921293915315074e-02 2.799654065702245134e+03
1.169866413101306943e-02 2.822841467928240490e+03
1.202708334768511945e-02 2.844799187470051038e+03
1.236472235053715993e-02 2.865208157720569034e+03
1.271183996869028332e-02 2.883976786521670874e+03
1.306870229743346996e-02 2.901293978941104797e+03
1.343558290220825575e-02 2.917428736335893973e+03
1.381276302832009847e-02 2.931856537802339972e+03
1.420053181653682141e-02 2.943955417634997048e+03
1.459918652473978819e-02 2.954003826869898603e+03
1.500903275579736421e-02 2.962151074352535034e+03
1.543038469183564444e-02 2.967842138144671026e+03
1.586356533508591002e-02 2.970996759814958295e+03
1.630890675549331870e-02 2.972179562533088301e+03
1.676675034527700184e-02 2.971307676784744672e+03
1.723744708063620554e-02 2.967892038221307303e+03
1.772135779080359283e-02 2.962088051323006312e+03
1.821885343465167589e-02 2.954134598461690985e+03
1.873031538506437013e-02 2.943543224618274508e+03
1.925613572129198509e-02 2.929949647194774116e+03
1.979671752951332395e-02 2.913596979251507491e+03
2.035247521183577296e-02 2.894618313219906213e+03
2.092383480396978190e-02 2.872922473756453655e+03
2.151123430182166549e-02 2.848483909970429522e+03
2.211512399725490061e-02 2.821335844235723016e+03
2.273596682327716154e-02 2.791506873613009247e+03
2.337423870891815886e-02 2.759033321597760278e+03
2.403042894406967958e-02 2.723976246619823542e+03
2.470504055456825693e-02 2.686413904647437903e+03
2.539859068780726467e-02 2.646441378564452862e+03
2.611161100917459149e-02 2.604174208432969408e+03
2.684464810961964890e-02 2.559747023827807425e+03
2.759826392466179640e-02 2.513314943261379540e+03
2.837303616516213128e-02 2.465053018449746560e+03
2.916955876018797328e-02 2.415154631501598942e+03
2.998844231231028931e-02 2.363831482308349223e+03
3.083031456568277942e-02 2.311314121614555461e+03
3.169582088726115993e-02 2.257848449050939962e+03
3.258562476153226140e-02 2.203693602296070821e+03
3.350040829913133317e-02 2.149120267991932906e+03
3.444087275973822804e-02 2.094408099722307270e+03
3.540773908965272332e-02 2.039841186209340322e+03
3.640174847446139839e-02 1.985705880752143230e+03
3.742366290721982347e-02 1.932285376315026497e+03
3.847426577258503816e-02 1.879855599684771732e+03
3.955436244734702317e-02 1.828680247003395380e+03
4.066478091781854792e-02 1.779007431076604689e+03
4.180637241455758407e-02 1.731061647614452113e+03
4.298001206490798670e-02 1.685040436358840907e+03
4.418659956385941057e-02 1.641109601450253422e+03
4.542705986374045990e-02 1.599395824502990536e+03
4.670234388327333674e-02 1.559983344933344142e+03
4.801342923653453137e-02 1.522907949401021369e+03
4.936132098237919208e-02 1.488152364953276674e+03
5.074705239490467923e-02 1.455643620843334247e+03
5.217168575554350513e-02 1.425248682147386944e+03
5.363631316739241039e-02 1.396771208142258274e+03
5.514205739240302800e-02 1.369953342089859916e+03
5.669007271207433807e-02 1.344482849853397738e+03
5.828154581230844677e-02 1.319945101544557474e+03
5.991769669310622465e-02 1.296301044451713096e+03
6.159977960380166873e-02 1.272360252049811379e+03
6.332908400455118658e-02 1.248017514509833518e+03
6.510693555481457395e-02 1.222749530419555640e+03
6.693469712958663442e-02 1.196082210320348395e+03
6.881376986415664587e-02 1.167591505542440700e+03
7.074559422819878818e-02 1.136932090412301022e+03
7.273165113001461846e-02 1.103869996626585589e+03
7.477346305177587360e-02 1.068297411951006325e+03
7.687259521663733497e-02 1.030179597804433342e+03
7.903065678861345700e-02 9.898726457639561431e+02
8.124930210614052239e-02 9.477970434274020590e+02
8.353023195026774983e-02 9.045395949270750862e+02
8.587519484845174134e-02 8.608199132616548468e+02
8.828598841495152727e-02 8.174525768122014142e+02
9.076446072885357985e-02 7.752905412215984597e+02
9.331251175078249249e-02 7.351616422569709357e+02
9.593209477938241525e-02 6.978136007126406639e+02
9.862521794868782388e-02 6.638497652575839538e+02
1.013939457675292477e-01 6.336788145387780560e+02
1.042404007021556500e-01 6.074804381270745353e+02
1.071667648032863795e-01 5.851765722196798833e+02
1.101752813788386687e-01 5.664214219306118139e+02
1.132682567136154145e-01 5.506059651779198703e+02
1.164480618372685794e-01 5.368942188619482749e+02
1.197171343418966943e-01 5.242781746716661928e+02
1.230779802506665743e-01 5.116662748594056325e+02
1.265331759388942934e-01 4.980081647932943838e+02
1.300853701090571579e-01 4.824363026182272733e+02
1.337372858212496074e-01 4.644162357653449931e+02
1.374917225806419896e-01 4.438522299128791246e+02
1.413515584835395023e-01 4.211241013427899134e+02
1.453197524236895799e-01 3.970493913318618411e+02
1.493993463605258198e-01 3.727511862585229210e+02
1.535934676510897212e-01 3.494621520158063959e+02
1.579053314474175851e-01 3.282887328081322948e+02
1.623382431612278298e-01 3.100153864778841921e+02
1.668956009978024568e-01 2.949893738201542988e+02
1.715808985610006165e-01 2.830446944663891600e+02
1.763977275314044801e-01 2.735141380257400101e+02
1.813497804196496366e-01 2.653672418744147308e+02
1.864408533970486059e-01 2.574107489261845103e+02
1.916748492056815356e-01 2.485456605873127671e+02
1.970557801501798822e-01 2.380736593909332441e+02
2.025877711735017406e-01 2.259067436599559073e+02
2.082750630190516594e-01 2.125722105606063508e+02
2.141220154815729193e-01 1.990499746356963158e+02
2.201331107493031680e-01 1.864278512668439021e+02
2.263129568399529223e-01 1.755307760933652901e+02
2.326662911331459360e-01 1.666836019152698327e+02
2.391979840020238557e-01 1.596119846364027239e+02
2.459130425468044889e-01 1.535721145206826463e+02
2.528166144331501219e-01 1.476393620425864128e+02
2.599139918382933900e-01 1.410766066673525643e+02
2.672106155079435608e-01 1.336489690350286992e+02
2.747120789270811603e-01 1.256889002963177404e+02
2.824241326078435477e-01 1.178929081047837713e+02
2.903526884977813416e-01 1.109216042656710925e+02
2.985038245118734057e-01 1.050733394009781136e+02
3.068837891917643446e-01 1.001543287280719596e+02
3.154990064958086982e-01 9.564232016438911899e+01
3.243560807235809640e-01 9.101251408841518753e+01
3.334618015786366407e-01 8.605915420162941132e+01
3.428231493733970847e-01 8.098017145017537644e+01
3.524473003801584237e-01 7.617685147506072951e+01
3.623416323323152555e-01 7.193343064490339600e+01
3.725137300800212548e-01 6.822059002866595279e+01
3.829713914046279921e-01 6.476743550329477728e+01
3.937226329963477989e-01 6.131274875047819251e+01
4.047756965997323930e-01 5.781360410178225351e+01
4.161390553316708374e-01 5.443269080235420887e+01
4.278214201767614466e-01 5.133904941414855472e+01
4.398317466650228380e-01 4.853939558244336183e+01
4.521792417370701922e-01 4.590254211524545269e+01
4.648733708020256206e-01 4.331984827488377476e+01
4.779238649935594330e-01 4.080845748970922671e+01
4.913407286296365140e-01 3.845071024654370007e+01
5.051342468816764075e-01 3.627353688015974598e+01
5.193149936590210070e-01 3.422501243234536616e+01
5.338938397147356962e-01 3.225549982312944053e+01
5.488819609789672427e-01 3.037373440293691118e+01
5.642908471262538805e-01 2.860854929826087911e+01
5.801323103833373462e-01 2.695478022202948054e+01
5.964184945842465613e-01 2.538561750105491299e+01
6.131618844795774237e-01 2.389326638927194679e+01
6.303753153071274262e-01 2.248666612530407605e+01
6.480719826311974741e-01 2.116389485457928998e+01
6.662654524581153037e-01 1.991348505519013656e+01
6.849696716357442927e-01 1.872988737233247747e+01
7.041989785449285222e-01 1.761518509986871805e+01
7.239681140910878554e-01 1.656438028195523771e+01
7.442922330043759693e-01 1.557236631449437603e+01
7.651869154570819509e-01 1.463710050948778019e+01
7.866681790071589075e-01 1.375561285258679689e+01
8.087524908770455934e-01 1.292462214523772168e+01
8.314567805772061782e-01 1.214154743602523112e+01
8.547984528840417706e-01 1.140395264885591686e+01
8.787954011821322853e-01 1.070915997708320155e+01
9.034660211810530139e-01 1.005496395041229718e+01
9.288292250172494047e-01 9.439166026166912360e+00
9.549044557518088228e-01 8.859598062603009083e+00
9.817117022752195332e-01 8.314232100210755760e+00
1.009271514630570854e+00 7.801150190553038932e+00
1.037605019766912440e+00 7.318502085382744049e+00
1.066733937734857918e+00 6.864565413194989141e+00
1.096680598336868151e+00 6.437736668508510895e+00
1.127467958244945612e+00 6.036499253143866817e+00
1.159119618598886126e+00 5.659403070890559384e+00
1.191659843098559213e+00 5.305068601909384896e+00
1.225113576604118126e+00 4.972183514646474123e+00
1.259506464258359104e+00 4.659481621376726501e+00
1.294864871145904983e+00 4.365776990263936064e+00
1.331215902504307769e+00 4.089974670878564034e+00
1.368587424502517580e+00 3.831041518100793741e+00
1.407008085602686087e+00 3.588007414687909957e+00
1.446507338521646480e+00 3.359931503889675319e+00
1.487115462808953126e+00 3.145884073697958971e+00
1.528863588058731571e+00 2.945472725765252875e+00
1.571783717773163280e+00 2.757828761321344579e+00
1.615908753895917815e+00 2.582138822825199131e+00
1.661272522034291654e+00 2.417641368402645430e+00
1.707909797389428608e+00 2.263623370883145025e+00
1.755856331414468618e+00 2.119417227127377679e+00
1.805148879221108116e+00 1.984397864248852450e+00
1.855825227755520057e+00 1.857980030186261677e+00
1.907924224765265908e+00 1.739615756882327613e+00
1.961485808579430667e+00 1.628791985073107407e+00
2.016551038724745393e+00 1.525028340392209580e+00
2.073162127401231736e+00 1.427875051150272467e+00
2.131362471841438122e+00 1.336910998764157199e+00
2.191196687578147895e+00 1.251741892385283439e+00
2.252710642645982198e+00 1.171998559814899199e+00
2.315951492743154372e+00 1.097335347298109554e+00
2.380967717380357840e+00 1.027428621260456865e+00
2.447809157044444017e+00 9.619753654927045705e-01
2.516527051405392790e+00 9.006918677032179632e-01
2.587174078595922744e+00 8.433124897446899748e-01
2.659804395593756698e+00 7.895885161846754041e-01
2.734473679737583041e+00 7.392870762289609488e-01
2.811239171408464355e+00 6.921901343247690575e-01
2.890159717909508874e+00 6.480935450684837118e-01
2.971295818577336600e+00 6.068061683213229474e-01
3.054709671159970164e+00 5.681490406973527252e-01
3.140465219496751281e+00 5.319545998325992953e-01
3.228628202536729219e+00 4.980659580727852531e-01
3.319266204733191561e+00 4.663362224314376858e-01
3.412448707852890450e+00 4.366278578706703772e-01
3.508247144239789783e+00 4.088120911447306605e-01
3.606734951574031900e+00 3.827683526222251942e-01
3.707987629168172372e+00 3.583837536675573698e-01
3.812082795843888317e+00 3.355525973162460374e-01
3.919100249433401739e+00 3.141759201231099086e-01
4.029122027951350660e+00 2.941610631974200807e-01
4.142232472483896366e+00 2.754212705656420290e-01
4.258518291843413017e+00 2.578753131208355032e-01
4.378068629038172510e+00 2.414471365286941229e-01
4.500975129608047354e+00 2.260655315640434648e-01
4.627332011878690032e+00 2.116638254488474591e-01
4.757236139187885904e+00 1.981795928538006846e-01
4.890787094139594338e+00 1.855543853108228836e-01
5.028087254942479767e+00 1.737334778635711563e-01
5.169241873891597727e+00 1.626656318578069416e-01
5.314359158053243881e+00 1.523028728434140666e-01
5.463550352214879169e+00 1.426002826253668920e-01
5.616929824163807261e+00 1.335158045622764356e-01
5.774615152359817039e+00 1.250100612685664248e-01
5.936727216069127344e+00 1.170461839300942775e-01
6.103390288028621491e+00 1.095896524933729910e-01
6.274732129711575013e+00 1.026081460356806502e-01
6.450884089267698407e+00 9.607140266747568602e-02
6.631981202212673843e+00 8.995108835985343720e-02
6.818162294944477786e+00 8.422067412846653833e-02
7.009570091165615580e+00 7.885532104155308641e-02
7.206351321293055889e+00 7.383177255363088110e-02
7.408656834939563396e+00 6.912825369816945342e-02
7.616641716552886798e+00 6.472437670228291251e-02
7.830465404301192756e+00 6.060105261432283119e-02
8.050291812295983007e+00 5.674040856131398747e-02
8.276289456246344045e+00 5.312571027757894554e-02
8.508631582640587609e+00 4.974128956874571128e-02
8.747496301554422260e+00 4.657247639672527223e-02
8.993066723187620681e+00 4.360553529127626782e-02
9.245531098233566780e+00 4.082760581252747878e-02
9.505082962189515428e+00 3.822664680638851453e-02
9.771921283717999174e+00 3.579138421121910718e-02
1.004625061717340628e+01 3.351126218952108632e-02
1.032828125941029640e+01 3.137639737282946206e-02
1.061822941099384643e+01 2.937753602147354787e-02
1.091631734193614811e+01 2.750601391351349678e-02
1.122277356208507015e+01 2.575371878898810585e-02
1.153783299629661485e+01 2.411305518668509229e-02
1.186173716452478821e+01 2.257691152101634971e-02
1.219473436696737778e+01 2.113862925629016523e-02
1.253707987440921379e+01 1.979197404476389088e-02
1.288903612390893194e+01 1.853110870337270830e-02
1.325087291997952832e+01 1.735056791199992426e-02
1.362286764141645712e+01 1.624523452361654324e-02
1.400530545393221082e+01 1.521031738360449984e-02
1.439847952876007753e+01 1.424133056211963552e-02
1.480269126739508501e+01 1.333407390947551931e-02
1.521825053264387861e+01 1.248461485026388859e-02
1.564547588616096618e+01 1.168927133729682523e-02
1.608469483265355748e+01 1.094459589148326362e-02
1.653624407094179460e+01 1.024736065845938127e-02
1.700046975206718614e+01 9.594543417199650343e-03
1.747772774464680978e+01 8.983314479961807333e-03
1.796838390767719673e+01 8.411024426782499550e-03
1.847281437099635681e+01 7.875192621357792952e-03
1.899140582361934904e+01 7.373496458529782936e-03
1.952455581016860364e+01 6.903761296771603398e-03
2.007267303562567662e+01 6.463951032032495478e-03
2.063617767863859598e+01 6.052159272084439712e-03
2.121550171362450854e+01 5.666601073114923247e-03
2.181108924191518383e+01 5.305605202747414040e-03
2.242339683219847757e+01 4.967606895953010845e-03
2.305289387051708516e+01 4.651141072453204156e-03
2.370006292009328064e+01 4.354835986214029321e-03
2.436540009125468131e+01 4.077407279504855799e-03
2.504941542174504221e+01 3.817652415748661130e-03
2.575263326771200667e+01 3.574445467032533619e-03
2.647559270567065681e+01 3.346732233684469177e-03
2.721884794575180422e+01 3.133525674761872964e-03
2.798296875655116978e+01 2.933901629644861033e-03
2.876854090190592217e+01 2.746994812189277636e-03
2.957616658993256564e+01 2.571995060075760436e-03
3.040646493467068723e+01 2.408143823097364748e-03
3.126007243068703190e+01 2.254730875163956424e-03
3.213764344100275139e+01 2.111091235771292516e-03
3.303985069871860247e+01 1.976602287590657932e-03
3.396738582272208617e+01 1.850681077685023415e-03
3.492095984787270169e+01 1.732781790653628584e-03
3.590130377007073292e+01 1.622393382752147653e-03
3.690916910662779316e+01 1.519037366733332712e-03
3.794532847236938977e+01 1.422265737806358791e-03
3.901057617190990356e+01 1.331659031724777981e-03
4.010572880855499989e+01 1.246824506585709038e-03
4.123162591029752377e+01 1.167394440459132259e-03
4.238913057338778145e+01 1.093024537468223738e-03
4.357913012397032304e+01 1.023392435411763206e-03
4.480253679829492341e+01 9.581963084597887705e-04
4.606028844202401018e+01 8.971535588657657658e-04
4.735334922917113687e+01 8.399995920244003340e-04
4.868271040122284887e+01 7.864866695654856073e-04
5.004939102700954123e+01 7.363828355124266579e-04
5.145443878390924652e+01 6.894709108507922216e-04
5.289893076098154978e+01 6.455475521487751651e-04
5.438397428464800498e+01 6.044223701490724927e-04
5.591070776755292115e+01 5.659171045116563646e-04
5.748030158125349942e+01 5.298648511302925549e-04
5.909395895340973937e+01 4.961093386735484102e-04
6.075291689016074059e+01 4.645042512143989161e-04
6.245844712439613744e+01 4.349125940123198275e-04
6.421185709064765490e+01 4.072060996987956235e-04
6.601449092734890201e+01 3.812646722923097409e-04
6.786773050723294887e+01 3.569758666328550411e-04
6.977299649665530978e+01 3.342344009795324947e-04
7.173174944465618807e+01 3.129417006585542989e-04
7.374549090259552031e+01 2.930054707835573111e-04
7.581576457522108115e+01 2.743392961961500895e-04
7.794415750404954224e+01 2.568622668926032952e-04
8.013230128396889995e+01 2.404986273130668760e-04
8.238187331399603863e+01 2.251774479731301240e-04
8.469459808314594795e+01 2.108323180143855671e-04
8.707224849239922548e+01 1.974010573413335749e-04
8.951664721378301692e+01 1.848254470968613305e-04
9.202966808760409378e+01 1.730509773080220854e-04
9.461323755890775544e+01 1.620266106082647259e-04
9.726933615426175095e+01 1.517045610119490101e-04
9.999999999999995737e+01 1.420400867822278225e-04
