1.000000000000000048e-04 3.090299826090685897e+01
1.028073223830865281e-04 3.174091995397161980e+01
1.056934553557988362e-04 3.260154448491701373e+01
1.086606113854597351e-04 3.348548494456574787e+01
1.117110650504824041e-04 3.439336546523560401e+01
1.148471547840289439e-04 3.532583474260002987e+01
1.180712846666190141e-04 3.628356103391593024e+01
1.213859262690628250e-04 3.726722051099140032e+01
1.247936205471311189e-04 3.827750853128154063e+01
1.282969797894147957e-04 3.931514988338102512e+01
1.318986896198670199e-04 4.038088539788562059e+01
1.356015110565633925e-04 4.147546796103510758e+01
1.394082826282578376e-04 4.259967438366580694e+01
1.433219225503574155e-04 4.375430574018477614e+01
1.473454309619835539e-04 4.494017926719765654e+01
1.514818922258346051e-04 4.615813238614128267e+01
1.557344772926134557e-04 4.740903113979787520e+01
1.601064461318317826e-04 4.869376372292985167e+01
1.646011502308550778e-04 5.001323428641777014e+01
1.692220351641037391e-04 5.136837407422638080e+01
1.739726432343801689e-04 5.276014575399845796e+01
1.788566161883461665e-04 5.418953383834632831e+01
1.838776980082327715e-04 5.565754477160422908e+01
1.890397377819221208e-04 5.716521028710751295e+01
1.943466926536020897e-04 5.871359032169544179e+01
1.998026308572550618e-04 6.030378085597678961e+01
2.054117348353064979e-04 6.193690454052280359e+01
2.111783044448243749e-04 6.361410037470867707e+01
2.171067602537265953e-04 6.533653918182878328e+01
2.232016469295233991e-04 6.710542938068903140e+01
2.294676367231936914e-04 6.892201248565470451e+01
2.359095330508635614e-04 7.078756240070303818e+01
2.425322741760353111e-04 7.270337766838375160e+01
2.493409369951879494e-04 7.467078801264074173e+01
2.563407409296515377e-04 7.669116927198626854e+01
2.635370519267394326e-04 7.876592837908387423e+01
2.709353865732051759e-04 8.089648567177417249e+01
2.785414163241767813e-04 8.308431197172366467e+01
2.863609718508116210e-04 8.533094390536429330e+01
2.944000475100034728e-04 8.763792652480746881e+01
3.026648059395691654e-04 9.000681545310827403e+01
3.111615827824361444e-04 9.243924310296596047e+01
3.198968915434537695e-04 9.493689950241216025e+01
3.288774285825511105e-04 9.750148651115220844e+01
3.381100782480684795e-04 1.001347414010068348e+02
3.476019181541978613e-04 1.028384531445259000e+02
3.573602246065787046e-04 1.056144514192885424e+02
3.673924781802075296e-04 1.084646027953108813e+02
3.777063694539367416e-04 1.113908226283441536e+02
3.883098049059605528e-04 1.143950766179947465e+02
3.992109129748052884e-04 1.174793759217151461e+02
4.104180502904709654e-04 1.206457748940943588e+02
4.219398080805026588e-04 1.238963565835232004e+02
4.337850187558990231e-04 1.272332555637539855e+02
4.459627626819093779e-04 1.306586834092275069e+02
4.584823751389095932e-04 1.341748870184292457e+02
4.713534534786909978e-04 1.377841298511082755e+02
4.845858644816496185e-04 1.414887405515554519e+02
4.981897519205162042e-04 1.452911157455131104e+02
5.121755443364240474e-04 1.491936858368128469e+02
5.265539630332758715e-04 1.531989236214411960e+02
5.413360302965379654e-04 1.573093610490286096e+02
5.565330778427647921e-04 1.615275804106677811e+02
5.721567555063251324e-04 1.658562010771408666e+02
5.882190401699957617e-04 1.702978909070305633e+02
6.047322449462647380e-04 1.748553683070319948e+02
6.217090286163829381e-04 1.795314103488746582e+02
6.391624053344003523e-04 1.843288500859886199e+02
6.571057546036271476e-04 1.892505369010440575e+02
6.755528315331644270e-04 1.942993573431484435e+02
6.945177773823697038e-04 1.994782900629741675e+02
7.140151304013400355e-04 2.047903610921036375e+02
7.340598369757211656e-04 2.102385877792840745e+02
7.546672630843890076e-04 2.158260389564765092e+02
7.758532060787837713e-04 2.215558556831065005e+02
7.976339067929278130e-04 2.274312142179361160e+02
8.200260619934130737e-04 2.334553203210873278e+02
8.430468371788971344e-04 2.396314084062747725e+02
8.667138797389231696e-04 2.459627490851421783e+02
8.910453324821514341e-04 2.524526658671784389e+02
9.160598475443706154e-04 2.591045095973168486e+02
9.417766006869523988e-04 2.659216140223899174e+02
9.682153059967085751e-04 2.729073615717310872e+02
9.953962309984236857e-04 2.800652103515480462e+02
1.023340212191642049e-03 2.873986114272750001e+02
1.052068671023622922e-03 2.949109995854387307e+02
1.081603630310709867e-03 3.026058488250700407e+02
1.111967731120699519e-03 3.104866623689157450e+02
1.143184250129150028e-03 3.185569380549165999e+02
1.175277117462945366e-03 3.268201797244771001e+02
1.208270935044776636e-03 3.352798986624455324e+02
1.242190995452617476e-03 3.439395993046775288e+02
1.277063301308643990e-03 3.528027675199581950e+02
1.312914585212465604e-03 3.618729850679447964e+02
1.349772330233942573e-03 3.711538832919927700e+02
1.387664790981308705e-03 3.806484718367259461e+02
1.426621015260737648e-03 3.903598106554147193e+02
1.466670866343968349e-03 4.002937122324929646e+02
1.507845045861051347e-03 4.104553028874041729e+02
1.550175117335769997e-03 4.208439712830456756e+02
1.593693530381775150e-03 4.314605563641158597e+02
1.638433645577984637e-03 4.423109466105102001e+02
1.684429760042315850e-03 4.533996232272496627e+02
1.731717133723354026e-03 4.647289219765202688e+02
1.780332016430114135e-03 4.763019093413141150e+02
1.830311675620612021e-03 4.881219684905508984e+02
1.881694424970556086e-03 5.001911282532431642e+02
1.934519653744045872e-03 5.125114615188879270e+02
1.988827856988810081e-03 5.250870615752637605e+02
2.044660666579116784e-03 5.379213827781671853e+02
2.102060883130158625e-03 5.510158562912624802e+02
2.161072508808377368e-03 5.643721839632952424e+02
2.221740781062885202e-03 5.779926344339747857e+02
2.284112207303824749e-03 5.918793601417094123e+02
2.348234600554276272e-03 6.060342276938785062e+02
2.414157116103019234e-03 6.204581432435010129e+02
2.481930289186255051e-03 6.351517254579731571e+02
2.551606073727184613e-03 6.501161336327938898e+02
2.623237882163122550e-03 6.653521828653650800e+02
2.696880626390694112e-03 6.808598986106543407e+02
2.772590759860483686e-03 6.966391151972179614e+02
2.850426320853435488e-03 7.126895344270294572e+02
2.930446976972143555e-03 7.290104301433249248e+02
3.012714070881164757e-03 7.456006547185000954e+02
3.097290667331408388e-03 7.624586434803292150e+02
3.184241601504654226e-03 7.795824134097057367e+02
3.273633528715246682e-03 7.969694945488440680e+02
3.365534975507094694e-03 8.146170430293627760e+02
3.460016392185110562e-03 8.325218851661090866e+02
3.557150206821386215e-03 8.506802333278907327e+02
3.657010880777490907e-03 8.690876311013422537e+02
3.759674965785466966e-03 8.877392335460102686e+02
3.865221162631264206e-03 9.066297284420239748e+02
3.973730381485608698e-03 9.257529982322114392e+02
4.085285803928562741e-03 9.451023016614557264e+02
4.199972946715305709e-03 9.646704370662483825e+02
4.317879727332022029e-03 9.844494814992281135e+02
4.439096531392168997e-03 1.004430577203804773e+03
4.563716281924761094e-03 1.024604198858401560e+03
4.691834510607797992e-03 1.044960157261892164e+03
4.823549431001468782e-03 1.065487362476463659e+03
4.958962013837215146e-03 1.086173872688772235e+03
5.098176064420424994e-03 1.107007010796328586e+03
5.241298302206058926e-03 1.127973245382035429e+03
5.388438442608223244e-03 1.149057863457747544e+03
5.539709281106404079e-03 1.170245292386111032e+03
5.695226779712823234e-03 1.191519179283093081e+03
5.855110155867242032e-03 1.212862063468954602e+03
6.019481973827276768e-03 1.234255287461594207e+03
6.188468238624385796e-03 1.255679154216693405e+03
6.362198492657489789e-03 1.277112944865929876e+03
6.540805914998253610e-03 1.298534744966439348e+03
6.724427423484249239e-03 1.319921548173559131e+03
6.913203779678128193e-03 1.341249137436962883e+03
7.107279696773417810e-03 1.362491837678616093e+03
7.306803950529504668e-03 1.383622108185661546e+03
7.511929493320966197e-03 1.404612826737435398e+03
7.722813571388646714e-03 1.425437089270670413e+03
7.939617845382279313e-03 1.446058683520649083e+03
8.162508514287231468e-03 1.466439521028774834e+03
8.391656442830155299e-03 1.486575100326668917e+03
8.627237292461452031e-03 1.506458148376754934e+03
8.869431656014713575e-03 1.526019207782734838e+03
9.118425196146570655e-03 1.545195360232951316e+03
9.374408787662998066e-03 1.563967889533022344e+03
9.637578663841087079e-03 1.582300322484291200e+03
9.908136566858672528e-03 1.600131908978913771e+03
1.018628990244687879e-02 1.617456464376580243e+03
1.047225189888434729e-02 1.634273624675523934e+03
1.076624177045493527e-02 1.650345333168379966e+03
1.106848488549412070e-02 1.665461692136184411e+03
1.137921293915315074e-02 1.679894439514462874e+03
1.169866413101306943e-02 1.693827472272904288e+03
1.202708334768511945e-02 1.707022399963194175e+03
1.236472235053715993e-02 1.719287853342618746e+03
1.271183996869028332e-02 1.730568899078533605e+03
1.306870229743346996e-02 1.740978816597209288e+03
1.343558290220825575e-02 1.750678879700918060e+03
1.381276302832009847e-02 1.759354180614415554e+03
1.420053181653682141e-02 1.766631423036606748e+03
1.459918652473978819e-02 1.772678013274011619e+03
1.500903275579736421e-02 1.777583831309363632e+03
1.543038469183564444e-02 1.781015817177777308e+03
1.586356533508591002e-02 1.782925612336011000e+03
1.630890675549331870e-02 1.783651681252368235e+03
1.676675034527700184e-02 1.783144198252281058e+03
1.723744708063620554e-02 1.781109748753685608e+03
1.772135779080359283e-02 1.777641499466571076e+03
1.821885343465167589e-02 1.772882713769409747e+03
1.873031538506437013e-02 1.766540416950073450e+03
1.925613572129198509e-02 1.758396117144026675e+03
1.979671752951332395e-02 1.748595650575315176e+03
2.035247521183577296e-02 1.737218711517168458e+03
2.092383480396978190e-02 1.724210311312466501e+03
2.151123430182166549e-02 1.709555164113129194e+03
2.211512399725490061e-02 1.693273452887016447e+03
2.273596682327716154e-02 1.675382322662647084e+03
2.337423870891815886e-02 1.655903443849992982e+03
2.403042894406967958e-02 1.634873332642233208e+03
2.470504055456825693e-02 1.612338917258142601e+03
2.539859068780726467e-02 1.588357360086023618e+03
2.611161100917459149e-02 1.562998224507124405e+03
2.684464810961964890e-02 1.536342266282247238e+03
2.759826392466179640e-02 1.508482003758051860e+03
2.837303616516213128e-02 1.479522645743825024e+03
2.916955876018797328e-02 1.449580740897693886e+03
2.998844231231028931e-02 1.418783569044183878e+03
3.083031456568277942e-02 1.387268999589691475e+03
3.169582088726115993e-02 1.355184536771385410e+03
3.258562476153226140e-02 1.322685837925025226e+03
3.350040829913133317e-02 1.289935543085743120e+03
3.444087275973822804e-02 1.257101916263322437e+03
3.540773908965272332e-02 1.224354590466083437e+03
3.640174847446139839e-02 1.191865845387622130e+03
3.742366290721982347e-02 1.159806099686457628e+03
3.847426577258503816e-02 1.128340306722685909e+03
3.955436244734702317e-02 1.097626965841566061e+03
4.066478091781854792e-02 1.067815345341953844e+03
4.180637241455758407e-02 1.039040223799203432e+03
4.298001206490798670e-02 1.011419749348986670e+03
4.418659956385941057e-02 9.850537178184465574e+02
4.542705986374045990e-02 9.600183716911268448e+02
4.670234388327333674e-02 9.363637663873417978e+02
4.801342923653453137e-02 9.141120224703927306e+02
4.936132098237919208e-02 8.932525070617583651e+02
5.074705239490467923e-02 8.737415020043155209e+02
5.217168575554350513e-02 8.554989235741328457e+02
5.363631316739241039e-02 8.384073745179780417e+02
5.514205739240302800e-02 8.223116268126643718e+02
5.669007271207433807e-02 8.070247325662483036e+02
5.828154581230844677e-02 7.922973736727433334e+02
5.991769669310622465e-02 7.781063942637811124e+02
6.159977960380166873e-02 7.637373160506640488e+02
6.332908400455118658e-02 7.491266255689645277e+02
6.510693555481457395e-02 7.339606992982327256e+02
6.693469712958663442e-02 7.179545446503806261e+02
6.881376986415664587e-02 7.008539737657621345e+02
7.074559422819878818e-02 6.824514447995139790e+02
7.273165113001461846e-02 6.626065049032488332e+02
7.477346305177587360e-02 6.412545297316906954e+02
7.687259521663733497e-02 6.183747340741716698e+02
7.903065678861345700e-02 5.941808862168824135e+02
8.124930210614052239e-02 5.689251552965148448e+02
8.353023195026774983e-02 5.429599707846616639e+02
8.587519484845174134e-02 5.167173126773262766e+02
8.828598841495152727e-02 4.906860434582824269e+02
9.076446072885357985e-02 4.653781875583639476e+02
9.331251175078249249e-02 4.412906983314434797e+02
9.593209477938241525e-02 4.188724226181732320e+02
9.862521794868782388e-02 3.984853809615542559e+02
1.013939457675292477e-01 3.803751990208774600e+02
1.042404007021556500e-01 3.646494453569096663e+02
1.071667648032863795e-01 3.512614998260987704e+02
1.101752813788386687e-01 3.400035680824075826e+02
1.132682567136154145e-01 3.305102987519034059e+02
1.164480618372685794e-01 3.222798363856813921e+02
1.197171343418966943e-01 3.147069641086070533e+02
1.230779802506665743e-01 3.071366879556639446e+02
1.265331759388942934e-01 2.989382468654285390e+02
1.300853701090571579e-01 2.895910835676304487e+02
1.337372858212496074e-01 2.787743761134605620e+02
1.374917225806419896e-01 2.664305375120264898e+02
1.413515584835395023e-01 2.527876612836550976e+02
1.453197524236895799e-01 2.383364826713734033e+02
1.493993463605258198e-01 2.237510776751700519e+02
1.535934676510897212e-01 2.097714927205284994e+02
1.579053314474175851e-01 1.970618120558708597e+02
1.623382431612278298e-01 1.860929221973592860e+02
1.668956009978024568e-01 1.770733399526418452e+02
1.715808985610006165e-01 1.699033108760515631e+02
1.763977275314044801e-01 1.641824698534961442e+02
1.813497804196496366e-01 1.592921236027457041e+02
1.864408533970486059e-01 1.545161394635627801e+02
1.916748492056815356e-01 1.491947121464915540e+02
1.970557801501798822e-01 1.429087353707133161e+02
2.025877711735017406e-01 1.356053200615825460e+02
2.082750630190516594e-01 1.276010121497589154e+02
2.141220154815729193e-01 1.194840208795008465e+02
2.201331107493031680e-01 1.119073226442850739e+02
2.263129568399529223e-01 1.053661333036785805e+02
2.326662911331459360e-01 1.000554447720426481e+02
2.391979840020238557e-01 9.581057463887370318e+01
2.459130425468044889e-01 9.218502783661027422e+01
2.528166144331501219e-01 8.862376377453244913e+01
2.599139918382933900e-01 8.468434390833225223e+01
2.672106155079435608e-01 8.022574106100931601e+01
2.747120789270811603e-01 7.544754651123906797e+01
2.824241326078435477e-01 7.076783474158922616e+01
2.903526884977813416e-01 6.658316709925659893e+01
2.985038245118734057e-01 6.307263960088459243e+01
3.068837891917643446e-01 6.011988217002217993e+01
3.154990064958086982e-01 5.741145280040324650e+01
3.243560807235809640e-01 5.463230077956993114e+01
3.334618015786366407e-01 5.165895309774708011e+01
3.428231493733970847e-01 4.861017994838050527e+01
3.524473003801584237e-01 4.572687904267600345e+01
3.623416323323152555e-01 4.317967429070395724e+01
3.725137300800212548e-01 4.095095397795816439e+01
3.829713914046279921e-01 3.887812569417219777e+01
3.937226329963477989e-01 3.680437895065358589e+01
4.047756965997323930e-01 3.470394096844530907e+01
4.161390553316708374e-01 3.267447268251655146e+01
4.278214201767614466e-01 3.081743993975081608e+01
4.398317466650228380e-01 2.913688644464118127e+01
4.521792417370701922e-01 2.755405535636597847e+01
4.648733708020256206e-01 2.600373475997920281e+01
4.779238649935594330e-01 2.449621582443242218e+01
4.913407286296365140e-01 2.308092554782745864e+01
5.051342468816764075e-01 2.177402484243692626e+01
5.193149936590210070e-01 2.054435870281992038e+01
5.338938397147356962e-01 1.936211000717165476e+01
5.488819609789672427e-01 1.823253762867012995e+01
5.642908471262538805e-01 1.717294657808223945e+01
5.801323103833373462e-01 1.618023399011332941e+01
5.964184945842465613e-01 1.523830736096642902e+01
6.131618844795774237e-01 1.434248661182844309e+01
6.303753153071274262e-01 1.349814555643681757e+01
6.480719826311974741e-01 1.270412194955327045e+01
6.662654524581153037e-01 1.195352974883425645e+01
6.849696716357442927e-01 1.124305106967239354e+01
7.041989785449285222e-01 1.057392378198059468e+01
7.239681140910878554e-01 9.943154470798063471e+00
7.442922330043759693e-01 9.347677236596586781e+00
7.651869154570819509e-01 8.786260494952799149e+00
7.866681790071589075e-01 8.257126814342615972e+00
8.087524908770455934e-01 7.758306064112461264e+00
8.314567805772061782e-01 7.288247555894580287e+00
8.547984528840417706e-01 6.845488864765319370e+00
8.787954011821322853e-01 6.428422826046909400e+00
9.034660211810530139e-01 6.035727799662812920e+00
9.288292250172494047e-01 5.666081671642525741e+00
9.549044557518088228e-01 5.318181843886853777e+00
9.817117022752195332e-01 4.990812634804680847e+00
1.009271514630570854e+00 4.682823547958683719e+00
1.037605019766912440e+00 4.393102737800324675e+00
1.066733937734857918e+00 4.120616695853606792e+00
1.096680598336868151e+00 3.864402859750672992e+00
1.127467958244945612e+00 3.623550972570056317e+00
1.159119618598886126e+00 3.397190395297202237e+00
1.191659843098559213e+00 3.184492920143275452e+00
1.225113576604118126e+00 2.984670919922135734e+00
1.259506464258359104e+00 2.796963922887774068e+00
1.294864871145904983e+00 2.620660909014202122e+00
1.331215902504307769e+00 2.455104393173388022e+00
1.368587424502517580e+00 2.299673837298674250e+00
1.407008085602686087e+00 2.153786637341412291e+00
1.446507338521646480e+00 2.016878021083451600e+00
1.487115462808953126e+00 1.888391596867496913e+00
1.528863588058731571e+00 1.768090477382532111e+00
1.571783717773163280e+00 1.655453212880475755e+00
1.615908753895917815e+00 1.549991572882255753e+00
1.661272522034291654e+00 1.451248429924349104e+00
1.707909797389428608e+00 1.358795778122516396e+00
1.755856331414468618e+00 1.272232877964126763e+00
1.805148879221108116e+00 1.191184519287595833e+00
1.855825227755520057e+00 1.115299394919764486e+00
1.907924224765265908e+00 1.044248577921680798e+00
1.961485808579430667e+00 9.777240958423550898e-01
2.016551038724745393e+00 9.154375958005345204e-01
2.073162127401231736e+00 8.571190946082435369e-01
2.131362471841438122e+00 8.025158085184536105e-01
2.191196687578147895e+00 7.513910575243798462e-01
2.252710642645982198e+00 7.035232394610497764e-01
2.315951492743154372e+00 6.587048694623445222e-01
2.380967717380357840e+00 6.167416806100071147e-01
2.447809157044444017e+00 5.774517818763447163e-01
2.516527051405392790e+00 5.406648697106968271e-01
2.587174078595922744e+00 5.062214898522587880e-01
2.659804395593756698e+00 4.739723461695639073e-01
2.734473679737583041e+00 4.437776535307600412e-01
2.811239171408464355e+00 4.155065318996742363e-01
2.890159717909508874e+00 3.890364390313497123e-01
2.971295818577336600e+00 3.642526393080555702e-01
3.054709671159970164e+00 3.410477064134155856e-01
3.140465219496751281e+00 3.193210576889813357e-01
3.228628202536729219e+00 2.989785181548981208e-01
3.319266204733191561e+00 2.799319123048965019e-01
3.412448707852890450e+00 2.620986819062288142e-01
3.508247144239789783e+00 2.454015281478891808e-01
3.606734951574031900e+00 2.297680765859969887e-01
3.707987629168172372e+00 2.151305634340349437e-01
3.812082795843888317e+00 2.014255418381558083e-01
3.919100249433401739e+00 1.885936068643972452e-01
4.029122027951350660e+00 1.765791380057506743e-01
4.142232472483896366e+00 1.653300580929721320e-01
4.258518291843413017e+00 1.547976075641242788e-01
4.378068629038172510e+00 1.449361331144129461e-01
4.500975129608047354e+00 1.357028898102121683e-01
4.627332011878690032e+00 1.270578558095345756e-01
4.757236139187885904e+00 1.189635588858447557e-01
4.890787094139594338e+00 1.113849140032775742e-01
5.028087254942479767e+00 1.042890712392244984e-01
5.169241873891597727e+00 9.764527339510271908e-02
5.314359158053243881e+00 9.142472267811570241e-02
5.463550352214879169e+00 8.560045587613228368e-02
5.616929824163807261e+00 8.014722748462475843e-02
5.774615152359817039e+00 7.504140027907559019e-02
5.936727216069127344e+00 7.026084285853458067e-02
6.103390288028621491e+00 6.578483371622531606e-02
6.274732129711575013e+00 6.159397142139087789e-02
6.450884089267698407e+00 5.767009052305927669e-02
6.631981202212673843e+00 5.399618281120976970e-02
6.818162294944477786e+00 5.055632359404382825e-02
7.009570091165615580e+00 4.733560267180686454e-02
7.206351321293055889e+00 4.432005970796393940e-02
7.408656834939563396e+00 4.149662371759362672e-02
7.616641716552886798e+00 3.885305641070990051e-02
7.830465404301192756e+00 3.637789914493179400e-02
8.050291812295983007e+00 3.406042325756502426e-02
8.276289456246344045e+00 3.189058356180814874e-02
8.508631582640587609e+00 2.985897480551079688e-02
8.747496301554422260e+00 2.795679090375285600e-02
8.993066723187620681e+00 2.617578676853664355e-02
9.245531098233566780e+00 2.450824257014141277e-02
9.505082962189515428e+00 2.294693027522975645e-02
9.771921283717999174e+00 2.148508231666394416e-02
1.004625061717340628e+01 2.011636225923050733e-02
1.032828125941029640e+01 1.883483733412232713e-02
1.061822941099384643e+01 1.763495272312809448e-02
1.091631734193614811e+01 1.651150748106287175e-02
1.122277356208507015e+01 1.545963199207465305e-02
1.153783299629661485e+01 1.447476686211047851e-02
1.186173716452478821e+01 1.355264315605061130e-02
1.219473436696737778e+01 1.268926389384796363e-02
1.253707987440921379e+01 1.188088672546704951e-02
1.288903612390893194e+01 1.112400770952635606e-02
1.325087291997952832e+01 1.041534612533201280e-02
1.362286764141645712e+01 9.751830252469995824e-03
1.400530545393221082e+01 9.130584056317912756e-03
1.439847952876007753e+01 8.548914721764265881e-03
1.480269126739508501e+01 8.004300981099592843e-03
1.521825053264387861e+01 7.494382185486326772e-03
1.564547588616096618e+01 7.016948072637196887e-03
1.608469483265355748e+01 6.569929186349833528e-03
1.653624407094179460e+01 6.151387906370664634e-03
1.700046975206718614e+01 5.759510049706705569e-03
1.747772774464680978e+01 5.392597006980830686e-03
1.796838390767719673e+01 5.049058379745250368e-03
1.847281437099635681e+01 4.727405086839330493e-03
1.899140582361934904e+01 4.426242909911048788e-03
1.952455581016860364e+01 4.144266450124857275e-03
2.007267303562567662e+01 3.880253469861111998e-03
2.063617767863859598e+01 3.633059594880917644e-03
2.121550171362450854e+01 3.401613353992759964e-03
2.181108924191518383e+01 3.184911534720128324e-03
2.242339683219847757e+01 2.982014834839137769e-03
2.305289387051708516e+01 2.792043790937540852e-03
2.370006292009328064e+01 2.614174966347340614e-03
2.436540009125468131e+01 2.447637381927437929e-03
2.504941542174504221e+01 2.291709174225409987e-03
2.575263326771200667e+01 2.145714466533101168e-03
2.647559270567065681e+01 2.009020439273494999e-03
2.721884794575180422e+01 1.881034587020342453e-03
2.798296875655116978e+01 1.761202150261006452e-03
2.876854090190592217e+01 1.649003710770389824e-03
2.957616658993256564e+01 1.543952940173014005e-03
3.040646493467068723e+01 1.445594491934298334e-03
3.126007243068703190e+01 1.353502027643800794e-03
3.213764344100275139e+01 1.267276369035267745e-03
3.303985069871860247e+01 1.186543767733355811e-03
3.396738582272208617e+01 1.110954285227176881e-03
3.492095984787270169e+01 1.040180276048599485e-03
3.590130377007073292e+01 9.739149675805872531e-04
3.690916910662779316e+01 9.118711303396989654e-04
3.794532847236938977e+01 8.537798329690384023e-04
3.901057617190990356e+01 7.993892765451270348e-04
4.010572880855499989e+01 7.484637031459550824e-04
4.123162591029752377e+01 7.007823739493610057e-04
4.238913057338778145e+01 6.561386124322656117e-04
4.357913012397032304e+01 6.143389085234730049e-04
4.480253679829492341e+01 5.752020798269560529e-04
4.606028844202401018e+01 5.385584862799135423e-04
4.735334922917113687e+01 5.042492948415088633e-04
4.868271040122284887e+01 4.721257910250520979e-04
5.004939102700954123e+01 4.420487342894391554e-04
5.145443878390924652e+01 4.138877544957640328e-04
5.289893076098154978e+01 3.875207868130262751e-04
5.438397428464800498e+01 3.628335426235083688e-04
5.591070776755292115e+01 3.397190141344438234e-04
5.748030158125349942e+01 3.180770105486960828e-04
5.909395895340973937e+01 2.978137237839624681e-04
6.075291689016074059e+01 2.788413218580971359e-04
6.245844712439613744e+01 2.610775681780651649e-04
6.421185709064765490e+01 2.444454650823228953e-04
6.601449092734890201e+01 2.288729200915448105e-04
6.786773050723294887e+01 2.142924334210473847e-04
6.977299649665530978e+01 2.006408054004222750e-04
7.173174944465618807e+01 1.878588625321764359e-04
7.374549090259552031e+01 1.758912010019716998e-04
7.581576457522108115e+01 1.646859465286978951e-04
7.794415750404954224e+01 1.541945295134411725e-04
8.013230128396889995e+01 1.443714745127224538e-04
8.238187331399603863e+01 1.351742031234692473e-04
8.469459808314594795e+01 1.265628494253186426e-04
8.707224849239922548e+01 1.185000871802792383e-04
8.951664721378301692e+01 1.109509680407420895e-04
9.202966808760409378e+01 1.038827700645474127e-04
9.461323755890775544e+01 9.726485588048997075e-05
9.726933615426175095e+01 9.106853988947587490e-05
9.999999999999995737e+01 8.526696392570934585e-05
