1.000000000000000048e-04 3.841407219294094233e+01
1.028073223830865281e-04 3.945565210293928260e+01
1.056934553557988362e-04 4.052544281015408956e+01
1.086606113854597351e-04 4.162420820951043510e+01
1.117110650504824041e-04 4.275274040250999263e+01
1.148471547840289439e-04 4.391184068003102681e+01
1.180712846666190141e-04 4.510232684179214857e+01
1.213859262690628250e-04 4.632504622175592601e+01
1.247936205471311189e-04 4.758087094510234039e+01
1.282969797894147957e-04 4.887069590700424726e+01
1.318986896198670199e-04 5.019543796539064573e+01
1.356015110565633925e-04 5.155603571978148381e+01
1.394082826282578376e-04 5.295345609945488974e+01
1.433219225503574155e-04 5.438869417656348304e+01
1.473454309619835539e-04 5.586276358613220339e+01
1.514818922258346051e-04 5.737670324453869597e+01
1.557344772926134557e-04 5.893159270575887376e+01
1.601064461318317826e-04 6.052853879274270810e+01
1.646011502308550778e-04 6.216866297815769116e+01
1.692220351641037391e-04 6.385312147724697951e+01
1.739726432343801689e-04 6.558311258428499002e+01
1.788566161883461665e-04 6.735985955511293355e+01
1.838776980082327715e-04 6.918461079301202687e+01
1.890397377819221208e-04 7.105864838449099352e+01
1.943466926536020897e-04 7.298328992220764633e+01
1.998026308572550618e-04 7.495989361974359610e+01
2.054117348353064979e-04 7.698985283323700912e+01
2.111783044448243749e-04 7.907459060669044959e+01
2.171067602537265953e-04 8.121556637919587729e+01
2.232016469295233991e-04 8.341427802170245798e+01
2.294676367231936914e-04 8.567225809945550452e+01
2.359095330508635614e-04 8.799107671840121725e+01
2.425322741760353111e-04 9.037236199031904960e+01
2.493409369951879494e-04 9.281778805699394752e+01
2.563407409296515377e-04 9.532904140213442190e+01
2.635370519267394326e-04 9.790785108957126681e+01
2.709353865732051759e-04 1.005560163370592051e+02
2.785414163241767813e-04 1.032753747087915031e+02
2.863609718508116210e-04 1.060677910571306342e+02
2.944000475100034728e-04 1.089351865705636726e+02
3.026648059395691654e-04 1.118795403184856525e+02
3.111615827824361444e-04 1.149028689120451645e+02
3.198968915434537695e-04 1.180072332284552346e+02
3.288774285825511105e-04 1.211947506071854832e+02
3.381100782480684795e-04 1.244675923493886387e+02
3.476019181541978613e-04 1.278279823359045224e+02
3.573602246065787046e-04 1.312781933698418300e+02
3.673924781802075296e-04 1.348205445126210691e+02
3.777063694539367416e-04 1.384574110018818942e+02
3.883098049059605528e-04 1.421912262405996330e+02
3.992109129748052884e-04 1.460244821247696052e+02
4.104180502904709654e-04 1.499597287529599043e+02
4.219398080805026588e-04 1.539995693150157763e+02
4.337850187558990231e-04 1.581466631738167337e+02
4.459627626819093779e-04 1.624037241938405032e+02
4.584823751389095932e-04 1.667735298525217331e+02
4.713534534786909978e-04 1.712589247288555327e+02
4.845858644816496185e-04 1.758628049675204466e+02
4.981897519205162042e-04 1.805881179317750593e+02
5.121755443364240474e-04 1.854378720700889005e+02
5.265539630332758715e-04 1.904151397159348278e+02
5.413360302965379654e-04 1.955230607312779227e+02
5.565330778427647921e-04 2.007648386768968578e+02
5.721567555063251324e-04 2.061437331640450168e+02
5.882190401699957617e-04 2.116630610760112177e+02
6.047322449462647380e-04 2.173261927270658305e+02
6.217090286163829381e-04 2.231365576891415117e+02
6.391624053344003523e-04 2.290976453922213523e+02
6.571057546036271476e-04 2.352130043732256865e+02
6.755528315331644270e-04 2.414862430289371673e+02
6.945177773823697038e-04 2.479210233296352044e+02
7.140151304013400355e-04 2.545210657501561116e+02
7.340598369757211656e-04 2.612901477600565840e+02
7.546672630843890076e-04 2.682321069585385089e+02
7.758532060787837713e-04 2.753508383166439444e+02
7.976339067929278130e-04 2.826502555544171855e+02
8.200260619934130737e-04 2.901342912774446745e+02
8.430468371788971344e-04 2.978069742653547110e+02
8.667138797389231696e-04 3.056724056149743092e+02
8.910453324821514341e-04 3.137346840320784622e+02
9.160598475443706154e-04 3.219979379700462800e+02
9.417766006869523988e-04 3.304663403409505804e+02
9.682153059967085751e-04 3.391441058528226904e+02
9.953962309984236857e-04 3.480354862438921373e+02
1.023340212191642049e-03 3.571447619347223394e+02
1.052068671023622922e-03 3.664762361710665459e+02
1.081603630310709867e-03 3.760342135091090654e+02
1.111967731120699519e-03 3.858230106198217300e+02
1.143184250129150028e-03 3.958469831101927525e+02
1.175277117462945366e-03 4.061105178305912773e+02
1.208270935044776636e-03 4.166180298105121551e+02
1.242190995452617476e-03 4.273738707120953677e+02
1.277063301308643990e-03 4.383822632633622902e+02
1.312914585212465604e-03 4.496476586428008204e+02
1.349772330233942573e-03 4.611746928552273062e+02
1.387664790981308705e-03 4.729671047850761170e+02
1.426621015260737648e-03 4.850286462293406657e+02
1.466670866343968349e-03 4.973667009218862063e+02
1.507845045861051347e-03 5.099877607231977663e+02
1.550175117335769997e-03 5.228907900686305084e+02
1.593693530381775150e-03 5.360766689007351715e+02
1.638433645577984637e-03 5.495529233824405537e+02
1.684429760042315850e-03 5.633252091462795761e+02
1.731717133723354026e-03 5.773963411295729884e+02
1.780332016430114135e-03 5.917701397995220987e+02
1.830311675620612021e-03 6.064508724057136533e+02
1.881694424970556086e-03 6.214410151911602043e+02
1.934519653744045872e-03 6.367430705996505367e+02
1.988827856988810081e-03 6.523621001405374500e+02
2.044660666579116784e-03 6.683024108103137451e+02
2.102060883130158625e-03 6.845658487167786461e+02
2.161072508808377368e-03 7.011544999473096595e+02
2.221740781062885202e-03 7.180710423898883619e+02
2.284112207303824749e-03 7.353180734471540063e+02
2.348234600554276272e-03 7.528978956564927785e+02
2.414157116103019234e-03 7.708117019694211649e+02
2.481930289186255051e-03 7.890603105147160932e+02
2.551606073727184613e-03 8.076450364667272197e+02
2.623237882163122550e-03 8.265667661754207529e+02
2.696880626390694112e-03 8.458254853173511947e+02
2.772590759860483686e-03 8.654210802893958316e+02
2.850426320853435488e-03 8.853533998823918409e+02
2.930446976972143555e-03 9.056214770459055217e+02
3.012714070881164757e-03 9.262236716201849731e+02
3.097290667331408388e-03 9.471581573633534390e+02
3.184241601504654226e-03 9.684226597525516809e+02
3.273633528715246682e-03 9.900140761478718332e+02
3.365534975507094694e-03 1.011928782058901220e+03
3.460016392185110562e-03 1.034162732111262130e+03
3.557150206821386215e-03 1.056711254288979944e+03
3.657010880777490907e-03 1.079568988759122931e+03
3.759674965785466966e-03 1.102729849148943458e+03
3.865221162631264206e-03 1.126187052367868318e+03
3.973730381485608698e-03 1.149933205576865021e+03
4.085285803928562741e-03 1.173960139120390068e+03
4.199972946715305709e-03 1.198258536484987189e+03
4.317879727332022029e-03 1.222818355931178530e+03
4.439096531392168997e-03 1.247628991513688106e+03
4.563716281924761094e-03 1.272678659661765323e+03
4.691834510607797992e-03 1.297954287603403827e+03
4.823549431001468782e-03 1.323442157636716956e+03
4.958962013837215146e-03 1.349127769292901803e+03
5.098176064420424994e-03 1.374995181124328383e+03
5.241298302206058926e-03 1.401027299884191279e+03
5.388438442608223244e-03 1.427206032095781666e+03
5.539709281106404079e-03 1.453512237397753324e+03
5.695226779712823234e-03 1.479925628075271561e+03
5.855110155867242032e-03 1.506424538326321226e+03
6.019481973827276768e-03 1.532985831604566556e+03
6.188468238624385796e-03 1.559584995890827486e+03
6.362198492657489789e-03 1.586196191118591742e+03
6.540805914998253610e-03 1.612792113532752865e+03
6.724427423484249239e-03 1.639344149220734380e+03
6.913203779678128193e-03 1.665822317624581956e+03
7.107279696773417810e-03 1.692194859161160139e+03
7.306803950529504668e-03 1.718427689885719474e+03
7.511929493320966197e-03 1.744487116114280298e+03
7.722813571388646714e-03 1.770339562625477129e+03
7.939617845382279313e-03 1.795939965521386739e+03
8.162508514287231468e-03 1.821241036924158379e+03
8.391656442830155299e-03 1.846237518937656432e+03
8.627237292461452031e-03 1.870920653373951382e+03
8.869431656014713575e-03 1.895203744988991502e+03
9.118425196146570655e-03 1.919008357611248357e+03
9.374408787662998066e-03 1.942311578615374174e+03
9.637578663841087079e-03 1.965068221513723529e+03
9.908136566858672528e-03 1.987202607670845282e+03
1.018628990244687879e-02 2.008707156695102185e+03
1.047225189888434729e-02 2.029581704247846574e+03
1.076624177045493527e-02 2.049530420977763697e+03
1.106848488549412070e-02 2.068292399114390264e+03
1.137921293915315074e-02 2.086205425600637682e+03
1.169866413101306943e-02 2.103498165939835417e+03
1.202708334768511945e-02 2.119874520234293414e+03
1.236472235053715993e-02 2.135096691555626876e+03
1.271183996869028332e-02 2.149096279098599553e+03
1.306870229743346996e-02 2.162014109273455688e+03
1.343558290220825575e-02 2.174050795064566955e+03
1.381276302832009847e-02 2.184815215166675898e+03
1.420053181653682141e-02 2.193843615362240143e+03
1.459918652473978819e-02 2.201343849949671949e+03
1.500903275579736421e-02 2.207427510013908432e+03
1.543038469183564444e-02 2.211680931695316303e+03
1.586356533508591002e-02 2.214044023886467130e+03
1.630890675549331870e-02 2.214937105709878324e+03
1.676675034527700184e-02 2.214298552428817402e+03
1.723744708063620554e-02 2.211764359763737048e+03
1.772135779080359283e-02 2.207450129397440378e+03
1.821885343465167589e-02 2.201533523970446822e+03
1.873031538506437013e-02 2.193650662763516721e+03
1.925613572129198509e-02 2.183530182487367256e+03
1.979671752951332395e-02 2.171353106605847188e+03
2.035247521183577296e-02 2.157218665531288934e+03
2.092383480396978190e-02 2.141059193213101025e+03
2.151123430182166549e-02 2.122855350218589138e+03
2.211512399725490061e-02 2.102631325217244466e+03
2.273596682327716154e-02 2.080408913375164957e+03
2.337423870891815886e-02 2.056215712196761160e+03
2.403042894406967958e-02 2.030096454979671535e+03
2.470504055456825693e-02 2.002109283676441692e+03
2.539859068780726467e-02 1.972325886478222856e+03
2.611161100917459149e-02 1.940832023098387481e+03
2.684464810961964890e-02 1.907727596883954675e+03
2.759826392466179640e-02 1.873128685701788072e+03
2.837303616516213128e-02 1.837165446211323115e+03
2.916955876018797328e-02 1.799981960180568194e+03
2.998844231231028931e-02 1.761736709446328405e+03
3.083031456568277942e-02 1.722601126877237675e+03
3.169582088726115993e-02 1.682758083467187134e+03
3.258562476153226140e-02 1.642400942452517029e+03
3.350040829913133317e-02 1.601731784670754223e+03
3.444087275973822804e-02 1.560958704223431141e+03
3.540773908965272332e-02 1.520293980425498376e+03
3.640174847446139839e-02 1.479949975177754141e+03
3.742366290721982347e-02 1.440138771839703395e+03
3.847426577258503816e-02 1.401065474841824425e+03
3.955436244734702317e-02 1.362927034707784514e+03
4.066478091781854792e-02 1.325908221537278905e+03
4.180637241455758407e-02 1.290176182305876864e+03
4.298001206490798670e-02 1.255878342067817357e+03
4.418659956385941057e-02 1.223138396295686562e+03
4.542705986374045990e-02 1.192050740961511792e+03
4.670234388327333674e-02 1.162677802047394607e+03
4.801342923653453137e-02 1.135046521527771120e+03
4.936132098237919208e-02 1.109144451203817880e+03
5.074705239490467923e-02 1.084916635101547399e+03
5.217168575554350513e-02 1.062264265057838657e+03
5.363631316739241039e-02 1.041040705519322501e+03
5.514205739240302800e-02 1.021054126781882474e+03
5.669007271207433807e-02 1.002071836356028484e+03
5.828154581230844677e-02 9.837842893856071669e+02
5.991769669310622465e-02 9.661629485024926680e+02
6.159977960380166873e-02 9.483202260503786647e+02
6.332908400455118658e-02 9.301779205493546669e+02
6.510693555481457395e-02 9.113460347244134709e+02
6.693469712958663442e-02 8.914708547718545333e+02
6.881376986415664587e-02 8.702370422428082293e+02
7.074559422819878818e-02 8.473863178686244737e+02
7.273165113001461846e-02 8.227448046504454169e+02
7.477346305177587360e-02 7.962321401983651867e+02
7.687259521663733497e-02 7.678225034795125339e+02
7.903065678861345700e-02 7.377810935727935657e+02
8.124930210614052239e-02 7.064213115134297141e+02
8.353023195026774983e-02 6.741807889920008847e+02
8.587519484845174134e-02 6.415954248990428823e+02
8.828598841495152727e-02 6.092730184520800094e+02
9.076446072885357985e-02 5.778484954436967200e+02
9.331251175078249249e-02 5.479394759592512401e+02
9.593209477938241525e-02 5.201030394838676330e+02
9.862521794868782388e-02 4.947889037189048622e+02
1.013939457675292477e-01 4.723018147438149867e+02
1.042404007021556500e-01 4.527754392523941078e+02
1.071667648032863795e-01 4.361518806817774134e+02
1.101752813788386687e-01 4.221731022034101102e+02
1.132682567136154145e-01 4.103854526895903518e+02
1.164480618372685794e-01 4.001657292259267251e+02
1.197171343418966943e-01 3.907627289647487032e+02
1.230779802506665743e-01 3.813628158011136406e+02
1.265331759388942934e-01 3.711829809850117385e+02
1.300853701090571579e-01 3.595768130662960402e+02
1.337372858212496074e-01 3.461459764082423476e+02
1.374917225806419896e-01 3.308189132802888821e+02
1.413515584835395023e-01 3.138789420765089062e+02
1.453197524236895799e-01 2.959352541981068043e+02
1.493993463605258198e-01 2.778249508769675913e+02
1.535934676510897212e-01 2.604669171799472451e+02
1.579053314474175851e-01 2.446856760432685007e+02
1.623382431612278298e-01 2.310658940872626488e+02
1.668956009978024568e-01 2.198664659569449782e+02
1.715808985610006165e-01 2.109637168495879394e+02
1.763977275314044801e-01 2.038602953818778758e+02
1.813497804196496366e-01 1.977880915311158958e+02
1.864408533970486059e-01 1.918578587501791901e+02
1.916748492056815356e-01 1.852503864831764417e+02
1.970557801501798822e-01 1.774452649737631305e+02
2.025877711735017406e-01 1.683768272997617146e+02
2.082750630190516594e-01 1.584381009536397755e+02
2.141220154815729193e-01 1.483594917608190826e+02
2.201331107493031680e-01 1.389517597286843227e+02
2.263129568399529223e-01 1.308297553202744155e+02
2.326662911331459360e-01 1.242356427240999324e+02
2.391979840020238557e-01 1.189649250228009691e+02
2.459130425468044889e-01 1.144631708565229076e+02
2.528166144331501219e-01 1.100412694860719540e+02
2.599139918382933900e-01 1.051498041352882638e+02
2.672106155079435608e-01 9.961371620588440123e+01
2.747120789270811603e-01 9.368076709784516254e+01
2.824241326078435477e-01 8.787012862204819896e+01
2.903526884977813416e-01 8.267414461757344668e+01
2.985038245118734057e-01 7.831522317777142916e+01
3.068837891917643446e-01 7.464889724101061574e+01
3.154990064958086982e-01 7.128592758507475935e+01
3.243560807235809640e-01 6.783514259478957342e+01
3.334618015786366407e-01 6.414321978954554027e+01
3.428231493733970847e-01 6.035765854789737261e+01
3.524473003801584237e-01 5.677756517341552467e+01
3.623416323323152555e-01 5.361477993987717383e+01
3.725137300800212548e-01 5.084745415439167715e+01
3.829713914046279921e-01 4.827369183998948188e+01
3.937226329963477989e-01 4.569878922746915606e+01
4.047756965997323930e-01 4.309073435188036427e+01
4.161390553316708374e-01 4.057080793738253277e+01
4.278214201767614466e-01 3.826499289824280226e+01
4.398317466650228380e-01 3.617830897236559906e+01
4.521792417370701922e-01 3.421295832174570251e+01
4.648733708020256206e-01 3.228798027520593195e+01
4.779238649935594330e-01 3.041613814005086169e+01
4.913407286296365140e-01 2.865881504734111829e+01
5.051342468816764075e-01 2.703608548773766174e+01
5.193149936590210070e-01 2.550924712647264059e+01
5.338938397147356962e-01 2.404128855178085544e+01
5.488819609789672427e-01 2.263873970398507041e+01
5.642908471262538805e-01 2.132307505002821557e+01
5.801323103833373462e-01 2.009045837253636080e+01
5.964184945842465613e-01 1.892089817302198185e+01
6.131618844795774237e-01 1.780858779730628427e+01
6.303753153071274262e-01 1.676019718358205424e+01
6.480719826311974741e-01 1.577428487656219325e+01
6.662654524581153037e-01 1.484230439168672255e+01
6.849696716357442927e-01 1.396012152677700513e+01
7.041989785449285222e-01 1.312929057218090101e+01
7.239681140910878554e-01 1.234608405516094720e+01
7.442922330043759693e-01 1.160669673058919926e+01
7.651869154570819509e-01 1.090960725506887208e+01
7.866681790071589075e-01 1.025259963647111050e+01
8.087524908770455934e-01 9.633229475413664034e+00
8.314567805772061782e-01 9.049573476185150511e+00
8.547984528840417706e-01 8.499814899709393856e+00
8.787954011821322853e-01 7.981958422061437908e+00
9.034660211810530139e-01 7.494361654519355653e+00
9.288292250172494047e-01 7.035384153025541210e+00
9.549044557518088228e-01 6.603408264953243290e+00
9.817117022752195332e-01 6.196924781821871342e+00
1.009271514630570854e+00 5.814505225334118066e+00
1.037605019766912440e+00 5.454768246843589630e+00
1.066733937734857918e+00 5.116431649114320912e+00
1.096680598336868151e+00 4.798299864360505040e+00
1.127467958244945612e+00 4.499241624965192088e+00
1.159119618598886126e+00 4.218176727324629560e+00
1.191659843098559213e+00 3.954077777476404876e+00
1.225113576604118126e+00 3.705965744699608599e+00
1.259506464258359104e+00 3.472895797356998049e+00
1.294864871145904983e+00 3.253986368812939567e+00
1.331215902504307769e+00 3.048420452231191291e+00
1.368587424502517580e+00 2.855427193461265833e+00
1.407008085602686087e+00 2.674283957259777189e+00
1.446507338521646480e+00 2.504289523242155369e+00
1.487115462808953126e+00 2.344752199934670767e+00
1.528863588058731571e+00 2.195378301140166410e+00
1.571783717773163280e+00 2.055520359572055700e+00
1.615908753895917815e+00 1.924572155250372729e+00
1.661272522034291654e+00 1.801966087816423867e+00
1.707909797389428608e+00 1.687170716245764979e+00
1.755856331414468618e+00 1.579688455295303440e+00
1.805148879221108116e+00 1.479053418699665334e+00
1.855825227755520057e+00 1.384829399768084723e+00
1.907924224765265908e+00 1.296607980628622592e+00
1.961485808579430667e+00 1.214006761924162792e+00
2.016551038724745393e+00 1.136667705286725116e+00
2.073162127401231736e+00 1.064255581405484152e+00
2.131362471841438122e+00 9.964565169615832163e-01
2.191196687578147895e+00 9.329766341313671107e-01
2.252710642645982198e+00 8.735407767609126850e-01
2.315951492743154372e+00 8.178913176904005766e-01
2.380967717380357840e+00 7.657870420586329052e-01
2.447809157044444017e+00 7.170021017473298119e-01
2.516527051405392790e+00 6.713250364332054021e-01
2.587174078595922744e+00 6.285578570045285973e-01
2.659804395593756698e+00 5.885151873692037183e-01
2.734473679737583041e+00 5.510234609345017187e-01
2.811239171408464355e+00 5.159201682755498730e-01
2.890159717909508874e+00 4.830531527315690687e-01
2.971295818577336600e+00 4.522799508765917853e-01
3.054709671159970164e+00 4.234671750059023632e-01
3.140465219496751281e+00 3.964899349615647051e-01
3.228628202536729219e+00 3.712312967909134342e-01
3.319266204733191561e+00 3.475817758915434319e-01
3.412448707852890450e+00 3.254388624458137702e-01
3.508247144239789783e+00 3.047065770878411572e-01
3.606734951574031900e+00 2.852950548770048500e-01
3.707987629168172372e+00 2.671201557746785138e-01
3.812082795843888317e+00 2.501030999357839457e-01
3.919100249433401739e+00 2.341701262343238998e-01
4.029122027951350660e+00 2.192521725427581669e-01
4.142232472483896366e+00 2.052845763793811895e-01
4.258518291843413017e+00 1.922067946261448168e-01
4.378068629038172510e+00 1.799621411020317918e-01
4.500975129608047354e+00 1.684975408544805431e-01
4.627332011878690032e+00 1.577633001038283855e-01
4.757236139187885904e+00 1.477128908435863253e-01
4.890787094139594338e+00 1.383027491628883443e-01
5.028087254942479767e+00 1.294920864169339103e-01
5.169241873891597727e+00 1.212427124269356421e-01
5.314359158053243881e+00 1.135188699432237297e-01
5.463550352214879169e+00 1.062870796539820417e-01
5.616929824163807261e+00 9.951599506779859605e-02
5.774615152359817039e+00 9.317626664101391620e-02
5.936727216069127344e+00 8.724041456092102020e-02
6.103390288028621491e+00 8.168270963339105406e-02
6.274732129711575013e+00 7.647906175862670408e-02
6.450884089267698407e+00 7.160691551163732294e-02
6.631981202212673843e+00 6.704515237482484846e-02
6.818162294944477786e+00 6.277399919890364055e-02
7.009570091165615580e+00 5.877494249537453669e-02
7.206351321293055889e+00 5.503064818905017280e-02
7.408656834939563396e+00 5.152488648279558020e-02
7.616641716552886798e+00 4.824246150880733691e-02
7.830465404301192756e+00 4.516914546150170573e-02
8.050291812295983007e+00 4.229161692650828391e-02
8.276289456246344045e+00 3.959740313845332149e-02
8.508631582640587609e+00 3.707482591724703402e-02
8.747496301554422260e+00 3.471295104853338448e-02
8.993066723187620681e+00 3.250154088888978360e-02
9.245531098233566780e+00 3.043100999034206028e-02
9.505082962189515428e+00 2.849238355184738336e-02
9.771921283717999174e+00 2.667725851765125403e-02
1.004625061717340628e+01 2.497776715389797564e-02
1.032828125941029640e+01 2.338654294561574518e-02
1.061822941099384643e+01 2.189668866625561761e-02
1.091631734193614811e+01 2.050174648138031533e-02
1.122277356208507015e+01 1.919566995691618372e-02
1.153783299629661485e+01 1.797279785063689642e-02
1.186173716452478821e+01 1.682782957327695617e-02
1.219473436696737778e+01 1.575580221291031369e-02
1.253707987440921379e+01 1.475206902300518069e-02
1.288903612390893194e+01 1.381227928091076362e-02
1.325087291997952832e+01 1.293235942947158768e-02
1.362286764141645712e+01 1.210849542002706385e-02
1.400530545393221082e+01 1.133711618026123948e-02
1.439847952876007753e+01 1.061487813524348948e-02
1.480269126739508501e+01 9.938650714565929259e-03
1.521825053264387861e+01 9.305502782757669664e-03
1.564547588616096618e+01 8.712689934157994906e-03
1.608469483265355748e+01 8.157642597177534524e-03
1.653624407094179460e+01 7.637954896384892278e-03
1.700046975206718614e+01 7.151374224140988160e-03
1.747772774464680978e+01 6.695791476578907830e-03
1.796838390767719673e+01 6.269231911606767613e-03
1.847281437099635681e+01 5.869846589307155769e-03
1.899140582361934904e+01 5.495904357631304152e-03
1.952455581016860364e+01 5.145784348649557610e-03
2.007267303562567662e+01 4.817968952832915597e-03
2.063617767863859598e+01 4.511037240912321201e-03
2.121550171362450854e+01 4.223658804802504080e-03
2.181108924191518383e+01 3.954587990893611814e-03
2.242339683219847757e+01 3.702658500714579772e-03
2.305289387051708516e+01 3.466778335564606704e-03
2.370006292009328064e+01 3.245925063200031345e-03
2.436540009125468131e+01 3.039141386059863743e-03
2.504941542174504221e+01 2.845530991820274542e-03
2.575263326771200667e+01 2.664254668292086615e-03
2.647559270567065681e+01 2.494526665821148164e-03
2.721884794575180422e+01 2.335611291424253243e-03
2.798296875655116978e+01 2.186819719897749054e-03
2.876854090190592217e+01 2.047507008076459266e-03
2.957616658993256564e+01 1.917069299301104061e-03
3.040646493467068723e+01 1.794941205976856649e-03
3.126007243068703190e+01 1.680593358877643722e-03
3.213764344100275139e+01 1.573530112573534980e-03
3.303985069871860247e+01 1.473287397035315856e-03
3.396738582272208617e+01 1.379430706103923010e-03
3.492095984787270169e+01 1.291553214105689313e-03
3.590130377007073292e+01 1.209274012449789012e-03
3.690916910662779316e+01 1.132236458564337116e-03
3.794532847236938977e+01 1.060106630014544119e-03
3.901057617190990356e+01 9.925718771022372291e-04
4.010572880855499989e+01 9.293394676729286501e-04
4.123162591029752377e+01 8.701353182562940021e-04
4.238913057338778145e+01 8.147028060401370272e-04
4.357913012397032304e+01 7.628016565282912760e-04
4.480253679829492341e+01 7.142069020609697564e-04
4.606028844202401018e+01 6.687079066832217131e-04
4.735334922917113687e+01 6.261074531347538821e-04
4.868271040122284887e+01 5.862208880036319254e-04
5.004939102700954123e+01 5.488753213384982288e-04
5.145443878390924652e+01 5.139088772499918190e-04
5.289893076098154978e+01 4.811699922530710905e-04
5.438397428464800498e+01 4.505167583088763930e-04
5.591070776755292115e+01 4.218163077185183517e-04
5.748030158125349942e+01 3.949442372025920868e-04
5.909395895340973937e+01 3.697840686700637307e-04
6.075291689016074059e+01 3.462267443392106443e-04
6.245844712439613744e+01 3.241701540221967790e-04
6.421185709064765490e+01 3.035186925242782828e-04
6.601449092734890201e+01 2.841828452391685438e-04
6.786773050723294887e+01 2.660788001443082826e-04
6.977299649665530978e+01 2.491280845142189102e-04
7.173174944465618807e+01 2.332572247772570894e-04
7.374549090259552031e+01 2.183974280414076330e-04
7.581576457522108115e+01 2.044842839086731848e-04
7.794415750404954224e+01 1.914574852855641140e-04
8.013230128396889995e+01 1.792605669795303163e-04
8.238187331399603863e+01 1.678406609482695504e-04
8.469459808314594795e+01 1.571482671410313219e-04
8.707224849239922548e+01 1.471370389386182100e-04
8.951664721378301692e+01 1.377635822620650898e-04
9.202966808760409378e+01 1.289872674792255668e-04
9.461323755890775544e+01 1.207700532939660800e-04
9.726933615426175095e+01 1.130763218546086923e-04
9.999999999999995737e+01 1.058727243668930115e-04
