1.000000000000000048e-04 2.155487138409789907e+02
1.028073223830865281e-04 2.213928270459488772e+02
1.056934553557988362e-04 2.273952048198083560e+02
1.086606113854597351e-04 2.335601152411716157e+02
1.117110650504824041e-04 2.398919809972050814e+02
1.148471547840289439e-04 2.463953164519089967e+02
1.180712846666190141e-04 2.530747369689283914e+02
1.213859262690628250e-04 2.599349577898683492e+02
1.247936205471311189e-04 2.669808377720945600e+02
1.282969797894147957e-04 2.742174305564754491e+02
1.318986896198670199e-04 2.816498838726608938e+02
1.356015110565633925e-04 2.892834071520016437e+02
1.394082826282578376e-04 2.971234258704898821e+02
1.433219225503574155e-04 3.051755741539495830e+02
1.473454309619835539e-04 3.134455193966374509e+02
1.514818922258346051e-04 3.219390369307812421e+02
1.557344772926134557e-04 3.306621633762032957e+02
1.601064461318317826e-04 3.396211068925564973e+02
1.646011502308550778e-04 3.488221805642093614e+02
1.692220351641037391e-04 3.582718644106527108e+02
1.739726432343801689e-04 3.679768248991420023e+02
1.788566161883461665e-04 3.779438996075846262e+02
1.838776980082327715e-04 3.881801022585276542e+02
1.890397377819221208e-04 3.986926453103158110e+02
1.943466926536020897e-04 4.094889279028768669e+02
1.998026308572550618e-04 4.205764891551276037e+02
2.054117348353064979e-04 4.319630588559714965e+02
2.111783044448243749e-04 4.436565991498762287e+02
2.171067602537265953e-04 4.556653003945158389e+02
2.232016469295233991e-04 4.679975887113134263e+02
2.294676367231936914e-04 4.806620643468763774e+02
2.359095330508635614e-04 4.936675089303720938e+02
2.425322741760353111e-04 5.070229622615024709e+02
2.493409369951879494e-04 5.207377042676780547e+02
2.563407409296515377e-04 5.348211960445822797e+02
2.635370519267394326e-04 5.492831464245186908e+02
2.709353865732051759e-04 5.641335795184450035e+02
2.785414163241767813e-04 5.793827359310083693e+02
2.863609718508116210e-04 5.950410342372283594e+02
2.944000475100034728e-04 6.111191739468324613e+02
3.026648059395691654e-04 6.276281504395429920e+02
3.111615827824361444e-04 6.445792517210876440e+02
3.198968915434537695e-04 6.619840432641393591e+02
3.288774285825511105e-04 6.798543050202922586e+02
3.381100782480684795e-04 6.982020839360404807e+02
3.476019181541978613e-04 7.170397243091248356e+02
3.573602246065787046e-04 7.363798818864927398e+02
3.673924781802075296e-04 7.562355340213520094e+02
3.777063694539367416e-04 7.766199087602377631e+02
3.883098049059605528e-04 7.975464927089606135e+02
3.992109129748052884e-04 8.190291390079582925e+02
4.104180502904709654e-04 8.410820486074376277e+02
4.219398080805026588e-04 8.637197120780177784e+02
4.337850187558990231e-04 8.869569147235054061e+02
4.459627626819093779e-04 9.108087018392518530e+02
4.584823751389095932e-04 9.352904720975756163e+02
4.713534534786909978e-04 9.604180142776357343e+02
4.845858644816496185e-04 9.862074188081769535e+02
4.981897519205162042e-04 1.012675073033940748e+03
5.121755443364240474e-04 1.039837685136020809e+03
5.265539630332758715e-04 1.067712311000065938e+03
5.413360302965379654e-04 1.096316410792300076e+03
5.565330778427647921e-04 1.125667757780289776e+03
5.721567555063251324e-04 1.155784288415632545e+03
5.882190401699957617e-04 1.186684320142351453e+03
6.047322449462647380e-04 1.218386634144949312e+03
6.217090286163829381e-04 1.250910356390480729e+03
6.391624053344003523e-04 1.284274936933309164e+03
6.571057546036271476e-04 1.318500069582955348e+03
6.755528315331644270e-04 1.353605735003999825e+03
6.945177773823697038e-04 1.389612255090719145e+03
7.140151304013400355e-04 1.426540286037218038e+03
7.340598369757211656e-04 1.464410785142663372e+03
7.546672630843890076e-04 1.503245073766568339e+03
7.758532060787837713e-04 1.543064855590986326e+03
7.976339067929278130e-04 1.583892019869805836e+03
8.200260619934130737e-04 1.625748621690180471e+03
8.430468371788971344e-04 1.668657039258900340e+03
8.667138797389231696e-04 1.712639982887503947e+03
8.910453324821514341e-04 1.757720522162560428e+03
9.160598475443706154e-04 1.803921928182070133e+03
9.417766006869523988e-04 1.851267385714208103e+03
9.682153059967085751e-04 1.899780439518739513e+03
9.953962309984236857e-04 1.949485179186438700e+03
1.023340212191642049e-03 2.000405631842484127e+03
1.052068671023622922e-03 2.052565706489645891e+03
1.081603630310709867e-03 2.105989717409035165e+03
1.111967731120699519e-03 2.160702242856981229e+03
1.143184250129150028e-03 2.216727638251685676e+03
1.175277117462945366e-03 2.274090341323551456e+03
1.208270935044776636e-03 2.332815166718571163e+03
1.242190995452617476e-03 2.392926727017003032e+03
1.277063301308643990e-03 2.454449090649878599e+03
1.312914585212465604e-03 2.517407281579323353e+03
1.349772330233942573e-03 2.581826955028098837e+03
1.387664790981308705e-03 2.647728536866423838e+03
1.426621015260737648e-03 2.715132945578227918e+03
1.466670866343968349e-03 2.784084620981011085e+03
1.507845045861051347e-03 2.854621876381443599e+03
1.550175117335769997e-03 2.926733109593960307e+03
1.593693530381775150e-03 3.000419417802413136e+03
1.638433645577984637e-03 3.075725977562660319e+03
1.684429760042315850e-03 3.152686096910827928e+03
1.731717133723354026e-03 3.231314765814747716e+03
1.780332016430114135e-03 3.311632607695708884e+03
1.830311675620612021e-03 3.393662647745164122e+03
1.881694424970556086e-03 3.477416920904096060e+03
1.934519653744045872e-03 3.562908261280764691e+03
1.988827856988810081e-03 3.650167325249433816e+03
2.044660666579116784e-03 3.739219280186338437e+03
2.102060883130158625e-03 3.830071653670407613e+03
2.161072508808377368e-03 3.922734428455948091e+03
2.221740781062885202e-03 4.017222699601420572e+03
2.284112207303824749e-03 4.113551382409211328e+03
2.348234600554276272e-03 4.211733490719775546e+03
2.414157116103019234e-03 4.311773491971192925e+03
2.481930289186255051e-03 4.413673799543295900e+03
2.551606073727184613e-03 4.517442989601243426e+03
2.623237882163122550e-03 4.623087093649238341e+03
2.696880626390694112e-03 4.730605353716212448e+03
2.772590759860483686e-03 4.839996301907911402e+03
2.850426320853435488e-03 4.951258375082669772e+03
2.930446976972143555e-03 5.064386244628183704e+03
3.012714070881164757e-03 5.179371292044022084e+03
3.097290667331408388e-03 5.296203332110710107e+03
3.184241601504654226e-03 5.414869463187792462e+03
3.273633528715246682e-03 5.535352131124846892e+03
3.365534975507094694e-03 5.657631071386440453e+03
3.460016392185110562e-03 5.781684059332782454e+03
3.557150206821386215e-03 5.907484894031416843e+03
3.657010880777490907e-03 6.035002918185790804e+03
3.759674965785466966e-03 6.164203492050486602e+03
3.865221162631264206e-03 6.295048202889457571e+03
3.973730381485608698e-03 6.427495528323423969e+03
4.085285803928562741e-03 6.561499578234805995e+03
4.199972946715305709e-03 6.697007532563181485e+03
4.317879727332022029e-03 6.833962235163184232e+03
4.439096531392168997e-03 6.972303107212322175e+03
4.563716281924761094e-03 7.111964322718327821e+03
4.691834510607797992e-03 7.252874322041026971e+03
4.823549431001468782e-03 7.394955826853843973e+03
4.958962013837215146e-03 7.538125978108833806e+03
5.098176064420424994e-03 7.682296199797109693e+03
5.241298302206058926e-03 7.827372330432086528e+03
5.388438442608223244e-03 7.973254110644189495e+03
5.539709281106404079e-03 8.119834466579768559e+03
5.695226779712823234e-03 8.266998200313792040e+03
5.855110155867242032e-03 8.414624049285368528e+03
6.019481973827276768e-03 8.562584655880526043e+03
6.188468238624385796e-03 8.710743552289000945e+03
6.362198492657489789e-03 8.858955828119236685e+03
6.540805914998253610e-03 9.007068931393898310e+03
6.724427423484249239e-03 9.154923257784199450e+03
6.913203779678128193e-03 9.302351666180518805e+03
7.107279696773417810e-03 9.449177064116529436e+03
7.306803950529504668e-03 9.595209295992992338e+03
7.511929493320966197e-03 9.740261046799259930e+03
7.722813571388646714e-03 9.884146346550362068e+03
7.939617845382279313e-03 1.002661343179914729e+04
8.162508514287231468e-03 1.016739761135990011e+04
8.391656442830155299e-03 1.030647351884248201e+04
8.627237292461452031e-03 1.044379563138051162e+04
8.869431656014713575e-03 1.057887382865692598e+04
9.118425196146570655e-03 1.071126605067336823e+04
9.374408787662998066e-03 1.084084883636234008e+04
9.637578663841087079e-03 1.096737373060994651e+04
9.908136566858672528e-03 1.109041988705573385e+04
1.018628990244687879e-02 1.120994563663582994e+04
1.047225189888434729e-02 1.132594977977350572e+04
1.076624177045493527e-02 1.143677900635255719e+04
1.106848488549412070e-02 1.154097659095679228e+04
1.137921293915315074e-02 1.164043547636355652e+04
1.169866413101306943e-02 1.173643679127869109e+04
1.202708334768511945e-02 1.182732376193308301e+04
1.236472235053715993e-02 1.191176773789334220e+04
1.271183996869028332e-02 1.198939005371376152e+04
1.306870229743346996e-02 1.206097961500612837e+04
1.343558290220825575e-02 1.212765824133706883e+04
1.381276302832009847e-02 1.218724339038969083e+04
1.420053181653682141e-02 1.223714688682196720e+04
1.459918652473978819e-02 1.227852935984047326e+04
1.500903275579736421e-02 1.231201348346329542e+04
1.543038469183564444e-02 1.233528951589224198e+04
1.586356533508591002e-02 1.234802539580617486e+04
1.630890675549331870e-02 1.235257473655869944e+04
1.676675034527700184e-02 1.234859385703197404e+04
1.723744708063620554e-02 1.233404698765705871e+04
1.772135779080359283e-02 1.230958109055620480e+04
1.821885343465167589e-02 1.227619129426153813e+04
1.873031538506437013e-02 1.223184831319785189e+04
1.925613572129198509e-02 1.217503861530220274e+04
1.979671752951332395e-02 1.210677275259121416e+04
2.035247521183577296e-02 1.202760515613799362e+04
2.092383480396978190e-02 1.193715953021382666e+04
2.151123430182166549e-02 1.183532942629295030e+04
2.211512399725490061e-02 1.172225114121785191e+04
2.273596682327716154e-02 1.159804623427764818e+04
2.337423870891815886e-02 1.146286852411834661e+04
2.403042894406967958e-02 1.131696899985501841e+04
2.470504055456825693e-02 1.116067183388046396e+04
2.539859068780726467e-02 1.099437485914578428e+04
2.611161100917459149e-02 1.081855983913922864e+04
2.684464810961964890e-02 1.063378564066134277e+04
2.759826392466179640e-02 1.044069357578090057e+04
2.837303616516213128e-02 1.024001074445359518e+04
2.916955876018797328e-02 1.003254281504341270e+04
2.998844231231028931e-02 9.819171803288249066e+03
3.083031456568277942e-02 9.600854205046211064e+03
3.169582088726115993e-02 9.378608265787694108e+03
3.258562476153226140e-02 9.153510913158719632e+03
3.350040829913133317e-02 8.926688519510596961e+03
3.444087275973822804e-02 8.699298383764753453e+03
3.540773908965272332e-02 8.472525096698007474e+03
3.640174847446139839e-02 8.247554803462433483e+03
3.742366290721982347e-02 8.025563932017677871e+03
3.847426577258503816e-02 7.807694460776624510e+03
3.955436244734702317e-02 7.595046406037559791e+03
4.066478091781854792e-02 7.388646630336910675e+03
4.180637241455758407e-02 7.189428881169323176e+03
4.298001206490798670e-02 6.998211406383010399e+03
4.418659956385941057e-02 6.815683850928044194e+03
4.542705986374045990e-02 6.642370284621392784e+03
4.670234388327333674e-02 6.478618737609959680e+03
4.801342923653453137e-02 6.324580491051085119e+03
4.936132098237919208e-02 6.180180392133645910e+03
5.074705239490467923e-02 6.045118456649745895e+03
5.217168575554350513e-02 5.918836232432578981e+03
5.363631316739241039e-02 5.800523274474252503e+03
5.514205739240302800e-02 5.689104808722575399e+03
5.669007271207433807e-02 5.583288082266652964e+03
5.828154581230844677e-02 5.481345424431582614e+03
5.991769669310622465e-02 5.383118979517239495e+03
6.159977960380166873e-02 5.283661320351494396e+03
6.332908400455118658e-02 5.182539588617318259e+03
6.510693555481457395e-02 5.077577529188371045e+03
6.693469712958663442e-02 4.966807211815476876e+03
6.881376986415664587e-02 4.848467735319136409e+03
7.074559422819878818e-02 4.721125456077107629e+03
7.273165113001461846e-02 4.583809138985840946e+03
7.477346305177587360e-02 4.436069647277912736e+03
7.687259521663733497e-02 4.277765399283911393e+03
7.903065678861345700e-02 4.110372609663896583e+03
8.124930210614052239e-02 3.935637264121114640e+03
8.353023195026774983e-02 3.755997607287940355e+03
8.587519484845174134e-02 3.574440575871454257e+03
8.828598841495152727e-02 3.394349945494355325e+03
9.076446072885357985e-02 3.219265157891727995e+03
9.331251175078249249e-02 3.052624922020633221e+03
9.593209477938241525e-02 2.897533537389763296e+03
9.862521794868782388e-02 2.756495726497542819e+03
1.013939457675292477e-01 2.631208786416990733e+03
1.042404007021556500e-01 2.522417568366292016e+03
1.071667648032863795e-01 2.429798979436046011e+03
1.101752813788386687e-01 2.351915887772296173e+03
1.132682567136154145e-01 2.286240131078686773e+03
1.164480618372685794e-01 2.229300319417175160e+03
1.197171343418966943e-01 2.176910218344117766e+03
1.230779802506665743e-01 2.124537991602759121e+03
1.265331759388942934e-01 2.067822025801886412e+03
1.300853701090571579e-01 2.003160108598069883e+03
1.337372858212496074e-01 1.928334160572856035e+03
1.374917225806419896e-01 1.842945057854452898e+03
1.413515584835395023e-01 1.748570786388236684e+03
1.453197524236895799e-01 1.648605740552856332e+03
1.493993463605258198e-01 1.547713413090383938e+03
1.535934676510897212e-01 1.451012380066718379e+03
1.579053314474175851e-01 1.363095316029497553e+03
1.623382431612278298e-01 1.287220115844379279e+03
1.668956009978024568e-01 1.224828837076500804e+03
1.715808985610006165e-01 1.175231435710347569e+03
1.763977275314044801e-01 1.135658428649457619e+03
1.813497804196496366e-01 1.101829913000410897e+03
1.864408533970486059e-01 1.068792737166134430e+03
1.916748492056815356e-01 1.031982948370460235e+03
1.970557801501798822e-01 9.885014580986460260e+02
2.025877711735017406e-01 9.379823956319621630e+02
2.082750630190516594e-01 8.826156033133041774e+02
2.141220154815729193e-01 8.264694681399697629e+02
2.201331107493031680e-01 7.740606690876204539e+02
2.263129568399529223e-01 7.288148744095327629e+02
2.326662911331459360e-01 6.920803098667265658e+02
2.391979840020238557e-01 6.627180426059925367e+02
2.459130425468044889e-01 6.376398137990377109e+02
2.528166144331501219e-01 6.130062047469374420e+02
2.599139918382933900e-01 5.857569079128103340e+02
2.672106155079435608e-01 5.549166839758756851e+02
2.747120789270811603e-01 5.218658039349049886e+02
2.824241326078435477e-01 4.894962408300067978e+02
2.903526884977813416e-01 4.605509441940086504e+02
2.985038245118734057e-01 4.362685447221548998e+02
3.068837891917643446e-01 4.158443286526253360e+02
3.154990064958086982e-01 3.971101555907701481e+02
3.243560807235809640e-01 3.778868294102215941e+02
3.334618015786366407e-01 3.573202050745780411e+02
3.428231493733970847e-01 3.362319776508508653e+02
3.524473003801584237e-01 3.162883710116989846e+02
3.623416323323152555e-01 2.986694941454671266e+02
3.725137300800212548e-01 2.832535081090588847e+02
3.829713914046279921e-01 2.689158979021906930e+02
3.937226329963477989e-01 2.545719121817913333e+02
4.047756965997323930e-01 2.400433014383613681e+02
4.161390553316708374e-01 2.260056310594619617e+02
4.278214201767614466e-01 2.131606825886147760e+02
4.398317466650228380e-01 2.015364355896065263e+02
4.521792417370701922e-01 1.905881308590215326e+02
4.648733708020256206e-01 1.798647361565998040e+02
4.779238649935594330e-01 1.694373475570565688e+02
4.913407286296365140e-01 1.596479041927831872e+02
5.051342468816764075e-01 1.506082270886368804e+02
5.193149936590210070e-01 1.421027111266558052e+02
5.338938397147356962e-01 1.339252329295840411e+02
5.488819609789672427e-01 1.261121082263428832e+02
5.642908471262538805e-01 1.187830339540165596e+02
5.801323103833373462e-01 1.119165509140887451e+02
5.964184945842465613e-01 1.054013561095404583e+02
6.131618844795774237e-01 9.920505272027628507e+01
6.303753153071274262e-01 9.336482405759547021e+01
6.480719826311974741e-01 8.787267687097093471e+01
6.662654524581153037e-01 8.268093577861907306e+01
6.849696716357442927e-01 7.776662262501690748e+01
7.041989785449285222e-01 7.313835929898887400e+01
7.239681140910878554e-01 6.877541683974762066e+01
7.442922330043759693e-01 6.465656472123859544e+01
7.651869154570819509e-01 6.077332576387850338e+01
7.866681790071589075e-01 5.711338265516315715e+01
8.087524908770455934e-01 5.366309021172930471e+01
8.314567805772061782e-01 5.041175200400304135e+01
8.547984528840417706e-01 4.734926005141141303e+01
8.787954011821322853e-01 4.446446471929910871e+01
9.034660211810530139e-01 4.174823832934557544e+01
9.288292250172494047e-01 3.919144956399747315e+01
9.549044557518088228e-01 3.678507556522529853e+01
9.817117022752195332e-01 3.452070669151278537e+01
1.009271514630570854e+00 3.239039113567539374e+01
1.037605019766912440e+00 3.038643267620035004e+01
1.066733937734857918e+00 2.850168431581797535e+01
1.096680598336868151e+00 2.672949006212944667e+01
1.127467958244945612e+00 2.506355049845972260e+01
1.159119618598886126e+00 2.349784389193251855e+01
1.191659843098559213e+00 2.202664458404296255e+01
1.225113576604118126e+00 2.064450475540818530e+01
1.259506464258359104e+00 1.934616409594975295e+01
1.294864871145904983e+00 1.812669940429936588e+01
1.331215902504307769e+00 1.698156839171109311e+01
1.368587424502517580e+00 1.590647903719514034e+01
1.407008085602686087e+00 1.489739871151823181e+01
1.446507338521646480e+00 1.395042369062710996e+01
1.487115462808953126e+00 1.306169906449530238e+01
1.528863588058731571e+00 1.222959146151697851e+01
1.571783717773163280e+00 1.145049404193940745e+01
1.615908753895917815e+00 1.072102974306766399e+01
1.661272522034291654e+00 1.003803664110493088e+01
1.707909797389428608e+00 9.398554245530297280e+00
1.755856331414468618e+00 8.799810666605853982e+00
1.805148879221108116e+00 8.239210600389625938e+00
1.855825227755520057e+00 7.714324079174346593e+00
1.907924224765265908e+00 7.222875938589907285e+00
1.961485808579430667e+00 6.762735955713789160e+00
2.016551038724745393e+00 6.331909615442278039e+00
2.073162127401231736e+00 5.928529465098517193e+00
2.131362471841438122e+00 5.550847019803249793e+00
2.191196687578147895e+00 5.197225183521391401e+00
2.252710642645982198e+00 4.866131152932831938e+00
2.315951492743154372e+00 4.556129773368699176e+00
2.380967717380357840e+00 4.265877318013841624e+00
2.447809157044444017e+00 3.994115663410963357e+00
2.516527051405392790e+00 3.739666836019648333e+00
2.587174078595922744e+00 3.501427906191870942e+00
2.659804395593756698e+00 3.278366207431525403e+00
2.734473679737583041e+00 3.069514860215435181e+00
2.811239171408464355e+00 2.873968580973477849e+00
2.890159717909508874e+00 2.690879758061504923e+00
2.971295818577336600e+00 2.519454777718033611e+00
3.054709671159970164e+00 2.358950584079252177e+00
3.140465219496751281e+00 2.208671458341459282e+00
3.228628202536729219e+00 2.067966003109922291e+00
3.319266204733191561e+00 1.936224318862586280e+00
3.412448707852890450e+00 1.812875360289765148e+00
3.508247144239789783e+00 1.697384461050656768e+00
3.606734951574031900e+00 1.589251016217529067e+00
3.707987629168172372e+00 1.488006312361941363e+00
3.812082795843888317e+00 1.393211495877325623e+00
3.919100249433401739e+00 1.304455670731454964e+00
4.029122027951350660e+00 1.221354117403348427e+00
4.142232472483896366e+00 1.143546625284444840e+00
4.258518291843413017e+00 1.070695931315699845e+00
4.378068629038172510e+00 1.002486258092748717e+00
4.500975129608047354e+00 9.386219451024309102e-01
4.627332011878690032e+00 8.788261671576560463e-01
4.757236139187885904e+00 8.228397344755583598e-01
4.890787094139594338e+00 7.704199691977832165e-01
5.028087254942479767e+00 7.213396534830853746e-01
5.169241873891597727e+00 6.753860446126594974e-01
5.314359158053243881e+00 6.323599528390952962e-01
5.463550352214879169e+00 5.920748779818177931e-01
5.616929824163807261e+00 5.543562010265107309e-01
5.774615152359817039e+00 5.190404272244473205e-01
5.936727216069127344e+00 4.859744774108753496e-01
6.103390288028621491e+00 4.550150244706209768e-01
6.274732129711575013e+00 4.260278720747621151e-01
6.450884089267698407e+00 3.988873729954576230e-01
6.631981202212673843e+00 3.734758844775665776e-01
6.818162294944477786e+00 3.496832583063215760e-01
7.009570091165615580e+00 3.274063633607123824e-01
7.206351321293055889e+00 3.065486385830469840e-01
7.408656834939563396e+00 2.870196744269994937e-01
7.616641716552886798e+00 2.687348209698969259e-01
7.830465404301192756e+00 2.516148209905748612e-01
8.050291812295983007e+00 2.355854664223469008e-01
8.276289456246344045e+00 2.205772766919548711e-01
8.508631582640587609e+00 2.065251975502340187e-01
8.747496301554422260e+00 1.933683190890480852e-01
8.993066723187620681e+00 1.810496117222165080e-01
9.245531098233566780e+00 1.695156789860199908e-01
9.505082962189515428e+00 1.587165260877786976e-01
9.771921283717999174e+00 1.486053431992567231e-01
1.004625061717340628e+01 1.391383025555605890e-01
1.032828125941029640e+01 1.302743684800395929e-01
1.061822941099384643e+01 1.219751195117255854e-01
1.091631734193614811e+01 1.142045818643082494e-01
1.122277356208507015e+01 1.069290734947603572e-01
1.153783299629661485e+01 1.001170581057152509e-01
1.186173716452478821e+01 9.373900844875759919e-02
1.219473436696737778e+01 8.776727833610439844e-02
1.253707987440921379e+01 8.217598280590002191e-02
1.288903612390893194e+01 7.694088592169175123e-02
1.325087291997952832e+01 7.203929571974344859e-02
1.362286764141645712e+01 6.744996584882755053e-02
1.400530545393221082e+01 6.315300347614510867e-02
1.439847952876007753e+01 5.912978306018405739e-02
1.480269126739508501e+01 5.536286561675731605e-02
1.521825053264387861e+01 5.183592312827248888e-02
1.564547588616096618e+01 4.853366776857881426e-02
1.608469483265355748e+01 4.544178563661063069e-02
1.653624407094179460e+01 4.254687471159032675e-02
1.700046975206718614e+01 3.983638676085231312e-02
1.747772774464680978e+01 3.729857294848278049e-02
1.796838390767719673e+01 3.492243290901132780e-02
1.847281437099635681e+01 3.269766706540998269e-02
1.899140582361934904e+01 3.061463198471828934e-02
1.952455581016860364e+01 2.866429857777940890e-02
2.007267303562567662e+01 2.683821296190071898e-02
2.063617767863859598e+01 2.512845981679471402e-02
2.121550171362450854e+01 2.352762807496357189e-02
2.181108924191518383e+01 2.202877879780945278e-02
2.242339683219847757e+01 2.062541509822683056e-02
2.305289387051708516e+01 1.931145397930392887e-02
2.370006292009328064e+01 1.808119996706561081e-02
2.436540009125468131e+01 1.692932042296679818e-02
2.504941542174504221e+01 1.585082242912627323e-02
2.575263326771200667e+01 1.484103114610799655e-02
2.647559270567065681e+01 1.389556954943999868e-02
2.721884794575180422e+01 1.301033945703701858e-02
2.798296875655116978e+01 1.218150376528869677e-02
2.876854090190592217e+01 1.140546981681420796e-02
2.957616658993256564e+01 1.067887382778943441e-02
3.040646493467068723e+01 9.998566307345640655e-03
3.126007243068703190e+01 9.361598405838816167e-03
3.213764344100275139e+01 8.765209132815152474e-03
3.303985069871860247e+01 8.206813389267804057e-03
3.396738582272208617e+01 7.683990762309822822e-03
3.492095984787270169e+01 7.194475033692760042e-03
3.590130377007073292e+01 6.736144356694820715e-03
3.690916910662779316e+01 6.307012058799403575e-03
3.794532847236938977e+01 5.905218030297512168e-03
3.901057617190990356e+01 5.529020661487200894e-03
4.010572880855499989e+01 5.176789293521172862e-03
4.123162591029752377e+01 4.846997150180118799e-03
4.238913057338778145e+01 4.538214719933936735e-03
4.357913012397032304e+01 4.249103559604880398e-03
4.480253679829492341e+01 3.978410492774061072e-03
4.606028844202401018e+01 3.724962177783812042e-03
4.735334922917113687e+01 3.487660021790496990e-03
4.868271040122284887e+01 3.265475418822264084e-03
5.004939102700954123e+01 3.057445291200745156e-03
5.145443878390924652e+01 2.862667915000589782e-03
5.289893076098154978e+01 2.680299011451965380e-03
5.438397428464800498e+01 2.509548087343866415e-03
5.591070776755292115e+01 2.349675008565410388e-03
5.748030158125349942e+01 2.199986791932853625e-03
5.909395895340973937e+01 2.059834601396227059e-03
6.075291689016074059e+01 1.928610935605404872e-03
6.245844712439613744e+01 1.805746994644872108e-03
6.421185709064765490e+01 1.690710214523088095e-03
6.601449092734890201e+01 1.583001958729481334e-03
6.786773050723294887e+01 1.482155356852937582e-03
6.977299649665530978e+01 1.387733280893094744e-03
7.173174944465618807e+01 1.299326450492595221e-03
7.374549090259552031e+01 1.216551658877266942e-03
7.581576457522108115e+01 1.139050111814424648e-03
7.794415750404954224e+01 1.066485872389366521e-03
8.013230128396889995e+01 9.985444048588210282e-04
8.238187331399603863e+01 9.349312112695537828e-04
8.469459808314594795e+01 8.753705549324456879e-04
8.707224849239922548e+01 8.196042652188349938e-04
8.951664721378301692e+01 7.673906184984106461e-04
9.202966808760409378e+01 7.185032903679918056e-04
9.461323755890775544e+01 6.727303746295406782e-04
9.726933615426175095e+01 6.298734647650868542e-04
9.999999999999995737e+01 5.897467939271393506e-04
