1.000000000000000048e-04 1.918573602923024879e+01
1.028073223830865281e-04 1.970596018559188067e+01
1.056934553557988362e-04 2.024027925977716436e+01
1.086606113854597351e-04 2.078907431775009229e+01
1.117110650504824041e-04 2.135273543327269508e+01
1.148471547840289439e-04 2.193166315341063211e+01
1.180712846666190141e-04 2.252626933306890677e+01
1.213859262690628250e-04 2.313697943134027213e+01
1.247936205471311189e-04 2.376422935960259508e+01
1.282969797894147957e-04 2.440846214633738498e+01
1.318986896198670199e-04 2.507013524850252750e+01
1.356015110565633925e-04 2.574972319178316127e+01
1.394082826282578376e-04 2.644770764102146643e+01
1.433219225503574155e-04 2.716457850785360861e+01
1.473454309619835539e-04 2.790084661905810393e+01
1.514818922258346051e-04 2.865703933922237923e+01
1.557344772926134557e-04 2.943369098673205286e+01
1.601064461318317826e-04 3.023134920549551907e+01
1.646011502308550778e-04 3.105057969467575063e+01
1.692220351641037391e-04 3.189196334850847236e+01
1.739726432343801689e-04 3.275609568787356096e+01
1.788566161883461665e-04 3.364358560440287960e+01
1.838776980082327715e-04 3.455505655809368903e+01
1.890397377819221208e-04 3.549115452589088449e+01
1.943466926536020897e-04 3.645254402992964060e+01
1.998026308572550618e-04 3.743989756579252770e+01
2.054117348353064979e-04 3.845390570867099456e+01
2.111783044448243749e-04 3.949528652821366137e+01
2.171067602537265953e-04 4.056477409451503746e+01
2.232016469295233991e-04 4.166311464289162814e+01
2.294676367231936914e-04 4.279107605064432818e+01
2.359095330508635614e-04 4.394944853815151475e+01
2.425322741760353111e-04 4.513903979532715027e+01
2.493409369951879494e-04 4.636067762144119087e+01
2.563407409296515377e-04 4.761521599150099604e+01
2.635370519267394326e-04 4.890353045793483489e+01
2.709353865732051759e-04 5.022651337256265691e+01
2.785414163241767813e-04 5.158508067007554843e+01
2.863609718508116210e-04 5.298017425972538774e+01
2.944000475100034728e-04 5.441275535562721188e+01
3.026648059395691654e-04 5.588380554253804178e+01
3.111615827824361444e-04 5.739433854390476597e+01
3.198968915434537695e-04 5.894539597310991752e+01
3.288774285825511105e-04 6.053803510104322072e+01
3.381100782480684795e-04 6.217333883624272772e+01
3.476019181541978613e-04 6.385242468030381957e+01
3.573602246065787046e-04 6.557643516989794819e+01
3.673924781802075296e-04 6.734653420257386358e+01
3.777063694539367416e-04 6.916391266806427041e+01
3.883098049059605528e-04 7.102978994831666171e+01
3.992109129748052884e-04 7.294541826321965061e+01
4.104180502904709654e-04 7.491208045484420097e+01
4.219398080805026588e-04 7.693108183388520160e+01
4.337850187558990231e-04 7.900375533045797738e+01
4.459627626819093779e-04 8.113146361868389533e+01
4.584823751389095932e-04 8.331560124177917714e+01
4.713534534786909978e-04 8.555759571360341909e+01
4.845858644816496185e-04 8.785890545544903318e+01
4.981897519205162042e-04 9.022101938698585855e+01
5.121755443364240474e-04 9.264545190551885412e+01
5.265539630332758715e-04 9.513374534141348704e+01
5.413360302965379654e-04 9.768747086021366499e+01
5.565330778427647921e-04 1.003082367952626726e+02
5.721567555063251324e-04 1.029977004193225838e+02
5.882190401699957617e-04 1.057575380684425994e+02
6.047322449462647380e-04 1.085894290108595044e+02
6.217090286163829381e-04 1.114950969325847581e+02
6.391624053344003523e-04 1.144763125390114027e+02
6.571057546036271476e-04 1.175348658794180068e+02
6.755528315331644270e-04 1.206725727681891982e+02
6.945177773823697038e-04 1.238912891478057361e+02
7.140151304013400355e-04 1.271928969262610991e+02
7.340598369757211656e-04 1.305792806521764078e+02
7.546672630843890076e-04 1.340523665402864140e+02
7.758532060787837713e-04 1.376141387022103970e+02
7.976339067929278130e-04 1.412665753881899491e+02
8.200260619934130737e-04 1.450116458644866668e+02
8.430468371788971344e-04 1.488513798106986883e+02
8.667138797389231696e-04 1.527878503504678065e+02
8.910453324821514341e-04 1.568231227886236070e+02
9.160598475443706154e-04 1.609592758830336550e+02
9.417766006869523988e-04 1.651984133465202831e+02
9.682153059967085751e-04 1.695426598362754191e+02
9.953962309984236857e-04 1.739941568729756227e+02
1.023340212191642049e-03 1.785550472944781859e+02
1.052068671023622922e-03 1.832274734453777683e+02
1.081603630310709867e-03 1.880136023108014172e+02
1.111967731120699519e-03 1.929156189321027739e+02
1.143184250129150028e-03 1.979357052384484348e+02
1.175277117462945366e-03 2.030760433853722304e+02
1.208270935044776636e-03 2.083388089963396794e+02
1.242190995452617476e-03 2.137261674104667577e+02
1.277063301308643990e-03 2.192402668663389704e+02
1.312914585212465604e-03 2.248833299426338499e+02
1.349772330233942573e-03 2.306576278113645344e+02
1.387664790981308705e-03 2.365650509475963190e+02
1.426621015260737648e-03 2.426074915634756053e+02
1.466670866343968349e-03 2.487883629033331943e+02
1.507845045861051347e-03 2.551107126248085137e+02
1.550175117335769997e-03 2.615744657324125342e+02
1.593693530381775150e-03 2.681803149434171019e+02
1.638433645577984637e-03 2.749316639355404277e+02
1.684429760042315850e-03 2.818311823624958379e+02
1.731717133723354026e-03 2.888804091813794912e+02
1.780332016430114135e-03 2.960812373272499372e+02
1.830311675620612021e-03 3.034357087289266133e+02
1.881694424970556086e-03 3.109451795174386461e+02
1.934519653744045872e-03 3.186110230988270473e+02
1.988827856988810081e-03 3.264356297223551451e+02
2.044660666579116784e-03 3.344210666241748982e+02
2.102060883130158625e-03 3.425683833316330720e+02
2.161072508808377368e-03 3.508787201454128422e+02
2.221740781062885202e-03 3.593534522095020520e+02
2.284112207303824749e-03 3.679939112101671981e+02
2.348234600554276272e-03 3.768012875921584737e+02
2.414157116103019234e-03 3.857762522536609140e+02
2.481930289186255051e-03 3.949192941639648780e+02
2.551606073727184613e-03 4.042311169612540880e+02
2.623237882163122550e-03 4.137122169011727806e+02
2.696880626390694112e-03 4.233626636018672116e+02
2.772590759860483686e-03 4.331824185254271242e+02
2.850426320853435488e-03 4.431713563002650744e+02
2.930446976972143555e-03 4.533289884882817660e+02
3.012714070881164757e-03 4.636545071882184175e+02
3.097290667331408388e-03 4.741469129642036364e+02
3.184241601504654226e-03 4.848049777419256543e+02
3.273633528715246682e-03 4.956271878963713107e+02
3.365534975507094694e-03 5.066117544487261171e+02
3.460016392185110562e-03 5.177565936365638208e+02
3.557150206821386215e-03 5.290592997994489224e+02
3.657010880777490907e-03 5.405171299327299721e+02
3.759674965785466966e-03 5.521270355339649996e+02
3.865221162631264206e-03 5.638856530295091716e+02
3.973730381485608698e-03 5.757892690454013973e+02
4.085285803928562741e-03 5.878337898807778856e+02
4.199972946715305709e-03 6.000146416467499648e+02
4.317879727332022029e-03 6.123268541644640663e+02
4.439096531392168997e-03 6.247650669778308838e+02
4.563716281924761094e-03 6.373234294104213404e+02
4.691834510607797992e-03 6.499955666810470802e+02
4.823549431001468782e-03 6.627746217744188471e+02
4.958962013837215146e-03 6.756532403962779654e+02
5.098176064420424994e-03 6.886234328416422841e+02
5.241298302206058926e-03 7.016766763399890579e+02
5.388438442608223244e-03 7.148039746807538677e+02
5.539709281106404079e-03 7.279957152133130194e+02
5.695226779712823234e-03 7.412415145173933979e+02
5.855110155867242032e-03 7.545304228874689443e+02
6.019481973827276768e-03 7.678509292394415979e+02
6.188468238624385796e-03 7.811907727679978279e+02
6.362198492657489789e-03 7.945369865522521877e+02
6.540805914998253610e-03 8.078759350289467420e+02
6.724427423484249239e-03 8.211933280986427235e+02
6.913203779678128193e-03 8.344740977045541968e+02
7.107279696773417810e-03 8.477022972429588208e+02
7.306803950529504668e-03 8.608608857812324686e+02
7.511929493320966197e-03 8.739329723276910045e+02
7.722813571388646714e-03 8.869016685806348050e+02
7.939617845382279313e-03 8.997444508422727267e+02
8.162508514287231468e-03 9.124376751581476128e+02
8.391656442830155299e-03 9.249781196785912698e+02
8.627237292461452031e-03 9.373609448659248073e+02
8.869431656014713575e-03 9.495437544688271601e+02
9.118425196146570655e-03 9.614879045622557214e+02
9.374408787662998066e-03 9.731810472707949202e+02
9.637578663841087079e-03 9.846001521034547750e+02
9.908136566858672528e-03 9.957076954702039302e+02
1.018628990244687879e-02 1.006499801367620989e+03
1.047225189888434729e-02 1.016976042776278632e+03
1.076624177045493527e-02 1.026988597624670319e+03
1.106848488549412070e-02 1.036407136014707930e+03
1.137921293915315074e-02 1.045400128986217169e+03
1.169866413101306943e-02 1.054081589975122142e+03
1.202708334768511945e-02 1.062303606562504456e+03
1.236472235053715993e-02 1.069947294298788620e+03
1.271183996869028332e-02 1.076978257831601695e+03
1.306870229743346996e-02 1.083466815518864450e+03
1.343558290220825575e-02 1.089513222472975940e+03
1.381276302832009847e-02 1.094921557590443626e+03
1.420053181653682141e-02 1.099459588631128781e+03
1.459918652473978819e-02 1.103231442111325350e+03
1.500903275579736421e-02 1.106293117522160173e+03
1.543038469183564444e-02 1.108437698428199610e+03
1.586356533508591002e-02 1.109635024424060248e+03
1.630890675549331870e-02 1.110095163733227992e+03
1.676675034527700184e-02 1.109787249560348300e+03
1.723744708063620554e-02 1.108529217754479305e+03
1.772135779080359283e-02 1.106378636634914528e+03
1.821885343465167589e-02 1.103424136064410504e+03
1.873031538506437013e-02 1.099483924243239017e+03
1.925613572129198509e-02 1.094422347818399658e+03
1.979671752951332395e-02 1.088329541143135430e+03
2.035247521183577296e-02 1.081254971724134748e+03
2.092383480396978190e-02 1.073164987352651224e+03
2.151123430182166549e-02 1.064049986567571523e+03
2.211512399725490061e-02 1.053922024963242620e+03
2.273596682327716154e-02 1.042791869667432366e+03
2.337423870891815886e-02 1.030673269762726704e+03
2.403042894406967958e-02 1.017588913054710588e+03
2.470504055456825693e-02 1.003567944634809123e+03
2.539859068780726467e-02 9.886459283744172808e+02
2.611161100917459149e-02 9.728661103449710481e+02
2.684464810961964890e-02 9.562787628324635989e+02
2.759826392466179640e-02 9.389416077232471025e+02
2.837303616516213128e-02 9.209200563649837932e+02
2.916955876018797328e-02 9.022865526566351946e+02
2.998844231231028931e-02 8.831203593251547090e+02
3.083031456568277942e-02 8.635073901497435145e+02
3.169582088726115993e-02 8.435394987200904779e+02
3.258562476153226140e-02 8.233135572122229178e+02
3.350040829913133317e-02 8.029306868356371751e+02
3.444087275973822804e-02 7.824955089163840967e+02
3.540773908965272332e-02 7.621140880634688983e+02
3.640174847446139839e-02 7.418933325243808667e+02
3.742366290721982347e-02 7.219392661958360122e+02
3.847426577258503816e-02 7.023548519845661531e+02
3.955436244734702317e-02 6.832387257145016974e+02
4.066478091781854792e-02 6.646835981079489102e+02
4.180637241455758407e-02 6.467734403461124657e+02
4.298001206490798670e-02 6.295820136164760470e+02
4.418659956385941057e-02 6.131713220938470386e+02
4.542705986374045990e-02 5.975887379240137989e+02
4.670234388327333674e-02 5.828656001225995169e+02
4.801342923653453137e-02 5.690153846087220018e+02
4.936132098237919208e-02 5.560318264612441226e+02
5.074705239490467923e-02 5.438876794871721359e+02
5.217168575554350513e-02 5.325329018901639984e+02
5.363631316739241039e-02 5.218945173156116653e+02
5.514205739240302800e-02 5.118760869421236634e+02
5.669007271207433807e-02 5.023609959367091164e+02
5.828154581230844677e-02 4.931940701184850013e+02
5.991769669310622465e-02 4.843610900701783066e+02
6.159977960380166873e-02 4.754171058219927772e+02
6.332908400455118658e-02 4.663227660449232417e+02
6.510693555481457395e-02 4.568827121532672777e+02
6.693469712958663442e-02 4.469195072913006470e+02
6.881376986415664587e-02 4.362750709976432972e+02
7.074559422819878818e-02 4.248200873183786825e+02
7.273165113001461846e-02 4.124672085826601915e+02
7.477346305177587360e-02 3.991762182101933831e+02
7.687259521663733497e-02 3.849340871482042985e+02
7.903065678861345700e-02 3.698738401560532907e+02
8.124930210614052239e-02 3.541526966525737521e+02
8.353023195026774983e-02 3.379897593982754529e+02
8.587519484845174134e-02 3.216540676066996411e+02
8.828598841495152727e-02 3.054499856473246950e+02
9.076446072885357985e-02 2.896961763532804639e+02
9.331251175078249249e-02 2.747019722860825937e+02
9.593209477938241525e-02 2.607467846876923545e+02
9.862521794868782388e-02 2.480560912472470250e+02
1.013939457675292477e-01 2.367826599090227262e+02
1.042404007021556500e-01 2.269935679138810940e+02
1.071667648032863795e-01 2.186596668555918654e+02
1.101752813788386687e-01 2.116517260586195732e+02
1.132682567136154145e-01 2.057422810867253986e+02
1.164480618372685794e-01 2.006189157415659849e+02
1.197171343418966943e-01 1.959049156577932536e+02
1.230779802506665743e-01 1.911924366826353605e+02
1.265331759388942934e-01 1.860889781943513412e+02
1.300853701090571579e-01 1.802704450427237077e+02
1.337372858212496074e-01 1.735371008872723451e+02
1.374917225806419896e-01 1.658531286802365798e+02
1.413515584835395023e-01 1.573604850575006253e+02
1.453197524236895799e-01 1.483646503697664798e+02
1.493993463605258198e-01 1.392852745840596640e+02
1.535934676510897212e-01 1.305830188314301950e+02
1.579053314474175851e-01 1.226712620405538843e+02
1.623382431612278298e-01 1.158431309429128078e+02
1.668956009978024568e-01 1.102284405617893270e+02
1.715808985610006165e-01 1.057651120144762160e+02
1.763977275314044801e-01 1.022039083681113993e+02
1.813497804196496366e-01 9.915968241883122403e+01
1.864408533970486059e-01 9.618661989608139606e+01
1.916748492056815356e-01 9.287403849149448831e+01
1.970557801501798822e-01 8.896101151732344192e+01
2.025877711735017406e-01 8.441462908719007885e+01
2.082750630190516594e-01 7.943195071649908812e+01
2.141220154815729193e-01 7.437910911680658899e+01
2.201331107493031680e-01 6.966261290794864180e+01
2.263129568399529223e-01 6.559071367337031688e+01
2.326662911331459360e-01 6.228480410851519622e+01
2.391979840020238557e-01 5.964236522825063247e+01
2.459130425468044889e-01 5.738545899615213131e+01
2.528166144331501219e-01 5.516855625640569372e+01
2.599139918382933900e-01 5.271625554612349873e+01
2.672106155079435608e-01 4.994078350376163655e+01
2.747120789270811603e-01 4.696634494788037273e+01
2.824241326078435477e-01 4.405321468832475063e+01
2.903526884977813416e-01 4.144824541850565680e+01
2.985038245118734057e-01 3.926293335234129955e+01
3.068837891917643446e-01 3.742482768473249166e+01
3.154990064958086982e-01 3.573882689324313588e+01
3.243560807235809640e-01 3.400879785221951579e+01
3.334618015786366407e-01 3.215788084216215736e+01
3.428231493733970847e-01 3.026001381016478931e+01
3.524473003801584237e-01 2.846514637464719755e+01
3.623416323323152555e-01 2.687950903636105338e+01
3.725137300800212548e-01 2.549212049615245590e+01
3.829713914046279921e-01 2.420177803880093848e+01
3.937226329963477989e-01 2.291086291335971481e+01
4.047756965997323930e-01 2.160333047027613063e+01
4.161390553316708374e-01 2.033998001563485403e+01
4.278214201767614466e-01 1.918397350899012466e+01
4.398317466650228380e-01 1.813782485742927975e+01
4.521792417370701922e-01 1.715250454185260409e+01
4.648733708020256206e-01 1.618742752380309824e+01
4.779238649935594330e-01 1.524898847982343142e+01
4.913407286296365140e-01 1.436796727143761743e+01
5.051342468816764075e-01 1.355441759261906221e+01
5.193149936590210070e-01 1.278894324974444174e+01
5.338938397147356962e-01 1.205299013051550716e+01
5.488819609789672427e-01 1.134982964295327612e+01
5.642908471262538805e-01 1.069022799801424028e+01
5.801323103833373462e-01 1.007226177652546362e+01
5.964184945842465613e-01 9.485907487898293411e+00
6.131618844795774237e-01 8.928255260615559408e+00
6.303753153071274262e-01 8.402649599003430225e+00
6.480719826311974741e-01 7.908367916467887504e+00
6.662654524581153037e-01 7.441125261677301594e+00
6.849696716357442927e-01 6.998844244577384188e+00
7.041989785449285222e-01 6.582312221487853776e+00
7.239681140910878554e-01 6.189655238732665765e+00
7.442922330043759693e-01 5.818967019250634642e+00
7.651869154570819509e-01 5.469483900490836881e+00
7.866681790071589075e-01 5.140096802467638781e+00
8.087524908770455934e-01 4.829577702726998822e+00
8.314567805772061782e-01 4.536964144500377216e+00
8.547984528840417706e-01 4.261346272337209307e+00
8.787954011821322853e-01 4.001720559503825214e+00
9.034660211810530139e-01 3.757265999817571700e+00
9.288292250172494047e-01 3.527159242862347277e+00
9.549044557518088228e-01 3.310590643177868220e+00
9.817117022752195332e-01 3.106802106618237413e+00
1.009271514630570854e+00 2.915076974249703134e+00
1.037605019766912440e+00 2.734725290631498940e+00
1.066733937734857918e+00 2.565101593217613996e+00
1.096680598336868151e+00 2.405607279279406985e+00
1.127467958244945612e+00 2.255675988894006334e+00
1.159119618598886126e+00 2.114765473855557243e+00
1.191659843098559213e+00 1.982360402990767545e+00
1.225113576604118126e+00 1.857970731967968803e+00
1.259506464258359104e+00 1.741122227702267766e+00
1.294864871145904983e+00 1.631372820818003389e+00
1.331215902504307769e+00 1.528313215697775007e+00
1.368587424502517580e+00 1.431556973693526302e+00
1.407008085602686087e+00 1.340741648149074372e+00
1.446507338521646480e+00 1.255515700890626363e+00
1.487115462808953126e+00 1.175532279687325765e+00
1.528863588058731571e+00 1.100644252880803142e+00
1.571783717773163280e+00 1.030527015150754178e+00
1.615908753895917815e+00 9.648766403639530420e-01
1.661272522034291654e+00 9.034085641935711841e-01
1.707909797389428608e+00 8.458563506630626394e-01
1.755856331414468618e+00 7.919705372681538069e-01
1.805148879221108116e+00 7.415175536710644222e-01
1.855825227755520057e+00 6.942787092799975746e-01
1.907924224765265908e+00 6.500492453255173331e-01
1.961485808579430667e+00 6.086374473250016903e-01
2.016551038724745393e+00 5.698638140881059355e-01
2.073162127401231736e+00 5.335602796612600729e-01
2.131362471841438122e+00 4.995694848386830755e-01
2.191196687578147895e+00 4.677440950822477905e-01
2.252710642645982198e+00 4.379461618936932865e-01
2.315951492743154372e+00 4.100465248710229438e-01
2.380967717380357840e+00 3.839242518572776319e-01
2.447809157044444017e+00 3.594661147549860769e-01
2.516527051405392790e+00 3.365660987341855259e-01
2.587174078595922744e+00 3.151249427066568076e-01
2.659804395593756698e+00 2.950497090745382023e-01
2.734473679737583041e+00 2.762533808883756992e-01
2.811239171408464355e+00 2.586544846684744603e-01
2.890159717909508874e+00 2.421767372546541619e-01
2.971295818577336600e+00 2.267487151536645984e-01
3.054709671159970164e+00 2.123035449510319306e-01
3.140465219496751281e+00 1.987786134454151143e-01
3.228628202536729219e+00 1.861152962490356388e-01
3.319266204733191561e+00 1.742587036777887011e-01
3.412448707852890450e+00 1.631574428295853585e-01
3.508247144239789783e+00 1.527633948196441549e-01
3.606734951574031900e+00 1.430315062071495225e-01
3.707987629168172372e+00 1.339195937092065858e-01
3.812082795843888317e+00 1.253881613556167007e-01
3.919100249433401739e+00 1.174002292919241464e-01
4.029122027951350660e+00 1.099211734886721553e-01
4.142232472483896366e+00 1.029185756620827757e-01
4.258518291843413017e+00 9.636208275563426517e-02
4.378068629038172510e+00 9.022327537345355142e-02
4.500975129608047354e+00 8.447554459524246606e-02
4.627332011878690032e+00 7.909397663878720008e-02
4.757236139187885904e+00 7.405524487011518053e-02
4.890787094139594338e+00 6.933750869321333998e-02
5.028087254942479767e+00 6.492031888104075887e-02
5.169241873891597727e+00 6.078452893748894498e-02
5.314359158053243881e+00 5.691221210608444353e-02
5.463550352214879169e+00 5.328658366570457328e-02
5.616929824163807261e+00 4.989192817649357181e-02
5.774615152359817039e+00 4.671353136062377648e-02
5.936727216069127344e+00 4.373761632263585553e-02
6.103390288028621491e+00 4.095128383290263380e-02
6.274732129711575013e+00 3.834245641537254584e-02
6.450884089267698407e+00 3.589982599723881562e-02
6.631981202212673843e+00 3.361280489361943846e-02
6.818162294944477786e+00 3.147147991478914386e-02
7.009570091165615580e+00 2.946656939703921549e-02
7.206351321293055889e+00 2.758938297091343902e-02
7.408656834939563396e+00 2.583178389243407855e-02
7.616641716552886798e+00 2.418615377404085762e-02
7.830465404301192756e+00 2.264535956236780889e-02
8.050291812295983007e+00 2.120272261972169087e-02
8.276289456246344045e+00 1.985198977524435873e-02
8.508631582640587609e+00 1.858730622027916085e-02
8.747496301554422260e+00 1.740319013045510399e-02
8.993066723187620681e+00 1.629450890448724820e-02
9.245531098233566780e+00 1.525645691669926841e-02
9.505082962189515428e+00 1.428453468683567838e-02
9.771921283717999174e+00 1.337452937687431606e-02
1.004625061717340628e+01 1.252249653030169767e-02
1.032828125941029640e+01 1.172474297469941473e-02
1.061822941099384643e+01 1.097781081353202924e-02
1.091631734193614811e+01 1.027846243774826161e-02
1.122277356208507015e+01 9.623666492227593225e-03
1.153783299629661485e+01 9.010584736243259368e-03
1.186173716452478821e+01 8.436559740987736172e-03
1.219473436696737778e+01 7.899103370835170931e-03
1.253707987440921379e+01 7.395885998412236179e-03
1.288903612390893194e+01 6.924726406729734066e-03
1.325087291997952832e+01 6.483582334605278268e-03
1.362286764141645712e+01 6.070541624395802034e-03
1.400530545393221082e+01 5.683813933669363411e-03
1.439847952876007753e+01 5.321722974890133982e-03
1.480269126739508501e+01 4.982699249479152770e-03
1.521825053264387861e+01 4.665273244756350766e-03
1.564547588616096618e+01 4.368069064275662515e-03
1.608469483265355748e+01 4.089798463943677270e-03
1.653624407094179460e+01 3.829255268071119715e-03
1.700046975206718614e+01 3.585310141153292152e-03
1.747772774464680978e+01 3.356905692717556799e-03
1.796838390767719673e+01 3.143051894019602277e-03
1.847281437099635681e+01 2.942821786721962728e-03
1.899140582361934904e+01 2.755347464953893967e-03
1.952455581016860364e+01 2.579816313336656935e-03
2.007267303562567662e+01 2.415467484667786074e-03
2.063617767863859598e+01 2.261588601996695688e-03
2.121550171362450854e+01 2.117512670796657583e-03
2.181108924191518383e+01 1.982615187848804725e-03
2.242339683219847757e+01 1.856311434306509838e-03
2.305289387051708516e+01 1.738053941206808058e-03
2.370006292009328064e+01 1.627330116443018171e-03
2.436540009125468131e+01 1.523660022912569660e-03
2.504941542174504221e+01 1.426594298209328321e-03
2.575263326771200667e+01 1.335712206843237600e-03
2.647559270567065681e+01 1.250619816544536319e-03
2.721884794575180422e+01 1.170948290747671596e-03
2.798296875655116978e+01 1.096352289853601931e-03
2.876854090190592217e+01 1.026508474340694305e-03
2.957616658993256564e+01 9.611141032358908650e-04
3.040646493467068723e+01 8.998857218711519461e-04
3.126007243068703190e+01 8.425579332372076357e-04
3.213764344100275139e+01 7.888822476089920937e-04
3.303985069871860247e+01 7.386260054564193185e-04
3.396738582272208617e+01 6.915713689718067580e-04
3.492095984787270169e+01 6.475143778426820226e-04
3.590130377007073292e+01 6.062640651771807315e-04
3.690916910662779316e+01 5.676416297499746293e-04
3.794532847236938977e+01 5.314796609807960958e-04
3.901057617190990356e+01 4.976214132861960220e-04
4.010572880855499989e+01 4.659201266591807950e-04
4.123162591029752377e+01 4.362383905317544297e-04
4.238913057338778145e+01 4.084475481629971862e-04
4.357913012397032304e+01 3.824271389709799768e-04
4.480253679829492341e+01 3.580643763912759545e-04
4.606028844202401018e+01 3.352536589988254359e-04
4.735334922917113687e+01 3.138961127740915293e-04
4.868271040122284887e+01 2.938991625294398572e-04
5.004939102700954123e+01 2.751761306380710219e-04
5.145443878390924652e+01 2.576458613261808201e-04
5.289893076098154978e+01 2.412323688998250181e-04
5.438397428464800498e+01 2.258645083817147276e-04
5.591070776755292115e+01 2.114756671303022852e-04
5.748030158125349942e+01 1.980034761044686291e-04
5.909395895340973937e+01 1.853895395222760812e-04
6.075291689016074059e+01 1.735791817419810967e-04
6.245844712439613744e+01 1.625212102681520090e-04
6.421185709064765490e+01 1.521676938556318945e-04
6.601449092734890201e+01 1.424737547495289640e-04
6.786773050723294887e+01 1.333973741606891365e-04
6.977299649665530978e+01 1.248992101334770637e-04
7.173174944465618807e+01 1.169424270164050029e-04
7.374549090259552031e+01 1.094925357964431436e-04
7.581576457522108115e+01 1.025172446049335654e-04
7.794415750404954224e+01 9.598631874711946368e-05
8.013230128396889995e+01 8.987144964858166803e-05
8.238187331399603863e+01 8.414613215052521350e-05
8.469459808314594795e+01 7.878554962204725471e-05
8.707224849239922548e+01 7.376646639140059557e-05
8.951664721378301692e+01 6.906712702999144647e-05
9.202966808760409378e+01 6.466716205255394832e-05
9.461323755890775544e+01 6.054749962475440523e-05
9.726933615426175095e+01 5.669028289551871820e-05
9.999999999999995737e+01 5.307879259575579422e-05
