1.000000000000000048e-04 2.636385022687764135e+01
1.028073223830865281e-04 2.707870125252072313e+01
1.056934553557988362e-04 2.781291859253901322e+01
1.086606113854597351e-04 2.856702676983623945e+01
1.117110650504824041e-04 2.934156364729851774e+01
1.148471547840289439e-04 3.013707807389847204e+01
1.180712846666190141e-04 3.095413320458573736e+01
1.213859262690628250e-04 3.179331408783836466e+01
1.247936205471311189e-04 3.265522096300116317e+01
1.282969797894147957e-04 3.354046339678700406e+01
1.318986896198670199e-04 3.444966944607319448e+01
1.356015110565633925e-04 3.538348880381561656e+01
1.394082826282578376e-04 3.634258419598872081e+01
1.433219225503574155e-04 3.732763234871339364e+01
1.473454309619835539e-04 3.833933401774069694e+01
1.514818922258346051e-04 3.937841052925651297e+01
1.557344772926134557e-04 4.044559538678254285e+01
1.601064461318317826e-04 4.154164133049922469e+01
1.646011502308550778e-04 4.266732625147358959e+01
1.692220351641037391e-04 4.382344880716419055e+01
1.739726432343801689e-04 4.501082732785793894e+01
1.788566161883461665e-04 4.623029608628143450e+01
1.838776980082327715e-04 4.748270792605643464e+01
1.890397377819221208e-04 4.876895453409350978e+01
1.943466926536020897e-04 5.008995525836404283e+01
1.998026308572550618e-04 5.144662844863916717e+01
2.054117348353064979e-04 5.283991605742305353e+01
2.111783044448243749e-04 5.427080535026151153e+01
2.171067602537265953e-04 5.574030651426368621e+01
2.232016469295233991e-04 5.724944583013873256e+01
2.294676367231936914e-04 5.879927859799047241e+01
2.359095330508635614e-04 6.039088979803280921e+01
2.425322741760353111e-04 6.202538507625737907e+01
2.493409369951879494e-04 6.370389729192530126e+01
2.563407409296515377e-04 6.542760321954156666e+01
2.635370519267394326e-04 6.719770918474614518e+01
2.709353865732051759e-04 6.901543675433975977e+01
2.785414163241767813e-04 7.088203933249823763e+01
2.863609718508116210e-04 7.279880781817338686e+01
2.944000475100034728e-04 7.476706617833745838e+01
3.026648059395691654e-04 7.678817084288431261e+01
3.111615827824361444e-04 7.886350396087144077e+01
3.198968915434537695e-04 8.099448053979490680e+01
3.288774285825511105e-04 8.318256660037856420e+01
3.381100782480684795e-04 8.542926155013267930e+01
3.476019181541978613e-04 8.773607798581626582e+01
3.573602246065787046e-04 9.010457304700148029e+01
3.673924781802075296e-04 9.253636065833342172e+01
3.777063694539367416e-04 9.503307694068527667e+01
3.883098049059605528e-04 9.759638074366259275e+01
3.992109129748052884e-04 1.002279890225489254e+02
4.104180502904709654e-04 1.029296677954222758e+02
4.219398080805026588e-04 1.057032078269124753e+02
4.337850187558990231e-04 1.085504340392234894e+02
4.459627626819093779e-04 1.114732075385104366e+02
4.584823751389095932e-04 1.144734407310210571e+02
4.713534534786909978e-04 1.175531048327402743e+02
4.845858644816496185e-04 1.207141887389588106e+02
4.981897519205162042e-04 1.239587006714933040e+02
5.121755443364240474e-04 1.272887292473997576e+02
5.265539630332758715e-04 1.307064230289311411e+02
5.413360302965379654e-04 1.342139318468115050e+02
5.565330778427647921e-04 1.378134386758283938e+02
5.721567555063251324e-04 1.415071812987230260e+02
5.882190401699957617e-04 1.452974500028007867e+02
6.047322449462647380e-04 1.491865889492434576e+02
6.217090286163829381e-04 1.531769695803949105e+02
6.391624053344003523e-04 1.572709886296434547e+02
6.571057546036271476e-04 1.614710855250249040e+02
6.755528315331644270e-04 1.657797454225578520e+02
6.945177773823697038e-04 1.701995062322761783e+02
7.140151304013400355e-04 1.747329444333205970e+02
7.340598369757211656e-04 1.793826518213539600e+02
7.546672630843890076e-04 1.841512542082592176e+02
7.758532060787837713e-04 1.890414146867376530e+02
7.976339067929278130e-04 1.940558613981467317e+02
8.200260619934130737e-04 1.991973814756239562e+02
8.430468371788971344e-04 2.044687179093627947e+02
8.667138797389231696e-04 2.098726108909413313e+02
8.910453324821514341e-04 2.154119102593143396e+02
9.160598475443706154e-04 2.210895082047561289e+02
9.417766006869523988e-04 2.269082671791529435e+02
9.682153059967085751e-04 2.328710751957891887e+02
9.953962309984236857e-04 2.389808617178817656e+02
1.023340212191642049e-03 2.452405740589056791e+02
1.052068671023622922e-03 2.516531728297440793e+02
1.081603630310709867e-03 2.582216345050827613e+02
1.111967731120699519e-03 2.649489437576634714e+02
1.143184250129150028e-03 2.718380545310561729e+02
1.175277117462945366e-03 2.788919304677794457e+02
1.208270935044776636e-03 2.861135898577307444e+02
1.242190995452617476e-03 2.935060496705273749e+02
1.277063301308643990e-03 3.010722992601750434e+02
1.312914585212465604e-03 3.088153746581994596e+02
1.349772330233942573e-03 3.167383221886332194e+02
1.387664790981308705e-03 3.248437225494530480e+02
1.426621015260737648e-03 3.331342247056558676e+02
1.466670866343968349e-03 3.416147174508300850e+02
1.507845045861051347e-03 3.502895146381192717e+02
1.550175117335769997e-03 3.591582069441751628e+02
1.593693530381775150e-03 3.682215681342963762e+02
1.638433645577984637e-03 3.774845108124741841e+02
1.684429760042315850e-03 3.869508172128736305e+02
1.731717133723354026e-03 3.966225342892926733e+02
1.780332016430114135e-03 4.065022732850639500e+02
1.830311675620612021e-03 4.165928893656674745e+02
1.881694424970556086e-03 4.268961810697843475e+02
1.934519653744045872e-03 4.374139744615929999e+02
1.988827856988810081e-03 4.481496555639906205e+02
2.044660666579116784e-03 4.591061291773808080e+02
2.102060883130158625e-03 4.702847612818742391e+02
2.161072508808377368e-03 4.816870428953830583e+02
2.221740781062885202e-03 4.933148104096812290e+02
2.284112207303824749e-03 5.051698915709153539e+02
2.348234600554276272e-03 5.172539371296055606e+02
2.414157116103019234e-03 5.295677800774840307e+02
2.481930289186255051e-03 5.421119935292399532e+02
2.551606073727184613e-03 5.548875566054454112e+02
2.623237882163122550e-03 5.678951463502243087e+02
2.696880626390694112e-03 5.811347745790899353e+02
2.772590759860483686e-03 5.946063231770162929e+02
2.850426320853435488e-03 6.083095923452781335e+02
2.930446976972143555e-03 6.222439427629526563e+02
3.012714070881164757e-03 6.364083319246060455e+02
3.097290667331408388e-03 6.508014221795143612e+02
3.184241601504654226e-03 6.654215388552356671e+02
3.273633528715246682e-03 6.802665769856849920e+02
3.365534975507094694e-03 6.953340983750844089e+02
3.460016392185110562e-03 7.106213622307531068e+02
3.557150206821386215e-03 7.261251098134119957e+02
3.657010880777490907e-03 7.418415203389723729e+02
3.759674965785466966e-03 7.577664229698721101e+02
3.865221162631264206e-03 7.738952640558087523e+02
3.973730381485608698e-03 7.902229894927232863e+02
4.085285803928562741e-03 8.067439895615914338e+02
4.199972946715305709e-03 8.234519050147728194e+02
4.317879727332022029e-03 8.403398233198884100e+02
4.439096531392168997e-03 8.574003238290569016e+02
4.563716281924761094e-03 8.746253880560556127e+02
4.691834510607797992e-03 8.920063498388025209e+02
4.823549431001468782e-03 9.095336981806863150e+02
4.958962013837215146e-03 9.271971535693650139e+02
5.098176064420424994e-03 9.449858769643102505e+02
5.241298302206058926e-03 9.628883507289141335e+02
5.388438442608223244e-03 9.808921280014084232e+02
5.539709281106404079e-03 9.989839266673392331e+02
5.695226779712823234e-03 1.017149560868956655e+03
5.855110155867242032e-03 1.035374118536683682e+03
6.019481973827276768e-03 1.053641941510653169e+03
6.188468238624385796e-03 1.071936158608595861e+03
6.362198492657489789e-03 1.090238831587748336e+03
6.540805914998253610e-03 1.108531343229123877e+03
6.724427423484249239e-03 1.126794188769168613e+03
6.913203779678128193e-03 1.145006469739032809e+03
7.107279696773417810e-03 1.163146191490164256e+03
7.306803950529504668e-03 1.181190236338702334e+03
7.511929493320966197e-03 1.199115538694744146e+03
7.722813571388646714e-03 1.216898796954983482e+03
7.939617845382279313e-03 1.234509050531080902e+03
8.162508514287231468e-03 1.251913907822620558e+03
8.391656442830155299e-03 1.269109281056532836e+03
8.627237292461452031e-03 1.286088730251924972e+03
8.869431656014713575e-03 1.302793360478838849e+03
9.118425196146570655e-03 1.319169781771583985e+03
9.374408787662998066e-03 1.335201864719777177e+03
9.637578663841087079e-03 1.350858275899095361e+03
9.908136566858672528e-03 1.366086988718132261e+03
1.018628990244687879e-02 1.380882753876948982e+03
1.047225189888434729e-02 1.395245414829083984e+03
1.076624177045493527e-02 1.408971770197757905e+03
1.106848488549412070e-02 1.421882591196352905e+03
1.137921293915315074e-02 1.434209786871825600e+03
1.169866413101306943e-02 1.446110277035467334e+03
1.202708334768511945e-02 1.457380487493825285e+03
1.236472235053715993e-02 1.467857041642767626e+03
1.271183996869028332e-02 1.477493103920794965e+03
1.306870229743346996e-02 1.486385398917061593e+03
1.343558290220825575e-02 1.494671580859972892e+03
1.381276302832009847e-02 1.502082715642272660e+03
1.420053181653682141e-02 1.508300036459617104e+03
1.459918652473978819e-02 1.513466552485301236e+03
1.500903275579736421e-02 1.517659101815703707e+03
1.543038469183564444e-02 1.520593386945952943e+03
1.586356533508591002e-02 1.522228018983928678e+03
1.630890675549331870e-02 1.522851711549074707e+03
1.676675034527700184e-02 1.522422092064357003e+03
1.723744708063620554e-02 1.520689038076390261e+03
1.772135779080359283e-02 1.517731832599688687e+03
1.821885343465167589e-02 1.513672419187760852e+03
1.873031538506437013e-02 1.508260900396259331e+03
1.925613572129198509e-02 1.501310862151479569e+03
1.979671752951332395e-02 1.492946436316391328e+03
2.035247521183577296e-02 1.483235683143358528e+03
2.092383480396978190e-02 1.472132187444486135e+03
2.151123430182166549e-02 1.459622767775030297e+03
2.211512399725490061e-02 1.445724134306243968e+03
2.273596682327716154e-02 1.430451155313461641e+03
2.337423870891815886e-02 1.413822675683405123e+03
2.403042894406967958e-02 1.395869544369636515e+03
2.470504055456825693e-02 1.376631741505941363e+03
2.539859068780726467e-02 1.356158419888223307e+03
2.611161100917459149e-02 1.334508718412838789e+03
2.684464810961964890e-02 1.311751415433657257e+03
2.759826392466179640e-02 1.287966001747439805e+03
2.837303616516213128e-02 1.263242116535013338e+03
2.916955876018797328e-02 1.237678929947319148e+03
2.998844231231028931e-02 1.211385177544320186e+03
3.083031456568277942e-02 1.184478903164537314e+03
3.169582088726115993e-02 1.157086043401590814e+03
3.258562476153226140e-02 1.129339422947602998e+03
3.350040829913133317e-02 1.101377823355806640e+03
3.444087275973822804e-02 1.073344653997576415e+03
3.540773908965272332e-02 1.045385569426536904e+03
3.640174847446139839e-02 1.017646943824054688e+03
3.742366290721982347e-02 9.902743340783594022e+02
3.847426577258503816e-02 9.634089270152926474e+02
3.955436244734702317e-02 9.371859732599031076e+02
4.066478091781854792e-02 9.117326507125247872e+02
4.180637241455758407e-02 8.871641812120376471e+02
4.298001206490798670e-02 8.635819933618319055e+02
4.418659956385941057e-02 8.410704344074125629e+02
4.542705986374045990e-02 8.196949243977883270e+02
4.670234388327333674e-02 7.994986479322192281e+02
4.801342923653453137e-02 7.804998243043716002e+02
4.936132098237919208e-02 7.626898257165831865e+02
5.074705239490467923e-02 7.460312170946691595e+02
5.217168575554350513e-02 7.304554793246622921e+02
5.363631316739241039e-02 7.158624996180374183e+02
5.514205739240302800e-02 7.021197271278409744e+02
5.669007271207433807e-02 6.890676888360578687e+02
5.828154581230844677e-02 6.764931155627883754e+02
5.991769669310622465e-02 6.643767273495363952e+02
6.159977960380166873e-02 6.521080236065106419e+02
6.332908400455118658e-02 6.396332810739907018e+02
6.510693555481457395e-02 6.266842879453378146e+02
6.693469712958663442e-02 6.130177503580291614e+02
6.881376986415664587e-02 5.984168859389255886e+02
7.074559422819878818e-02 5.827042710000333727e+02
7.273165113001461846e-02 5.657601872178873919e+02
7.477346305177587360e-02 5.475291758116064784e+02
7.687259521663733497e-02 5.279936437316947604e+02
7.903065678861345700e-02 5.073361548746155449e+02
8.124930210614052239e-02 4.857718484463943582e+02
8.353023195026774983e-02 4.636018764904812315e+02
8.587519484845174134e-02 4.411948670646407322e+02
8.828598841495152727e-02 4.189684777341998370e+02
9.076446072885357985e-02 3.973596524725863333e+02
9.331251175078249249e-02 3.767926951015074337e+02
9.593209477938241525e-02 3.576511585372478521e+02
9.862521794868782388e-02 3.402438860031678587e+02
1.013939457675292477e-01 3.247806632256804278e+02
1.042404007021556500e-01 3.113534779754376700e+02
1.071667648032863795e-01 2.999222763615611029e+02
1.101752813788386687e-01 2.903097857664930075e+02
1.132682567136154145e-01 2.822041119194103089e+02
1.164480618372685794e-01 2.751766035172408920e+02
1.197171343418966943e-01 2.687106203889818516e+02
1.230779802506665743e-01 2.622467651097729799e+02
1.265331759388942934e-01 2.552466538992968026e+02
1.300853701090571579e-01 2.472656416684558849e+02
1.337372858212496074e-01 2.380298822576186524e+02
1.374917225806419896e-01 2.274902280630394671e+02
1.413515584835395023e-01 2.158413566733495088e+02
1.453197524236895799e-01 2.035023091651570439e+02
1.493993463605258198e-01 1.910486629145898121e+02
1.535934676510897212e-01 1.791122936382453759e+02
1.579053314474175851e-01 1.682602323119897392e+02
1.623382431612278298e-01 1.588945053204124349e+02
1.668956009978024568e-01 1.511931790667505027e+02
1.715808985610006165e-01 1.450711146478947171e+02
1.763977275314044801e-01 1.401863978782393758e+02
1.813497804196496366e-01 1.360107988316076160e+02
1.864408533970486059e-01 1.319328626208589981e+02
1.916748492056815356e-01 1.273891896309221323e+02
1.970557801501798822e-01 1.220219462283568816e+02
2.025877711735017406e-01 1.157859637168761964e+02
2.082750630190516594e-01 1.089515313916137131e+02
2.141220154815729193e-01 1.020208898966780424e+02
2.201331107493031680e-01 9.555156312460560741e+01
2.263129568399529223e-01 8.996641948773756781e+01
2.326662911331459360e-01 8.543190195394630848e+01
2.391979840020238557e-01 8.180743338812924037e+01
2.459130425468044889e-01 7.871178238503591729e+01
2.528166144331501219e-01 7.567101864897971097e+01
2.599139918382933900e-01 7.230736334181607106e+01
2.672106155079435608e-01 6.850040095921926309e+01
2.747120789270811603e-01 6.442057316542499734e+01
2.824241326078435477e-01 6.042481965110001596e+01
2.903526884977813416e-01 5.685177013758281817e+01
2.985038245118734057e-01 5.385431001515382121e+01
3.068837891917643446e-01 5.133311540631763137e+01
3.154990064958086982e-01 4.902052719706113493e+01
3.243560807235809640e-01 4.664756674776321432e+01
3.334618015786366407e-01 4.410878308771290079e+01
3.428231493733970847e-01 4.150560318743552557e+01
3.524473003801584237e-01 3.904371223203465746e+01
3.623416323323152555e-01 3.686879784252116821e+01
3.725137300800212548e-01 3.496580928024823010e+01
3.829713914046279921e-01 3.319593093881216816e+01
3.937226329963477989e-01 3.142527745994495092e+01
4.047756965997323930e-01 2.963182327189237952e+01
4.161390553316708374e-01 2.789896691235883708e+01
4.278214201767614466e-01 2.631334851944050612e+01
4.398317466650228380e-01 2.487841461073107041e+01
4.521792417370701922e-01 2.352692445241192587e+01
4.648733708020256206e-01 2.220318936602490112e+01
4.779238649935594330e-01 2.091599875076648729e+01
4.913407286296365140e-01 1.970755772185074051e+01
5.051342468816764075e-01 1.859166795377583625e+01
5.193149936590210070e-01 1.754171943634916531e+01
5.338938397147356962e-01 1.653226395767784140e+01
5.488819609789672427e-01 1.556778343678445431e+01
5.642908471262538805e-01 1.466305449252084614e+01
5.801323103833373462e-01 1.381543205141764119e+01
5.964184945842465613e-01 1.301116996904480061e+01
6.131618844795774237e-01 1.224627777803768325e+01
6.303753153071274262e-01 1.152533747304605605e+01
6.480719826311974741e-01 1.084736549705955433e+01
6.662654524581153037e-01 1.020647803126642827e+01
6.849696716357442927e-01 9.599837368939578397e+00
7.041989785449285222e-01 9.028505831804221060e+00
7.239681140910878554e-01 8.489926036896658701e+00
7.442922330043759693e-01 7.981478631580842809e+00
7.651869154570819509e-01 7.502116451055338864e+00
7.866681790071589075e-01 7.050318115195921997e+00
8.087524908770455934e-01 6.624401107195740046e+00
8.314567805772061782e-01 6.223043417384277021e+00
8.547984528840417706e-01 5.844995882855923419e+00
8.787954011821322853e-01 5.488884596351363498e+00
9.034660211810530139e-01 5.153582898952794977e+00
9.288292250172494047e-01 4.837961700593192305e+00
9.549044557518088228e-01 4.540909206609946125e+00
9.817117022752195332e-01 4.261386609561578886e+00
1.009271514630570854e+00 3.998411254754122179e+00
1.037605019766912440e+00 3.751034816145472739e+00
1.066733937734857918e+00 3.518373603633906388e+00
1.096680598336868151e+00 3.299606289969047257e+00
1.127467958244945612e+00 3.093955668846387397e+00
1.159119618598886126e+00 2.900678108774624064e+00
1.191659843098559213e+00 2.719067089854067643e+00
1.225113576604118126e+00 2.548450499019030868e+00
1.259506464258359104e+00 2.388177429169589860e+00
1.294864871145904983e+00 2.237641951481450953e+00
1.331215902504307769e+00 2.096281877307450525e+00
1.368587424502517580e+00 1.963567599270924724e+00
1.407008085602686087e+00 1.839002754018454366e+00
1.446507338521646480e+00 1.722104274718028849e+00
1.487115462808953126e+00 1.612396402425259501e+00
1.528863588058731571e+00 1.509677547824219479e+00
1.571783717773163280e+00 1.413502470593731131e+00
1.615908753895917815e+00 1.323454294762565597e+00
1.661272522034291654e+00 1.239142701738443098e+00
1.707909797389428608e+00 1.160202238451400136e+00
1.755856331414468618e+00 1.086290733278084009e+00
1.805148879221108116e+00 1.017087812880709041e+00
1.855825227755520057e+00 9.522935135318391087e-01
1.907924224765265908e+00 8.916269809057066897e-01
1.961485808579430667e+00 8.348252527002487655e-01
2.016551038724745393e+00 7.816421188130665554e-01
2.073162127401231736e+00 7.318470541306829613e-01
2.131362471841438122e+00 6.852242193052165975e-01
2.191196687578147895e+00 6.415715251872846636e-01
2.252710642645982198e+00 6.006997568598710924e-01
2.315951492743154372e+00 5.624317534762369730e-01
2.380967717380357840e+00 5.266016403468376517e-01
2.447809157044444017e+00 4.930541099466861921e-01
2.516527051405392790e+00 4.616437487266534245e-01
2.587174078595922744e+00 4.322344068107281112e-01
2.659804395593756698e+00 4.046986078471627168e-01
2.734473679737583041e+00 3.789169964554671144e-01
2.811239171408464355e+00 3.547778208741844130e-01
2.890159717909508874e+00 3.321764485669557732e-01
2.971295818577336600e+00 3.110149126872449044e-01
3.054709671159970164e+00 2.912014874358466177e-01
3.140465219496751281e+00 2.726502904705483954e-01
3.228628202536729219e+00 2.552809106445636522e-01
3.319266204733191561e+00 2.390180594601536423e-01
3.412448707852890450e+00 2.237912447266418581e-01
3.508247144239789783e+00 2.095344650082764937e-01
3.606734951574031900e+00 1.961859235375077726e-01
3.707987629168172372e+00 1.836877603536227754e-01
3.812082795843888317e+00 1.719858015056780487e-01
3.919100249433401739e+00 1.610293242326372720e-01
4.029122027951350660e+00 1.507708371028740613e-01
4.142232472483896366e+00 1.411658741600439193e-01
4.258518291843413017e+00 1.321728021830389233e-01
4.378068629038172510e+00 1.237526402245834739e-01
4.500975129608047354e+00 1.158688906462516655e-01
4.627332011878690032e+00 1.084873809175186804e-01
4.757236139187885904e+00 1.015761154931151961e-01
4.890787094139594338e+00 9.510513712664032948e-02
5.028087254942479767e+00 8.904639701928872275e-02
5.169241873891597727e+00 8.337363324084511029e-02
5.314359158053243881e+00 7.806225689595537587e-02
5.463550352214879169e+00 7.308924554225609826e-02
5.616929824163807261e+00 6.843304339837744110e-02
5.774615152359817039e+00 6.407346790926601865e-02
5.936727216069127344e+00 5.999162226382996621e-02
6.103390288028621491e+00 5.616981348570940225e-02
6.274732129711575013e+00 5.259147574213236115e-02
6.450884089267698407e+00 4.924109853843437745e-02
6.631981202212673843e+00 4.610415948699701089e-02
6.818162294944477786e+00 4.316706135918874782e-02
7.009570091165615580e+00 4.041707314745666274e-02
7.206351321293055889e+00 3.784227488209917362e-02
7.408656834939563396e+00 3.543150596352543508e-02
7.616641716552886798e+00 3.317431678604464140e-02
7.830465404301192756e+00 3.106092344349621615e-02
8.050291812295983007e+00 2.908216532038981547e-02
8.276289456246344045e+00 2.722946538473177899e-02
8.508631582640587609e+00 2.549479301042525611e-02
8.747496301554422260e+00 2.387062916809562160e-02
8.993066723187620681e+00 2.234993383345900211e-02
9.245531098233566780e+00 2.092611547196376875e-02
9.505082962189515428e+00 1.959300246743456153e-02
9.771921283717999174e+00 1.834481637087477177e-02
1.004625061717340628e+01 1.717614685347301079e-02
1.032828125941029640e+01 1.608192825524601757e-02
1.061822941099384643e+01 1.505741762766692714e-02
1.091631734193614811e+01 1.409817417510337428e-02
1.122277356208507015e+01 1.320004000595342147e-02
1.153783299629661485e+01 1.235912211004395501e-02
1.186173716452478821e+01 1.157177548417169174e-02
1.219473436696737778e+01 1.083458733264354261e-02
1.253707987440921379e+01 1.014436227433275148e-02
1.288903612390893194e+01 9.498108492129982497e-03
1.325087291997952832e+01 8.893024764753440503e-03
1.362286764141645712e+01 8.326488324706711117e-03
1.400530545393221082e+01 7.796043489754002874e-03
1.439847952876007753e+01 7.299391018635291786e-03
1.480269126739508501e+01 6.834378144883179566e-03
1.521825053264387861e+01 6.398989245542514165e-03
1.564547588616096618e+01 5.991337104345821271e-03
1.608469483265355748e+01 5.609654731474338074e-03
1.653624407094179460e+01 5.252287704446963884e-03
1.700046975206718614e+01 4.917686996938299381e-03
1.747772774464680978e+01 4.604402264441912439e-03
1.796838390767719673e+01 4.311075557675193501e-03
1.847281437099635681e+01 4.036435436476173456e-03
1.899140582361934904e+01 3.779291458678753126e-03
1.952455581016860364e+01 3.538529020078006425e-03
2.007267303562567662e+01 3.313104523119168952e-03
2.063617767863859598e+01 3.102040853368701577e-03
2.121550171362450854e+01 2.904423144159978386e-03
2.181108924191518383e+01 2.719394811055214287e-03
2.242339683219847757e+01 2.546153838934804656e-03
2.305289387051708516e+01 2.383949305620269334e-03
2.370006292009328064e+01 2.232078126962259036e-03
2.436540009125468131e+01 2.089882009285033183e-03
2.504941542174504221e+01 1.956744595977619530e-03
2.575263326771200667e+01 1.832088795863408542e-03
2.647559270567065681e+01 1.715374281767851434e-03
2.721884794575180422e+01 1.606095148441675927e-03
2.798296875655116978e+01 1.503777719687760537e-03
2.876854090190592217e+01 1.407978495186543947e-03
2.957616658993256564e+01 1.318282228120380272e-03
3.040646493467068723e+01 1.234300125264187718e-03
3.126007243068703190e+01 1.155668161740605821e-03
3.213764344100275139e+01 1.082045503134861910e-03
3.303985069871860247e+01 1.013113028129931275e-03
3.396738582272208617e+01 9.485719452582696025e-04
3.492095984787270169e+01 8.881424977743551229e-04
3.590130377007073292e+01 8.315627510342431424e-04
3.690916910662779316e+01 7.785874571259657336e-04
3.794532847236938977e+01 7.289869918294532465e-04
3.901057617190990356e+01 6.825463592981796624e-04
4.010572880855499989e+01 6.390642601482659450e-04
4.123162591029752377e+01 5.983522189156300014e-04
4.238913057338778145e+01 5.602337670990933808e-04
4.357913012397032304e+01 5.245436782483075969e-04
4.480253679829492341e+01 4.911272517809456501e-04
4.606028844202401018e+01 4.598396424248252777e-04
4.735334922917113687e+01 4.305452323783978880e-04
4.868271040122284887e+01 4.031170434681973945e-04
5.004939102700954123e+01 3.774361867552152787e-04
5.145443878390924652e+01 3.533913472044912236e-04
5.289893076098154978e+01 3.308783011841925480e-04
5.438397428464800498e+01 3.097994647027562352e-04
5.591070776755292115e+01 2.900634704259038156e-04
5.748030158125349942e+01 2.715847716400866330e-04
5.909395895340973937e+01 2.542832714457212112e-04
6.075291689016074059e+01 2.380839755729306166e-04
6.245844712439613744e+01 2.229166673149062731e-04
6.421185709064765490e+01 2.087156031698690823e-04
6.601449092734890201e+01 1.954192278723758695e-04
6.786773050723294887e+01 1.829699075787574573e-04
6.977299649665530978e+01 1.713136800501678485e-04
7.173174944465618807e+01 1.604000207503989805e-04
7.374549090259552031e+01 1.501816238445997757e-04
7.581576457522108115e+01 1.406141971496269519e-04
7.794415750404954224e+01 1.316562701472290102e-04
8.013230128396889995e+01 1.232690142278861100e-04
8.238187331399603863e+01 1.154160743861434927e-04
8.469459808314594795e+01 1.080634116379129635e-04
8.707224849239922548e+01 1.011791554766916762e-04
8.951664721378301692e+01 9.473346572916194414e-05
9.202966808760409378e+01 8.869840321137796569e-05
9.461323755890775544e+01 8.304780862489178381e-05
9.726933615426175095e+01 7.775718916788721367e-05
9.999999999999995737e+01 7.280361236983179125e-05
