1.000000000000000048e-04 3.222362877269749220e+02
1.028073223830865281e-04 3.309727987694663511e+02
1.056934553557988362e-04 3.399459550800368106e+02
1.086606113854597351e-04 3.491621476752347348e+02
1.117110650504824041e-04 3.586278814240001225e+02
1.148471547840289439e-04 3.683498739067230190e+02
1.180712846666190141e-04 3.783350496000335852e+02
1.213859262690628250e-04 3.885905447277063445e+02
1.247936205471311189e-04 3.991236610031378405e+02
1.282969797894147957e-04 4.099418073403500102e+02
1.318986896198670199e-04 4.210526458262996812e+02
1.356015110565633925e-04 4.324641453892904224e+02
1.394082826282578376e-04 4.441843817758365276e+02
1.433219225503574155e-04 4.562215545462987052e+02
1.473454309619835539e-04 4.685842084209208451e+02
1.514818922258346051e-04 4.812811657426915986e+02
1.557344772926134557e-04 4.943213834680495893e+02
1.601064461318317826e-04 5.077140530003650838e+02
1.646011502308550778e-04 5.214686820973463455e+02
1.692220351641037391e-04 5.355949759229952178e+02
1.739726432343801689e-04 5.501027954177502579e+02
1.788566161883461665e-04 5.650023358874150290e+02
1.838776980082327715e-04 5.803041323100723048e+02
1.890397377819221208e-04 5.960189324662424042e+02
1.943466926536020897e-04 6.121577493871740216e+02
1.998026308572550618e-04 6.287319818979143520e+02
2.054117348353064979e-04 6.457532799036719098e+02
2.111783044448243749e-04 6.632333840459839394e+02
2.171067602537265953e-04 6.811844548429891120e+02
2.232016469295233991e-04 6.996192010928755280e+02
2.294676367231936914e-04 7.185504419600100618e+02
2.359095330508635614e-04 7.379911326853884930e+02
2.425322741760353111e-04 7.579548834763883178e+02
2.493409369951879494e-04 7.784557544087734868e+02
2.563407409296515377e-04 7.995077254859406821e+02
2.635370519267394326e-04 8.211251457023250850e+02
2.709353865732051759e-04 8.433231625063100410e+02
2.785414163241767813e-04 8.661171089487850168e+02
2.863609718508116210e-04 8.895222753061942740e+02
2.944000475100034728e-04 9.135547392655803378e+02
3.026648059395691654e-04 9.382313490873810906e+02
3.111615827824361444e-04 9.635687464585807902e+02
3.198968915434537695e-04 9.895837397095576762e+02
3.288774285825511105e-04 1.016294199673395269e+03
3.381100782480684795e-04 1.043718447729909713e+03
3.476019181541978613e-04 1.071874667867170729e+03
3.573602246065787046e-04 1.100781558748612952e+03
3.673924781802075296e-04 1.130458569355621876e+03
3.777063694539367416e-04 1.160925582907572334e+03
3.883098049059605528e-04 1.192202881446514084e+03
3.992109129748052884e-04 1.224311061294042020e+03
4.104180502904709654e-04 1.257271137884638392e+03
4.219398080805026588e-04 1.291104783752956564e+03
4.337850187558990231e-04 1.325834158933981598e+03
4.459627626819093779e-04 1.361481723321503750e+03
4.584823751389095932e-04 1.398070429664378935e+03
4.713534534786909978e-04 1.435623786424290074e+03
4.845858644816496185e-04 1.474165853819926269e+03
4.981897519205162042e-04 1.513721233252813136e+03
5.121755443364240474e-04 1.554314900500004342e+03
5.265539630332758715e-04 1.595972242758775337e+03
5.413360302965379654e-04 1.638719032056033939e+03
5.565330778427647921e-04 1.682581657797466278e+03
5.721567555063251324e-04 1.727587447334939043e+03
5.882190401699957617e-04 1.773764087978164298e+03
6.047322449462647380e-04 1.821139347907326055e+03
6.217090286163829381e-04 1.869741542664344479e+03
6.391624053344003523e-04 1.919599592756446782e+03
6.571057546036271476e-04 1.970743035538308277e+03
6.755528315331644270e-04 2.023201953621658049e+03
6.945177773823697038e-04 2.077006711131220982e+03
7.140151304013400355e-04 2.132188126156211638e+03
7.340598369757211656e-04 2.188777573415680763e+03
7.546672630843890076e-04 2.246806947292316181e+03
7.758532060787837713e-04 2.306308632196562485e+03
7.976339067929278130e-04 2.367315314198367105e+03
8.200260619934130737e-04 2.429859965930834733e+03
8.430468371788971344e-04 2.493976082488182783e+03
8.667138797389231696e-04 2.559697671056909712e+03
8.910453324821514341e-04 2.627059220164481303e+03
9.160598475443706154e-04 2.696095484052376833e+03
9.417766006869523988e-04 2.766841039709161578e+03
9.682153059967085751e-04 2.839331064342566151e+03
9.953962309984236857e-04 2.913601681982960145e+03
1.023340212191642049e-03 2.989688933347770217e+03
1.052068671023622922e-03 3.067628657882663902e+03
1.081603630310709867e-03 3.147457080187150950e+03
1.111967731120699519e-03 3.229210701605917166e+03
1.143184250129150028e-03 3.312925848633827627e+03
1.175277117462945366e-03 3.398638977633667309e+03
1.208270935044776636e-03 3.486386953777223425e+03
1.242190995452617476e-03 3.576206551634068546e+03
1.277063301308643990e-03 3.668134175911638977e+03
1.312914585212465604e-03 3.762207395195805475e+03
1.349772330233942573e-03 3.858464318340402315e+03
1.387664790981308705e-03 3.956934638288904807e+03
1.426621015260737648e-03 4.057648797709306564e+03
1.466670866343968349e-03 4.160674796702976892e+03
1.507845045861051347e-03 4.266071238989566154e+03
1.550175117335769997e-03 4.373818296459349767e+03
1.593693530381775150e-03 4.483916140466144498e+03
1.638433645577984637e-03 4.596434253392752908e+03
1.684429760042315850e-03 4.711423130130931895e+03
1.731717133723354026e-03 4.828904122135802936e+03
1.780332016430114135e-03 4.948907778399220661e+03
1.830311675620612021e-03 5.071468766526994841e+03
1.881694424970556086e-03 5.196605047222298708e+03
1.934519653744045872e-03 5.324335539370331389e+03
1.988827856988810081e-03 5.454705391443537337e+03
2.044660666579116784e-03 5.587752003896872338e+03
2.102060883130158625e-03 5.723487445293008932e+03
2.161072508808377368e-03 5.861926811424459629e+03
2.221740781062885202e-03 6.003091962249713106e+03
2.284112207303824749e-03 6.147004454543473003e+03
2.348234600554276272e-03 6.293683237624387402e+03
2.414157116103019234e-03 6.443135935835456621e+03
2.481930289186255051e-03 6.595367024379638679e+03
2.551606073727184613e-03 6.750387937622774189e+03
2.623237882163122550e-03 6.908206688480593584e+03
2.696880626390694112e-03 7.068822852544007219e+03
2.772590759860483686e-03 7.232234549149118720e+03
2.850426320853435488e-03 7.398439107746766240e+03
2.930446976972143555e-03 7.567428696552377005e+03
3.012714070881164757e-03 7.739190801095173811e+03
3.097290667331408388e-03 7.913709843247383105e+03
3.184241601504654226e-03 8.090966007916286799e+03
3.273633528715246682e-03 8.270932933258227422e+03
3.365534975507094694e-03 8.453580152850589002e+03
3.460016392185110562e-03 8.638874000494432039e+03
3.557150206821386215e-03 8.826775053868495888e+03
3.657010880777490907e-03 9.017237558214323144e+03
3.759674965785466966e-03 9.210210620261730583e+03
3.865221162631264206e-03 9.405637800061067537e+03
3.973730381485608698e-03 9.603454968977717726e+03
4.085285803928562741e-03 9.803591447092647286e+03
4.199972946715305709e-03 1.000597054924381337e+04
4.317879727332022029e-03 1.021050832059247114e+04
4.439096531392168997e-03 1.041711213141887856e+04
4.563716281924761094e-03 1.062568244892328403e+04
4.691834510607797992e-03 1.083611283429592550e+04
4.823549431001468782e-03 1.104828867128768252e+04
4.958962013837215146e-03 1.126208701385441418e+04
5.098176064420424994e-03 1.147737506783839308e+04
5.241298302206058926e-03 1.169401126639892937e+04
5.388438442608223244e-03 1.191184535099174718e+04
5.539709281106404079e-03 1.213071761002345556e+04
5.695226779712823234e-03 1.235045742131311090e+04
5.855110155867242032e-03 1.257088321594156878e+04
6.019481973827276768e-03 1.279180203108672868e+04
6.188468238624385796e-03 1.301300959002331183e+04
6.362198492657489789e-03 1.323429078798106275e+04
6.540805914998253610e-03 1.345541931583146470e+04
6.724427423484249239e-03 1.367615782381903591e+04
6.913203779678128193e-03 1.389625549842256078e+04
7.107279696773417810e-03 1.411544647316068040e+04
7.306803950529504668e-03 1.433344610806952551e+04
7.511929493320966197e-03 1.454997578462362253e+04
7.722813571388646714e-03 1.476476059271563099e+04
7.939617845382279313e-03 1.497742266995513819e+04
8.162508514287231468e-03 1.518756237801850148e+04
8.391656442830155299e-03 1.539514433428013399e+04
8.627237292461452031e-03 1.560010441348917084e+04
8.869431656014713575e-03 1.580170881373270277e+04
9.118425196146570655e-03 1.599929578557357672e+04
9.374408787662998066e-03 1.619268264194216135e+04
9.637578663841087079e-03 1.638149832867138502e+04
9.908136566858672528e-03 1.656511205923662419e+04
1.018628990244687879e-02 1.674346317330655438e+04
1.047225189888434729e-02 1.691655359657347435e+04
1.076624177045493527e-02 1.708191286016317463e+04
1.106848488549412070e-02 1.723736284960575722e+04
1.137921293915315074e-02 1.738573110552848448e+04
1.169866413101306943e-02 1.752893232953400002e+04
1.202708334768511945e-02 1.766449415975782540e+04
1.236472235053715993e-02 1.779043296419738908e+04
1.271183996869028332e-02 1.790618214118027754e+04
1.306870229743346996e-02 1.801291952461695109e+04
1.343558290220825575e-02 1.811232079382935626e+04
1.381276302832009847e-02 1.820112753125128074e+04
1.420053181653682141e-02 1.827547571733263976e+04
1.459918652473978819e-02 1.833709886635721341e+04
1.500903275579736421e-02 1.838692733657417921e+04
1.543038469183564444e-02 1.842151332725538305e+04
1.586356533508591002e-02 1.844035998572144672e+04
1.630890675549331870e-02 1.844697824441787816e+04
1.676675034527700184e-02 1.844085699421415120e+04
1.723744708063620554e-02 1.841896208569407463e+04
1.772135779080359283e-02 1.838226034864161556e+04
1.821885343465167589e-02 1.833223636451691709e+04
1.873031538506437013e-02 1.826585892342026636e+04
1.925613572129198509e-02 1.818086771491926993e+04
1.979671752951332395e-02 1.807877265135391644e+04
2.035247521183577296e-02 1.796040232069470585e+04
2.092383480396978190e-02 1.782519514339989473e+04
2.151123430182166549e-02 1.767299279009631209e+04
2.211512399725490061e-02 1.750399945212961029e+04
2.273596682327716154e-02 1.731839610333337259e+04
2.337423870891815886e-02 1.711641227156227251e+04
2.403042894406967958e-02 1.689842547267107875e+04
2.470504055456825693e-02 1.666492022907075443e+04
2.539859068780726467e-02 1.641648776879133220e+04
2.611161100917459149e-02 1.615384903275092802e+04
2.684464810961964890e-02 1.587784011846587782e+04
2.759826392466179640e-02 1.558941645373526262e+04
2.837303616516213128e-02 1.528966546843739889e+04
2.916955876018797328e-02 1.497979129646394722e+04
2.998844231231028931e-02 1.466110878956467241e+04
3.083031456568277942e-02 1.433504687541761268e+04
3.169582088726115993e-02 1.400312559552961648e+04
3.258562476153226140e-02 1.366695146452269910e+04
3.350040829913133317e-02 1.332820727192367849e+04
3.444087275973822804e-02 1.298862494730571234e+04
3.540773908965272332e-02 1.264996837194572254e+04
3.640174847446139839e-02 1.231400685923187302e+04
3.742366290721982347e-02 1.198249846256652927e+04
3.847426577258503816e-02 1.165715393655340813e+04
3.955436244734702317e-02 1.133960774486593618e+04
4.066478091781854792e-02 1.103139221686241035e+04
4.180637241455758407e-02 1.073390668825247121e+04
4.298001206490798670e-02 1.044837067084689807e+04
4.418659956385941057e-02 1.017580951880840985e+04
4.542705986374045990e-02 9.917007352193153565e+03
4.670234388327333674e-02 9.672488653624952349e+03
4.801342923653453137e-02 9.442472040088883659e+03
4.936132098237919208e-02 9.226850606984642582e+03
5.074705239490467923e-02 9.025173542077447564e+03
5.217168575554350513e-02 8.836606324750538988e+03
5.363631316739241039e-02 8.659938428730856685e+03
5.514205739240302800e-02 8.493566573550831890e+03
5.669007271207433807e-02 8.335559233775809844e+03
5.828154581230844677e-02 8.183336849511424589e+03
5.991769669310622465e-02 8.036665645235768352e+03
6.159977960380166873e-02 7.888158933616077775e+03
6.332908400455118658e-02 7.737166364837063156e+03
6.510693555481457395e-02 7.580444587584370311e+03
6.693469712958663442e-02 7.415052345924435940e+03
6.881376986415664587e-02 7.238363945235632855e+03
7.074559422819878818e-02 7.048235195681758341e+03
7.273165113001461846e-02 6.843216190043087408e+03
7.477346305177587360e-02 6.622639355716367390e+03
7.687259521663733497e-02 6.386290036884909568e+03
7.903065678861345700e-02 6.136376522967685560e+03
8.124930210614052239e-02 5.875502916853771239e+03
8.353023195026774983e-02 5.607307544925012735e+03
8.587519484845174134e-02 5.336252501881289390e+03
8.828598841495152727e-02 5.067387549920339552e+03
9.076446072885357985e-02 4.805996920362038509e+03
9.331251175078249249e-02 4.557213709382481284e+03
9.593209477938241525e-02 4.325673820870949385e+03
9.862521794868782388e-02 4.115114142218951201e+03
1.013939457675292477e-01 3.928070154747272227e+03
1.042404007021556500e-01 3.765653297987490078e+03
1.071667648032863795e-01 3.627380017689462420e+03
1.101752813788386687e-01 3.511105994482743881e+03
1.132682567136154145e-01 3.413056642884738267e+03
1.164480618372685794e-01 3.328048657982728855e+03
1.197171343418966943e-01 3.249833226768836084e+03
1.230779802506665743e-01 3.171645373643541006e+03
1.265331759388942934e-01 3.086972430852048547e+03
1.300853701090571579e-01 2.990438632906272233e+03
1.337372858212496074e-01 2.878730705011021200e+03
1.374917225806419896e-01 2.751254077584757397e+03
1.413515584835395023e-01 2.610364979709438103e+03
1.453197524236895799e-01 2.461129600009538535e+03
1.493993463605258198e-01 2.310509706596129945e+03
1.535934676510897212e-01 2.166147386865196950e+03
1.579053314474175851e-01 2.034898778314311585e+03
1.623382431612278298e-01 1.921627243519670628e+03
1.668956009978024568e-01 1.828485146833123054e+03
1.715808985610006165e-01 1.754442470568322506e+03
1.763977275314044801e-01 1.695364811287719249e+03
1.813497804196496366e-01 1.644863253855635094e+03
1.864408533970486059e-01 1.595542570986190640e+03
1.916748492056815356e-01 1.540590583203542565e+03
1.970557801501798822e-01 1.475678941154784070e+03
2.025877711735017406e-01 1.400260994089010410e+03
2.082750630190516594e-01 1.317606314876664783e+03
2.141220154815729193e-01 1.233788387787471947e+03
2.201331107493031680e-01 1.155550177055612949e+03
2.263129568399529223e-01 1.088004576797730806e+03
2.326662911331459360e-01 1.033165406595818467e+03
2.391979840020238557e-01 9.893318053150401283e+02
2.459130425468044889e-01 9.518936412845451969e+02
2.528166144331501219e-01 9.151195325931897742e+02
2.599139918382933900e-01 8.744404342401046506e+02
2.672106155079435608e-01 8.284006688852077787e+02
2.747120789270811603e-01 7.790608896822159295e+02
2.824241326078435477e-01 7.307381205423079109e+02
2.903526884977813416e-01 6.875272391320203269e+02
2.985038245118734057e-01 6.512775414334502102e+02
3.068837891917643446e-01 6.207873967234302199e+02
3.154990064958086982e-01 5.928201941195720792e+02
3.243560807235809640e-01 5.641228038366125475e+02
3.334618015786366407e-01 5.334201199755862035e+02
3.428231493733970847e-01 5.019387911656258439e+02
3.524473003801584237e-01 4.721662091551435196e+02
3.623416323323152555e-01 4.458640181619042551e+02
3.725137300800212548e-01 4.228505211928658127e+02
3.829713914046279921e-01 4.014467279314809502e+02
3.937226329963477989e-01 3.800334956558024260e+02
4.047756965997323930e-01 3.583446634651938325e+02
4.161390553316708374e-01 3.373886792638385828e+02
4.278214201767614466e-01 3.182133297401937853e+02
4.398317466650228380e-01 3.008602189743484701e+02
4.521792417370701922e-01 2.845161920365072206e+02
4.648733708020256206e-01 2.685079041857385960e+02
4.779238649935594330e-01 2.529415269537289532e+02
4.913407286296365140e-01 2.383275511099648440e+02
5.051342468816764075e-01 2.248327950296245774e+02
5.193149936590210070e-01 2.121354717052415708e+02
5.338938397147356962e-01 1.999278510968705689e+02
5.488819609789672427e-01 1.882641981096860491e+02
5.642908471262538805e-01 1.773230753282439878e+02
5.801323103833373462e-01 1.670725387741985060e+02
5.964184945842465613e-01 1.573464355417980585e+02
6.131618844795774237e-01 1.480964127912478432e+02
6.303753153071274262e-01 1.393779319118751516e+02
6.480719826311974741e-01 1.311790667837362605e+02
6.662654524581153037e-01 1.234286578873603446e+02
6.849696716357442927e-01 1.160924168975136581e+02
7.041989785449285222e-01 1.091832124567209803e+02
7.239681140910878554e-01 1.026700680763889721e+02
7.442922330043759693e-01 9.652129293807649901e+01
7.651869154570819509e-01 9.072428125013939848e+01
7.866681790071589075e-01 8.526059560422547179e+01
8.087524908770455934e-01 8.010989154426103198e+01
8.314567805772061782e-01 7.525619713823641632e+01
8.547984528840417706e-01 7.068441320825444052e+01
8.787954011821322853e-01 6.637791640278500438e+01
9.034660211810530139e-01 6.232304550062482917e+01
9.288292250172494047e-01 5.850617714422823923e+01
9.549044557518088228e-01 5.491387273584241768e+01
9.817117022752195332e-01 5.153355545354418865e+01
1.009271514630570854e+00 4.835334171289811422e+01
1.037605019766912440e+00 4.536177517068126264e+01
1.066733937734857918e+00 4.254816537655918296e+01
1.096680598336868151e+00 3.990257899272884146e+01
1.127467958244945612e+00 3.741561654332497255e+01
1.159119618598886126e+00 3.507828555074760146e+01
1.191659843098559213e+00 3.288203563772660232e+01
1.225113576604118126e+00 3.081873449793623010e+01
1.259506464258359104e+00 2.888052953285617974e+01
1.294864871145904983e+00 2.706008026009589429e+01
1.331215902504307769e+00 2.535059323826401467e+01
1.368587424502517580e+00 2.374566245113206264e+01
1.407008085602686087e+00 2.223927773762933313e+01
1.446507338521646480e+00 2.082560459193909708e+01
1.487115462808953126e+00 1.949888983357157457e+01
1.528863588058731571e+00 1.825669468865871181e+01
1.571783717773163280e+00 1.709363475560741819e+01
1.615908753895917815e+00 1.600466865120023385e+01
1.661272522034291654e+00 1.498507615828657613e+01
1.707909797389428608e+00 1.403043776559591116e+01
1.755856331414468618e+00 1.313661551098640423e+01
1.805148879221108116e+00 1.229973504509244719e+01
1.855825227755520057e+00 1.151616883762442534e+01
1.907924224765265908e+00 1.078252045352698296e+01
1.961485808579430667e+00 1.009560983083941821e+01
2.016551038724745393e+00 9.452459496443880838e+00
2.073162127401231736e+00 8.850281659952285551e+00
2.131362471841438122e+00 8.286466129789337387e+00
2.191196687578147895e+00 7.758568999092856799e+00
2.252710642645982198e+00 7.264302052389497000e+00
2.315951492743154372e+00 6.801522847128152804e+00
2.380967717380357840e+00 6.368225427078625600e+00
2.447809157044444017e+00 5.962531627341988383e+00
2.516527051405392790e+00 5.582682933283444449e+00
2.587174078595922744e+00 5.227032858099530443e+00
2.659804395593756698e+00 4.894039805979600644e+00
2.734473679737583041e+00 4.582260389926323008e+00
2.811239171408464355e+00 4.290343175270702858e+00
2.890159717909508874e+00 4.017022821762395779e+00
2.971295818577336600e+00 3.761114598843665391e+00
3.054709671159970164e+00 3.521509250332973906e+00
3.140465219496751281e+00 3.297168186258758293e+00
3.228628202536729219e+00 3.087118981001949258e+00
3.319266204733191561e+00 2.890451158233572126e+00
3.412448707852890450e+00 2.706312244376861909e+00
3.508247144239789783e+00 2.533904073487298625e+00
3.606734951574031900e+00 2.372479327533733695e+00
3.707987629168172372e+00 2.221338297084169522e+00
3.812082795843888317e+00 2.079825848355105311e+00
3.919100249433401739e+00 1.947328583477859087e+00
4.029122027951350660e+00 1.823272181672794368e+00
4.142232472483896366e+00 1.707118909806558005e+00
4.258518291843413017e+00 1.598365291541603561e+00
4.378068629038172510e+00 1.496539924974745306e+00
4.500975129608047354e+00 1.401201439305103325e+00
4.627332011878690032e+00 1.311936581674441937e+00
4.757236139187885904e+00 1.228358425887146055e+00
4.890787094139594338e+00 1.150104695245377950e+00
5.028087254942479767e+00 1.076836192229603251e+00
5.169241873891597727e+00 1.008235328217795379e+00
5.314359158053243881e+00 9.440047468702638112e-01
5.463550352214879169e+00 8.838660352130500719e-01
5.616929824163807261e+00 8.275585168329675501e-01
5.774615152359817039e+00 7.748381219532912700e-01
5.936727216069127344e+00 7.254763294923364247e-01
6.103390288028621491e+00 6.792591765191964281e-01
6.274732129711575013e+00 6.359863308130311310e-01
6.450884089267698407e+00 5.954702225058441378e-01
6.631981202212673843e+00 5.575352310447710957e-01
6.818162294944477786e+00 5.220169239497034486e-01
7.009570091165615580e+00 4.887613440665746767e-01
7.206351321293055889e+00 4.576243422268460037e-01
7.408656834939563396e+00 4.284709524205501663e-01
7.616641716552886798e+00 4.011748067745235513e-01
7.830465404301192756e+00 3.756175878000014845e-01
8.050291812295983007e+00 3.516885155352971748e-01
8.276289456246344045e+00 3.292838673605381072e-01
8.508631582640587609e+00 3.083065284030581110e-01
8.747496301554422260e+00 2.886655705846369879e-01
8.993066723187620681e+00 2.702758584859324964e-01
9.245531098233566780e+00 2.530576803196894486e-01
9.505082962189515428e+00 2.369364024131487001e-01
9.771921283717999174e+00 2.218421457019796317e-01
1.004625061717340628e+01 2.077094828334713206e-01
1.032828125941029640e+01 1.944771545660501644e-01
1.061822941099384643e+01 1.820878042358336224e-01
1.091631734193614811e+01 1.704877291392420391e-01
1.122277356208507015e+01 1.596266477540155826e-01
1.153783299629661485e+01 1.494574817896354435e-01
1.186173716452478821e+01 1.399361521224283533e-01
1.219473436696737778e+01 1.310213877308174235e-01
1.253707987440921379e+01 1.226745468025328273e-01
1.288903612390893194e+01 1.148594492383562815e-01
1.325087291997952832e+01 1.075422198263719931e-01
1.362286764141645712e+01 1.006911414069498883e-01
1.400530545393221082e+01 9.427651739199192915e-02
1.439847952876007753e+01 8.827054304251920336e-02
1.480269126739508501e+01 8.264718494664165249e-02
1.521825053264387861e+01 7.738206817549729555e-02
1.564547588616096618e+01 7.245237062802865891e-02
1.608469483265355748e+01 6.783672410662465457e-02
1.653624407094179460e+01 6.351512169483199133e-02
1.700046975206718614e+01 5.946883103565663714e-02
1.747772774464680978e+01 5.568031313455285708e-02
1.796838390767719673e+01 5.213314633514434804e-02
1.847281437099635681e+01 4.881195513814344522e-02
1.899140582361934904e+01 4.570234355492850536e-02
1.952455581016860364e+01 4.279083270689407192e-02
2.007267303562567662e+01 4.006480240009346883e-02
2.063617767863859598e+01 3.751243642192365890e-02
2.121550171362450854e+01 3.512267132273642900e-02
2.181108924191518383e+01 3.288514846036524192e-02
2.242339683219847757e+01 3.079016909970068092e-02
2.305289387051708516e+01 2.882865237268973993e-02
2.370006292009328064e+01 2.699209591653294743e-02
2.436540009125468131e+01 2.527253901946226178e-02
2.504941542174504221e+01 2.366252811435184261e-02
2.575263326771200667e+01 2.215508447059091890e-02
2.647559270567065681e+01 2.074367394417627256e-02
2.721884794575180422e+01 1.942217865490361919e-02
2.798296875655116978e+01 1.818487046789016987e-02
2.876854090190592217e+01 1.702638616448175560e-02
2.957616658993256564e+01 1.594170419492078883e-02
3.040646493467068723e+01 1.492612291200728740e-02
3.126007243068703190e+01 1.397524019140513815e-02
3.213764344100275139e+01 1.308493435025588451e-02
3.303985069871860247e+01 1.225134628139021298e-02
3.396738582272208617e+01 1.147086272569633296e-02
3.492095984787270169e+01 1.074010061013788361e-02
3.590130377007073292e+01 1.005589238353315519e-02
3.690916910662779316e+01 9.415272286532324481e-03
3.794532847236938977e+01 8.815463496278709912e-03
3.901057617190990356e+01 8.253866090031494740e-03
4.010572880855499989e+01 7.728045775577212055e-03
4.123162591029752377e+01 7.235723339580966106e-03
4.238913057338778145e+01 6.774764768140398470e-03
4.357913012397032304e+01 6.343171996719048321e-03
4.480253679829492341e+01 5.939074249363944340e-03
4.606028844202401018e+01 5.560719929666473570e-03
4.735334922917113687e+01 5.206469028317252216e-03
4.868271040122284887e+01 4.874786014344848969e-03
5.004939102700954123e+01 4.564233179224843305e-03
5.145443878390924652e+01 4.273464405008696107e-03
5.289893076098154978e+01 4.001219329459827778e-03
5.438397428464800498e+01 3.746317882905211925e-03
5.591070776755292115e+01 3.507655173121970466e-03
5.748030158125349942e+01 3.284196696087101231e-03
5.909395895340973937e+01 3.074973851830895260e-03
6.075291689016074059e+01 2.879079745957140342e-03
6.245844712439613744e+01 2.695665258631436446e-03
6.421185709064765490e+01 2.523935363998306911e-03
6.601449092734890201e+01 2.363145684073318480e-03
6.786773050723294887e+01 2.212599262172745308e-03
6.977299649665530978e+01 2.071643541894934489e-03
7.173174944465618807e+01 1.939667538558512193e-03
7.374549090259552031e+01 1.816099190836782413e-03
7.581576457522108115e+01 1.700402881108752529e-03
7.794415750404954224e+01 1.592077113778529035e-03
8.013230128396889995e+01 1.490652341499566552e-03
8.238187331399603863e+01 1.395688929881348100e-03
8.469459808314594795e+01 1.306775251856342242e-03
8.707224849239922548e+01 1.223525903447110355e-03
8.951664721378301692e+01 1.145580033199648318e-03
9.202966808760409378e+01 1.072599778041754106e-03
9.461323755890775544e+01 1.004268798786509377e-03
9.726933615426175095e+01 9.402909089328913934e-04
9.999999999999995737e+01 8.803887908199344546e-04
