1.000000000000000048e-04 1.382694670667906394e+02
1.028073223830865281e-04 1.420183761218598022e+02
1.056934553557988362e-04 1.458688281997679042e+02
1.086606113854597351e-04 1.498235677643056647e+02
1.117110650504824041e-04 1.538854099504979160e+02
1.148471547840289439e-04 1.580572361109468318e+02
1.180712846666190141e-04 1.623420044839003253e+02
1.213859262690628250e-04 1.667427744519687565e+02
1.247936205471311189e-04 1.712626842979161381e+02
1.282969797894147957e-04 1.759049307281684094e+02
1.318986896198670199e-04 1.806728041633658393e+02
1.356015110565633925e-04 1.855697013651596023e+02
1.394082826282578376e-04 1.905990943065198735e+02
1.433219225503574155e-04 1.957645345118890532e+02
1.473454309619835539e-04 2.010696914364574468e+02
1.514818922258346051e-04 2.065183375580382688e+02
1.557344772926134557e-04 2.121143085751908757e+02
1.601064461318317826e-04 2.178615444639824830e+02
1.646011502308550778e-04 2.237641271585524123e+02
1.692220351641037391e-04 2.298262316229638600e+02
1.739726432343801689e-04 2.360521102901182360e+02
1.788566161883461665e-04 2.424461423002982201e+02
1.838776980082327715e-04 2.490128398119712188e+02
1.890397377819221208e-04 2.557568451633581788e+02
1.943466926536020897e-04 2.626829172949626354e+02
1.998026308572550618e-04 2.697958820835938809e+02
2.054117348353064979e-04 2.771006923056331743e+02
2.111783044448243749e-04 2.846024830714566178e+02
2.171067602537265953e-04 2.923065288906853993e+02
2.232016469295233991e-04 3.002182325289035134e+02
2.294676367231936914e-04 3.083430783550934962e+02
2.359095330508635614e-04 3.166866506739116289e+02
2.425322741760353111e-04 3.252548048789826680e+02
2.493409369951879494e-04 3.340535859808107375e+02
2.563407409296515377e-04 3.430890189023471635e+02
2.635370519267394326e-04 3.523672754141838368e+02
2.709353865732051759e-04 3.618948240480283403e+02
2.785414163241767813e-04 3.716782753842159650e+02
2.863609718508116210e-04 3.817243297398101163e+02
2.944000475100034728e-04 3.920398436042510184e+02
3.026648059395691654e-04 4.026318463042452436e+02
3.111615827824361444e-04 4.135076032220584921e+02
3.198968915434537695e-04 4.246745738209609726e+02
3.288774285825511105e-04 4.361402871109483499e+02
3.381100782480684795e-04 4.479124507017239694e+02
3.476019181541978613e-04 4.599990509018493867e+02
3.573602246065787046e-04 4.724082501740146540e+02
3.673924781802075296e-04 4.851483498248720707e+02
3.777063694539367416e-04 4.982278322448926815e+02
3.883098049059605528e-04 5.116553763995180475e+02
3.992109129748052884e-04 5.254399329085224508e+02
4.104180502904709654e-04 5.395906681878444715e+02
4.219398080805026588e-04 5.541167785741909029e+02
4.337850187558990231e-04 5.690276710270195508e+02
4.459627626819093779e-04 5.843331453133088189e+02
4.584823751389095932e-04 6.000431794605665345e+02
4.713534534786909978e-04 6.161678450036037020e+02
4.845858644816496185e-04 6.327174556198913251e+02
4.981897519205162042e-04 6.497025794984523372e+02
5.121755443364240474e-04 6.671339738420732601e+02
5.265539630332758715e-04 6.850225957685739786e+02
5.413360302965379654e-04 7.033795989938817002e+02
5.565330778427647921e-04 7.222163573735870159e+02
5.721567555063251324e-04 7.415444768200966337e+02
5.882190401699957617e-04 7.613758033419597950e+02
6.047322449462647380e-04 7.817224238447246307e+02
6.217090286163829381e-04 8.025965613806333749e+02
6.391624053344003523e-04 8.240105766872541153e+02
6.571057546036271476e-04 8.459771341169467860e+02
6.755528315331644270e-04 8.685091678056724049e+02
6.945177773823697038e-04 8.916197823422147621e+02
7.140151304013400355e-04 9.153222542694237518e+02
7.340598369757211656e-04 9.396299728150736428e+02
7.546672630843890076e-04 9.645565775579414094e+02
7.758532060787837713e-04 9.901160118288121339e+02
7.976339067929278130e-04 1.016322295445942814e+03
8.200260619934130737e-04 1.043189521399087198e+03
8.430468371788971344e-04 1.070732185573405104e+03
8.667138797389231696e-04 1.098965028485666608e+03
8.910453324821514341e-04 1.127902483069594155e+03
9.160598475443706154e-04 1.157559182539709809e+03
9.417766006869523988e-04 1.187950560005871694e+03
9.682153059967085751e-04 1.219091964197478092e+03
9.953962309984236857e-04 1.250998220808095311e+03
1.023340212191642049e-03 1.283684651073270516e+03
1.052068671023622922e-03 1.317167126748958708e+03
1.081603630310709867e-03 1.351461143388639812e+03
1.111967731120699519e-03 1.386582047833348497e+03
1.143184250129150028e-03 1.422545706627199479e+03
1.175277117462945366e-03 1.459368094829076881e+03
1.208270935044776636e-03 1.497064807619057092e+03
1.242190995452617476e-03 1.535651514341783013e+03
1.277063301308643990e-03 1.575144137053492386e+03
1.312914585212465604e-03 1.615558826379772199e+03
1.349772330233942573e-03 1.656911674823894600e+03
1.387664790981308705e-03 1.699215823851875939e+03
1.426621015260737648e-03 1.742484926386969846e+03
1.466670866343968349e-03 1.786747223382528318e+03
1.507845045861051347e-03 1.832027132701220125e+03
1.550175117335769997e-03 1.878318027230266352e+03
1.593693530381775150e-03 1.925621074115682859e+03
1.638433645577984637e-03 1.973964663699242237e+03
1.684429760042315850e-03 2.023369926921567185e+03
1.731717133723354026e-03 2.073846766706102699e+03
1.780332016430114135e-03 2.125408619009958329e+03
1.830311675620612021e-03 2.178070371107968185e+03
1.881694424970556086e-03 2.231839731089969973e+03
1.934519653744045872e-03 2.286724845210339481e+03
1.988827856988810081e-03 2.342745218246338936e+03
2.044660666579116784e-03 2.399917087738670944e+03
2.102060883130158625e-03 2.458245873261439101e+03
2.161072508808377368e-03 2.517737984342544223e+03
2.221740781062885202e-03 2.578402453149131361e+03
2.284112207303824749e-03 2.640249134680165298e+03
2.348234600554276272e-03 2.703287185514811881e+03
2.414157116103019234e-03 2.767519380436094252e+03
2.481930289186255051e-03 2.832946971167466018e+03
2.551606073727184613e-03 2.899575677085897951e+03
2.623237882163122550e-03 2.967409486801016556e+03
2.696880626390694112e-03 3.036447636567018890e+03
2.772590759860483686e-03 3.106689225971824271e+03
2.850426320853435488e-03 3.178133681150519351e+03
2.930446976972143555e-03 3.250777565871360366e+03
3.012714070881164757e-03 3.324615059879115961e+03
3.097290667331408388e-03 3.399639663475353700e+03
3.184241601504654226e-03 3.475843249458974697e+03
3.273633528715246682e-03 3.553214650955581874e+03
3.365534975507094694e-03 3.631740859201446256e+03
3.460016392185110562e-03 3.711407432641348350e+03
3.557150206821386215e-03 3.792197523077680671e+03
3.657010880777490907e-03 3.874091654389273572e+03
3.759674965785466966e-03 3.957068213842563637e+03
3.865221162631264206e-03 4.041103214047600432e+03
3.973730381485608698e-03 4.126169110786529927e+03
4.085285803928562741e-03 4.212235487077869948e+03
4.199972946715305709e-03 4.299269512082754773e+03
4.317879727332022029e-03 4.387235311236836424e+03
4.439096531392168997e-03 4.476093367615011630e+03
4.563716281924761094e-03 4.565801173016557186e+03
4.691834510607797992e-03 4.656313169687434311e+03
4.823549431001468782e-03 4.747579811272453298e+03
4.958962013837215146e-03 4.839547783450929273e+03
5.098176064420424994e-03 4.932160524659610928e+03
5.241298302206058926e-03 5.025357756472078108e+03
5.388438442608223244e-03 5.119074196162448061e+03
5.539709281106404079e-03 5.213240859711937446e+03
5.695226779712823234e-03 5.307785393248959736e+03
5.855110155867242032e-03 5.402630123457351146e+03
6.019481973827276768e-03 5.497691584238629730e+03
6.188468238624385796e-03 5.592881993617624175e+03
6.362198492657489789e-03 5.688109224691598683e+03
6.540805914998253610e-03 5.783275553764313372e+03
6.724427423484249239e-03 5.878278313940320004e+03
6.913203779678128193e-03 5.973009568565338668e+03
7.107279696773417810e-03 6.067355695322591600e+03
7.306803950529504668e-03 6.161196284017193648e+03
7.511929493320966197e-03 6.254410796427231617e+03
7.722813571388646714e-03 6.346877140175691238e+03
7.939617845382279313e-03 6.438433689838559985e+03
8.162508514287231468e-03 6.528912323835262214e+03
8.391656442830155299e-03 6.618296790630113719e+03
8.627237292461452031e-03 6.706557099823873614e+03
8.869431656014713575e-03 6.793377682957196157e+03
9.118425196146570655e-03 6.878474552174165183e+03
9.374408787662998066e-03 6.961769834536230519e+03
9.637578663841087079e-03 7.043104154977413600e+03
9.908136566858672528e-03 7.122205743447684654e+03
1.018628990244687879e-02 7.199047254165289814e+03
1.047225189888434729e-02 7.273628168266042849e+03
1.076624177045493527e-02 7.344887546352118989e+03
1.106848488549412070e-02 7.411890297063300750e+03
1.137921293915315074e-02 7.475850312980573108e+03
1.169866413101306943e-02 7.537589358357689889e+03
1.202708334768511945e-02 7.596045013342193670e+03
1.236472235053715993e-02 7.650364255892426627e+03
1.271183996869028332e-02 7.700302214546948562e+03
1.306870229743346996e-02 7.746364638285564979e+03
1.343558290220825575e-02 7.789271980019169860e+03
1.381276302832009847e-02 7.827623986973182582e+03
1.420053181653682141e-02 7.859759611760070584e+03
1.459918652473978819e-02 7.886422299938037213e+03
1.500903275579736421e-02 7.908010487115049727e+03
1.543038469183564444e-02 7.923041720663578417e+03
1.586356533508591002e-02 7.931302506322103000e+03
1.630890675549331870e-02 7.934302589957165765e+03
1.676675034527700184e-02 7.931821326218570903e+03
1.723744708063620554e-02 7.922552580184003091e+03
1.772135779080359283e-02 7.906911982504573643e+03
1.821885343465167589e-02 7.885538120782984151e+03
1.873031538506437013e-02 7.857126528278437036e+03
1.925613572129198509e-02 7.820704571712868528e+03
1.979671752951332395e-02 7.776922306411333011e+03
2.035247521183577296e-02 7.726135711281154727e+03
2.092383480396978190e-02 7.668101469067913968e+03
2.151123430182166549e-02 7.602751167822915704e+03
2.211512399725490061e-02 7.530173358234176703e+03
2.273596682327716154e-02 7.450445981523569571e+03
2.337423870891815886e-02 7.363667296196510506e+03
2.403042894406967958e-02 7.269998258959534724e+03
2.470504055456825693e-02 7.169647149738510961e+03
2.539859068780726467e-02 7.062869745769841757e+03
2.611161100917459149e-02 6.949974486335982874e+03
2.684464810961964890e-02 6.831319931100724716e+03
2.759826392466179640e-02 6.707319684366104411e+03
2.837303616516213128e-02 6.578440477661251862e+03
2.916955876018797328e-02 6.445199559400004546e+03
2.998844231231028931e-02 6.308164262496407900e+03
3.083031456568277942e-02 6.167947436393088537e+03
3.169582088726115993e-02 6.025204126847175758e+03
3.258562476153226140e-02 5.880626675616254033e+03
3.350040829913133317e-02 5.734938005063215314e+03
3.444087275973822804e-02 5.588883529725653716e+03
3.540773908965272332e-02 5.443221028883453982e+03
3.640174847446139839e-02 5.298714768482688669e+03
3.742366290721982347e-02 5.156120196257803400e+03
3.847426577258503816e-02 5.016173346802306696e+03
3.955436244734702317e-02 4.879576835741549985e+03
4.066478091781854792e-02 4.746993514436710029e+03
4.180637241455758407e-02 4.619022532750706887e+03
4.298001206490798670e-02 4.496189666664306060e+03
4.418659956385941057e-02 4.378937449155233480e+03
4.542705986374045990e-02 4.267603914033235014e+03
4.670234388327333674e-02 4.162413444913557214e+03
4.801342923653453137e-02 4.063460513393516976e+03
4.936132098237919208e-02 3.970700590669027861e+03
5.074705239490467923e-02 3.883937839871150118e+03
5.217168575554350513e-02 3.802816061603326489e+03
5.363631316739241039e-02 3.726813126127497071e+03
5.514205739240302800e-02 3.655238749236033527e+03
5.669007271207433807e-02 3.587262411087556757e+03
5.828154581230844677e-02 3.521774714695903185e+03
5.991769669310622465e-02 3.458673416588433611e+03
6.159977960380166873e-02 3.394781005953368094e+03
6.332908400455118658e-02 3.329817986964778811e+03
6.510693555481457395e-02 3.262387720056988655e+03
6.693469712958663442e-02 3.191224186848060981e+03
6.881376986415664587e-02 3.115197897074692264e+03
7.074559422819878818e-02 3.033385800197034314e+03
7.273165113001461846e-02 2.945164069718480278e+03
7.477346305177587360e-02 2.850245094704740950e+03
7.687259521663733497e-02 2.748537415086128931e+03
7.903065678861345700e-02 2.640989840370080401e+03
8.124930210614052239e-02 2.528723925115643397e+03
8.353023195026774983e-02 2.413306243663967052e+03
8.587519484845174134e-02 2.296655975375207618e+03
8.828598841495152727e-02 2.180947047317793931e+03
9.076446072885357985e-02 2.068454329481770401e+03
9.331251175078249249e-02 1.961387196587917288e+03
9.593209477938241525e-02 1.861739821764169847e+03
9.862521794868782388e-02 1.771121552255534880e+03
1.013939457675292477e-01 1.690623347002365108e+03
1.042404007021556500e-01 1.620724058422478493e+03
1.071667648032863795e-01 1.561215931277527488e+03
1.101752813788386687e-01 1.511175532329100861e+03
1.132682567136154145e-01 1.468978520170177035e+03
1.164480618372685794e-01 1.432394626320227871e+03
1.197171343418966943e-01 1.398733577119351821e+03
1.230779802506665743e-01 1.365084024353413497e+03
1.265331759388942934e-01 1.328643391116257817e+03
1.300853701090571579e-01 1.287097294726417886e+03
1.337372858212496074e-01 1.239020134040834137e+03
1.374917225806419896e-01 1.184155541559809080e+03
1.413515584835395023e-01 1.123517760199105624e+03
1.453197524236895799e-01 1.059287531582744350e+03
1.493993463605258198e-01 9.944612186115281247e+02
1.535934676510897212e-01 9.323277499081464157e+02
1.579053314474175851e-01 8.758386591268508710e+02
1.623382431612278298e-01 8.270863974993144438e+02
1.668956009978024568e-01 7.869981736542150657e+02
1.715808985610006165e-01 7.551303803093512670e+02
1.763977275314044801e-01 7.297036493175534133e+02
1.813497804196496366e-01 7.079679455406435409e+02
1.864408533970486059e-01 6.867406217405631423e+02
1.916748492056815356e-01 6.630891340867846111e+02
1.970557801501798822e-01 6.351508503264539058e+02
2.025877711735017406e-01 6.026906083916080661e+02
2.082750630190516594e-01 5.671154354651589529e+02
2.141220154815729193e-01 5.310395726884113401e+02
2.201331107493031680e-01 4.973650462242796380e+02
2.263129568399529223e-01 4.682928418282580196e+02
2.326662911331459360e-01 4.446895181146161349e+02
2.391979840020238557e-01 4.258233085946420147e+02
2.459130425468044889e-01 4.097095779051142586e+02
2.528166144331501219e-01 3.938816050397571189e+02
2.599139918382933900e-01 3.763729356026459527e+02
2.672106155079435608e-01 3.565569483701377749e+02
2.747120789270811603e-01 3.353204478462753855e+02
2.824241326078435477e-01 3.145217080303892203e+02
2.903526884977813416e-01 2.959231821884346232e+02
2.985038245118734057e-01 2.803208098336019702e+02
3.068837891917643446e-01 2.671974150313227483e+02
3.154990064958086982e-01 2.551599504128355989e+02
3.243560807235809640e-01 2.428082156203129784e+02
3.334618015786366407e-01 2.295933437056998514e+02
3.428231493733970847e-01 2.160433027181953491e+02
3.524473003801584237e-01 2.032286945491832739e+02
3.623416323323152555e-01 1.919078459369980294e+02
3.725137300800212548e-01 1.820024553124881663e+02
3.829713914046279921e-01 1.727899563637185452e+02
3.937226329963477989e-01 1.635733504437341992e+02
4.047756965997323930e-01 1.542381122835458882e+02
4.161390553316708374e-01 1.452183167284754575e+02
4.278214201767614466e-01 1.369649304752311139e+02
4.398317466650228380e-01 1.294958399178761113e+02
4.521792417370701922e-01 1.224610845552374059e+02
4.648733708020256206e-01 1.155708551327135041e+02
4.779238649935594330e-01 1.088708132166371314e+02
4.913407286296365140e-01 1.025806825669372984e+02
5.051342468816764075e-01 9.677230117323161096e+01
5.193149936590210070e-01 9.130715815168056793e+01
5.338938397147356962e-01 8.605277754964009773e+01
5.488819609789672427e-01 8.103252888595669390e+01
5.642908471262538805e-01 7.632325678759301013e+01
5.801323103833373462e-01 7.191125357060823831e+01
5.964184945842465613e-01 6.772495454928252911e+01
6.131618844795774237e-01 6.374357300052398045e+01
6.303753153071274262e-01 5.999098393406239182e+01
6.480719826311974741e-01 5.646203138255455656e+01
6.662654524581153037e-01 5.312612209232199945e+01
6.849696716357442927e-01 4.996845908609408582e+01
7.041989785449285222e-01 4.699459659601996719e+01
7.239681140910878554e-01 4.419121010984501652e+01
7.442922330043759693e-01 4.154467057366633753e+01
7.651869154570819509e-01 3.904952083932167994e+01
7.866681790071589075e-01 3.669784833555176107e+01
8.087524908770455934e-01 3.448089041232010743e+01
8.314567805772061782e-01 3.239176851365523646e+01
8.547984528840417706e-01 3.042398356803430559e+01
8.787954011821322853e-01 2.857037733902286547e+01
9.034660211810530139e-01 2.682508488713067862e+01
9.288292250172494047e-01 2.518222936774163756e+01
9.549044557518088228e-01 2.363603041558314644e+01
9.817117022752195332e-01 2.218107630721133461e+01
1.009271514630570854e+00 2.081224886320719492e+01
1.037605019766912440e+00 1.952462003179248740e+01
1.066733937734857918e+00 1.831358766644654423e+01
1.096680598336868151e+00 1.717487585724540011e+01
1.127467958244945612e+00 1.610443742782213050e+01
1.159119618598886126e+00 1.509840275879600568e+01
1.191659843098559213e+00 1.415309344688869686e+01
1.225113576604118126e+00 1.326500831098258715e+01
1.259506464258359104e+00 1.243076548098815870e+01
1.294864871145904983e+00 1.164720551129493487e+01
1.331215902504307769e+00 1.091140950561793233e+01
1.368587424502517580e+00 1.022061676827742005e+01
1.407008085602686087e+00 9.572237015675764127e+00
1.446507338521646480e+00 8.963765142961234389e+00
1.487115462808953126e+00 8.392721630630433083e+00
1.528863588058731571e+00 7.858056881885508993e+00
1.571783717773163280e+00 7.357453359776191526e+00
1.615908753895917815e+00 6.888741167815672917e+00
1.661272522034291654e+00 6.449888644431990059e+00
1.707909797389428608e+00 6.038993556607071156e+00
1.755856331414468618e+00 5.654274854531758265e+00
1.805148879221108116e+00 5.294064951536812558e+00
1.855825227755520057e+00 4.956802495836834410e+00
1.907924224765265908e+00 4.641025602755758150e+00
1.961485808579430667e+00 4.345365518098597946e+00
2.016551038724745393e+00 4.068540685202939322e+00
2.073162127401231736e+00 3.809351189953453787e+00
2.131362471841438122e+00 3.566673559681013739e+00
2.191196687578147895e+00 3.339455893401907627e+00
2.252710642645982198e+00 3.126713302288901541e+00
2.315951492743154372e+00 2.927523640610567579e+00
2.380967717380357840e+00 2.741023508634392147e+00
2.447809157044444017e+00 2.566404510167996200e+00
2.516527051405392790e+00 2.402909748516555588e+00
2.587174078595922744e+00 2.249830545667928394e+00
2.659804395593756698e+00 2.106503370484608784e+00
2.734473679737583041e+00 1.972306962587556889e+00
2.811239171408464355e+00 1.846659639465209057e+00
2.890159717909508874e+00 1.729016775135167050e+00
2.971295818577336600e+00 1.618868439429677730e+00
3.054709671159970164e+00 1.515737187672225872e+00
3.140465219496751281e+00 1.419175991164480566e+00
3.228628202536729219e+00 1.328766299513145510e+00
3.319266204733191561e+00 1.244116226397762759e+00
3.412448707852890450e+00 1.164858850915564403e+00
3.508247144239789783e+00 1.090650627140449025e+00
3.606734951574031900e+00 1.021169895002220995e+00
3.707987629168172372e+00 9.561154860314055037e-01
3.812082795843888317e+00 8.952054179261542677e-01
3.919100249433401739e+00 8.381756722827700123e-01
4.029122027951350660e+00 7.847790501918364692e-01
4.142232472483896366e+00 7.347841007394760870e-01
4.258518291843413017e+00 6.879741177692525467e-01
4.378068629038172510e+00 6.441462005561233717e-01
4.500975129608047354e+00 6.031103743208776624e-01
4.627332011878690032e+00 5.646887667728732740e-01
4.757236139187885904e+00 5.287148371117484924e-01
4.890787094139594338e+00 4.950326541461694263e-01
5.028087254942479767e+00 4.634962204005747544e-01
5.169241873891597727e+00 4.339688392802170114e-01
5.314359158053243881e+00 4.063225225514379146e-01
5.463550352214879169e+00 3.804374355688674436e-01
5.616929824163807261e+00 3.562013778448472334e-01
5.774615152359817039e+00 3.335092967095760752e-01
5.936727216069127344e+00 3.122628319539079711e-01
6.103390288028621491e+00 2.923698894810293769e-01
6.274732129711575013e+00 2.737442421189811848e-01
6.450884089267698407e+00 2.563051558637253757e-01
6.631981202212673843e+00 2.399770399326822401e-01
6.818162294944477786e+00 2.246891191118744746e-01
7.009570091165615580e+00 2.103751269764478626e-01
7.206351321293055889e+00 1.969730186548121209e-01
7.408656834939563396e+00 1.844247018913626746e-01
7.616641716552886798e+00 1.726757852420568451e-01
7.830465404301192756e+00 1.616753423113835575e-01
8.050291812295983007e+00 1.513756910087974139e-01
8.276289456246344045e+00 1.417321868677898777e-01
8.508631582640587609e+00 1.327030295317275510e-01
8.747496301554422260e+00 1.242490815676578902e-01
8.993066723187620681e+00 1.163336988227199470e-01
9.245531098233566780e+00 1.089225715878297390e-01
9.505082962189515428e+00 1.019835758801544423e-01
9.771921283717999174e+00 9.548663419975035593e-02
1.004625061717340628e+01 8.940358515680560392e-02
1.032828125941029640e+01 8.370806140437912768e-02
1.061822941099384643e+01 7.837537534752785084e-02
1.091631734193614811e+01 7.338241213342117097e-02
1.122277356208507015e+01 6.870752945860222893e-02
1.153783299629661485e+01 6.433046375910415893e-02
1.186173716452478821e+01 6.023224237679645349e-02
1.219473436696737778e+01 5.639510132124183478e-02
1.253707987440921379e+01 5.280240827059654030e-02
1.288903612390893194e+01 4.943859047779732702e-02
1.325087291997952832e+01 4.628906726953988665e-02
1.362286764141645712e+01 4.334018684546148137e-02
1.400530545393221082e+01 4.057916710357994255e-02
1.439847952876007753e+01 3.799404023549339537e-02
1.480269126739508501e+01 3.557360085118502213e-02
1.521825053264387861e+01 3.330735740857695276e-02
1.564547588616096618e+01 3.118548673730145784e-02
1.608469483265355748e+01 2.919879145957007469e-02
1.653624407094179460e+01 2.733866012357891173e-02
1.700046975206718614e+01 2.559702987664574589e-02
1.747772774464680978e+01 2.396635151628349891e-02
1.796838390767719673e+01 2.243955676772185770e-02
1.847281437099635681e+01 2.101002764603927472e-02
1.899140582361934904e+01 1.967156777010392599e-02
1.952455581016860364e+01 1.841837550398186737e-02
2.007267303562567662e+01 1.724501880939239076e-02
2.063617767863859598e+01 1.614641170020691269e-02
2.121550171362450854e+01 1.511779219693205195e-02
2.181108924191518383e+01 1.415470168561915563e-02
2.242339683219847757e+01 1.325296559173033163e-02
2.305289387051708516e+01 1.240867528519059432e-02
2.370006292009328064e+01 1.161817113819251825e-02
2.436540009125468131e+01 1.087802666231638647e-02
2.504941542174504221e+01 1.018503365620722356e-02
2.575263326771200667e+01 9.536188299430438040e-03
2.647559270567065681e+01 8.928678132229016587e-03
2.721884794575180422e+01 8.359869864745236162e-03
2.798296875655116978e+01 7.827297962865235881e-03
2.876854090190592217e+01 7.328653961211071752e-03
2.957616658993256564e+01 6.861776456956819592e-03
3.040646493467068723e+01 6.424641741096227820e-03
3.126007243068703190e+01 6.015355026552670660e-03
3.213764344100275139e+01 5.632142235109030906e-03
3.303985069871860247e+01 5.273342307557512751e-03
3.396738582272208617e+01 4.937400003737240327e-03
3.492095984787270169e+01 4.622859161250955293e-03
3.590130377007073292e+01 4.328356383640332393e-03
3.690916910662779316e+01 4.052615130660908171e-03
3.794532847236938977e+01 3.794440185040564521e-03
3.901057617190990356e+01 3.552712471737392175e-03
4.010572880855499989e+01 3.326384207240699799e-03
4.123162591029752377e+01 3.114474357889501343e-03
4.238913057338778145e+01 2.916064387522306674e-03
4.357913012397032304e+01 2.730294276026123696e-03
4.480253679829492341e+01 2.556358791526852636e-03
4.606028844202401018e+01 2.393504000062630314e-03
4.735334922917113687e+01 2.241023997611109580e-03
4.868271040122284887e+01 2.098257850305436812e-03
5.004939102700954123e+01 1.964586729576110833e-03
5.145443878390924652e+01 1.839431229800822130e-03
5.289893076098154978e+01 1.722248856835456761e-03
5.438397428464800498e+01 1.612531676540154358e-03
5.591070776755292115e+01 1.509804113107812620e-03
5.748030158125349942e+01 1.413620887651756766e-03
5.909395895340973937e+01 1.323565088117257919e-03
6.075291689016074059e+01 1.239246362150814599e-03
6.245844712439613744e+01 1.160299225094076894e-03
6.421185709064765490e+01 1.086381475768312963e-03
6.601449092734890201e+01 1.017172713182537330e-03
6.786773050723294887e+01 9.523729477358803836e-04
6.977299649665530978e+01 8.917013008943755568e-04
7.173174944465618807e+01 8.348947877058281695e-04
7.374549090259552031e+01 7.817071768755075962e-04
7.581576457522108115e+01 7.319079234615881880e-04
7.794415750404954224e+01 6.852811695640428609e-04
8.013230128396889995e+01 6.416248086754159459e-04
8.238187331399603863e+01 6.007496096378442526e-04
8.469459808314594795e+01 5.624783964090667495e-04
8.707224849239922548e+01 5.266452800820676291e-04
8.951664721378301692e+01 4.930949398294946296e-04
9.202966808760409378e+01 4.616819496560642085e-04
9.461323755890775544e+01 4.322701480407180915e-04
9.726933615426175095e+01 4.047320477362091780e-04
9.999999999999995737e+01 3.789482831678560705e-04
