1.000000000000000048e-04 4.023871109037406057e+01
1.028073223830865281e-04 4.132975541122398511e+01
1.056934553557988362e-04 4.245035914107941721e+01
1.086606113854597351e-04 4.360132129566821391e+01
1.117110650504824041e-04 4.478345915426109514e+01
1.148471547840289439e-04 4.599761047665538172e+01
1.180712846666190141e-04 4.724463606561113949e+01
1.213859262690628250e-04 4.852542615702348883e+01
1.247936205471311189e-04 4.984089616220327201e+01
1.282969797894147957e-04 5.119198420648062609e+01
1.318986896198670199e-04 5.257964969021660551e+01
1.356015110565633925e-04 5.400487243264880988e+01
1.394082826282578376e-04 5.546866332042562675e+01
1.433219225503574155e-04 5.697206460712502718e+01
1.473454309619835539e-04 5.851614144956728580e+01
1.514818922258346051e-04 6.010198597421886291e+01
1.557344772926134557e-04 6.173072573180377276e+01
1.601064461318317826e-04 6.340351647767925414e+01
1.646011502308550778e-04 6.512153456972232846e+01
1.692220351641037391e-04 6.688599173497014760e+01
1.739726432343801689e-04 6.869814088440220701e+01
1.788566161883461665e-04 7.055926424988325607e+01
1.838776980082327715e-04 7.247067347685455729e+01
1.890397377819221208e-04 7.443371336449436626e+01
1.943466926536020897e-04 7.644976354277444841e+01
1.998026308572550618e-04 7.852024066018638848e+01
2.054117348353064979e-04 8.064659799085794134e+01
2.111783044448243749e-04 8.283032484189010347e+01
2.171067602537265953e-04 8.507295353797989890e+01
2.232016469295233991e-04 8.737606318590313492e+01
2.294676367231936914e-04 8.974126785970291564e+01
2.359095330508635614e-04 9.217021663656771580e+01
2.425322741760353111e-04 9.466459694145775927e+01
2.493409369951879494e-04 9.722613845112314834e+01
2.563407409296515377e-04 9.985662076017902677e+01
2.635370519267394326e-04 1.025578729777418090e+02
2.709353865732051759e-04 1.053317765670693973e+02
2.785414163241767813e-04 1.081802518062615235e+02
2.863609718508116210e-04 1.111052514317255060e+02
2.944000475100034728e-04 1.141087859624027345e+02
3.026648059395691654e-04 1.171929255744614693e+02
3.111615827824361444e-04 1.203597854419667783e+02
3.198968915434537695e-04 1.236115279845729020e+02
3.288774285825511105e-04 1.269503616896143399e+02
3.381100782480684795e-04 1.303785546363154140e+02
3.476019181541978613e-04 1.338984517984822560e+02
3.573602246065787046e-04 1.375124405296472787e+02
3.673924781802075296e-04 1.412229350738861058e+02
3.777063694539367416e-04 1.450324179636496922e+02
3.883098049059605528e-04 1.489434442306044843e+02
3.992109129748052884e-04 1.529586294459174667e+02
4.104180502904709654e-04 1.570806464349126372e+02
4.219398080805026588e-04 1.613122073337382290e+02
4.337850187558990231e-04 1.656560881100169240e+02
4.459627626819093779e-04 1.701151535094365386e+02
4.584823751389095932e-04 1.746923194588084129e+02
4.713534534786909978e-04 1.793905358937066978e+02
4.845858644816496185e-04 1.842128265316205500e+02
4.981897519205162042e-04 1.891622925820926184e+02
5.121755443364240474e-04 1.942420964580554994e+02
5.265539630332758715e-04 1.994554632846830771e+02
5.413360302965379654e-04 2.048056771784754631e+02
5.565330778427647921e-04 2.102960844823145123e+02
5.721567555063251324e-04 2.159300894688348649e+02
5.882190401699957617e-04 2.217111592659917676e+02
6.047322449462647380e-04 2.276428227168651119e+02
6.217090286163829381e-04 2.337286725484296142e+02
6.391624053344003523e-04 2.399723662461253753e+02
6.571057546036271476e-04 2.463776302816213502e+02
6.755528315331644270e-04 2.529482550199178377e+02
6.945177773823697038e-04 2.596880682355902650e+02
7.140151304013400355e-04 2.666009564332934474e+02
7.340598369757211656e-04 2.736908787055508014e+02
7.546672630843890076e-04 2.809618409969144182e+02
7.758532060787837713e-04 2.884178785067157946e+02
7.976339067929278130e-04 2.960630961303033928e+02
8.200260619934130737e-04 3.039016717303993005e+02
8.430468371788971344e-04 3.119378396170007477e+02
8.667138797389231696e-04 3.201758779527695538e+02
8.910453324821514341e-04 3.286200488882317359e+02
9.160598475443706154e-04 3.372746518807294365e+02
9.417766006869523988e-04 3.461440698842475854e+02
9.682153059967085751e-04 3.552327429116496091e+02
9.953962309984236857e-04 3.645451578378480804e+02
1.023340212191642049e-03 3.740857805401425367e+02
1.052068671023622922e-03 3.838590508053537746e+02
1.081603630310709867e-03 3.938694854297480106e+02
1.111967731120699519e-03 4.041216581274949817e+02
1.143184250129150028e-03 4.146201450268844155e+02
1.175277117462945366e-03 4.253695219583100311e+02
1.208270935044776636e-03 4.363743351169137554e+02
1.242190995452617476e-03 4.476391420950198494e+02
1.277063301308643990e-03 4.591685276025747271e+02
1.312914585212465604e-03 4.709671726558176488e+02
1.349772330233942573e-03 4.830397848321677543e+02
1.387664790981308705e-03 4.953902624191560449e+02
1.426621015260737648e-03 5.080225977714731584e+02
1.466670866343968349e-03 5.209445254845957152e+02
1.507845045861051347e-03 5.341628367167985516e+02
1.550175117335769997e-03 5.476764844194201487e+02
1.593693530381775150e-03 5.614864114721315218e+02
1.638433645577984637e-03 5.756004722879633846e+02
1.684429760042315850e-03 5.900245702237020851e+02
1.731717133723354026e-03 6.047616499773710075e+02
1.780332016430114135e-03 6.198157244658351601e+02
1.830311675620612021e-03 6.351912713955761092e+02
1.881694424970556086e-03 6.508908160431091119e+02
1.934519653744045872e-03 6.669169364346780640e+02
1.988827856988810081e-03 6.832750757923478204e+02
2.044660666579116784e-03 6.999697978242895715e+02
2.102060883130158625e-03 7.170028448928982243e+02
2.161072508808377368e-03 7.343763600825691356e+02
2.221740781062885202e-03 7.520933009893344661e+02
2.284112207303824749e-03 7.701564399610784903e+02
2.348234600554276272e-03 7.885681527386083189e+02
2.414157116103019234e-03 8.073295755283056678e+02
2.481930289186255051e-03 8.264414736579523151e+02
2.551606073727184613e-03 8.459053157978762556e+02
2.623237882163122550e-03 8.657220960160536833e+02
2.696880626390694112e-03 8.858917383082228980e+02
2.772590759860483686e-03 9.064141182145910989e+02
2.850426320853435488e-03 9.272891498060341746e+02
2.930446976972143555e-03 9.485158498690254874e+02
3.012714070881164757e-03 9.700924795637509988e+02
3.097290667331408388e-03 9.920169915307438941e+02
3.184241601504654226e-03 1.014286909962681989e+03
3.273633528715246682e-03 1.036899196067438879e+03
3.365534975507094694e-03 1.059850198601906186e+03
3.460016392185110562e-03 1.083135556698974142e+03
3.557150206821386215e-03 1.106750254693010902e+03
3.657010880777490907e-03 1.130688612870242196e+03
3.759674965785466966e-03 1.154944401919346092e+03
3.865221162631264206e-03 1.179510734981749920e+03
3.973730381485608698e-03 1.204379601604019854e+03
4.085285803928562741e-03 1.229542166771195070e+03
4.199972946715305709e-03 1.254989060405342343e+03
4.317879727332022029e-03 1.280709973753233498e+03
4.439096531392168997e-03 1.306693353069724935e+03
4.563716281924761094e-03 1.332926780078777938e+03
4.691834510607797992e-03 1.359396988453981066e+03
4.823549431001468782e-03 1.386089622566255002e+03
4.958962013837215146e-03 1.412989219769300007e+03
5.098176064420424994e-03 1.440078989008805138e+03
5.241298302206058926e-03 1.467341063130839757e+03
5.388438442608223244e-03 1.494756722945228375e+03
5.539709281106404079e-03 1.522306017864030764e+03
5.695226779712823234e-03 1.549967431140451708e+03
5.855110155867242032e-03 1.577718187585860505e+03
6.019481973827276768e-03 1.605534238024447859e+03
6.188468238624385796e-03 1.633389945756553516e+03
6.362198492657489789e-03 1.661258186463177253e+03
6.540805914998253610e-03 1.689110431617944869e+03
6.724427423484249239e-03 1.716916762409546664e+03
6.913203779678128193e-03 1.744645565779546587e+03
7.107279696773417810e-03 1.772263508594098539e+03
7.306803950529504668e-03 1.799735235301688363e+03
7.511929493320966197e-03 1.827025466430240385e+03
7.722813571388646714e-03 1.854098614546833005e+03
7.939617845382279313e-03 1.880907537774307912e+03
8.162508514287231468e-03 1.907403091985841684e+03
8.391656442830155299e-03 1.933579885868118936e+03
8.627237292461452031e-03 1.959428686810075305e+03
8.869431656014713575e-03 1.984858411664800769e+03
9.118425196146570655e-03 2.009786706629655555e+03
9.374408787662998066e-03 2.034189652775890409e+03
9.637578663841087079e-03 2.058020119792151945e+03
9.908136566858672528e-03 2.081199116456567481e+03
1.018628990244687879e-02 2.103718636781519763e+03
1.047225189888434729e-02 2.125578227960862932e+03
1.076624177045493527e-02 2.146468024285416959e+03
1.106848488549412070e-02 2.166114852203846567e+03
1.137921293915315074e-02 2.184872607711100500e+03
1.169866413101306943e-02 2.202980859623358810e+03
1.202708334768511945e-02 2.220129470472886169e+03
1.236472235053715993e-02 2.236069328518378825e+03
1.271183996869028332e-02 2.250728714921848677e+03
1.306870229743346996e-02 2.264255165248667254e+03
1.343558290220825575e-02 2.276858907392481797e+03
1.381276302832009847e-02 2.288130323740906533e+03
1.420053181653682141e-02 2.297583676014629873e+03
1.459918652473978819e-02 2.305436597329973210e+03
1.500903275579736421e-02 2.311805941005679415e+03
1.543038469183564444e-02 2.316258542908631171e+03
1.586356533508591002e-02 2.318731534468250175e+03
1.630890675549331870e-02 2.319665155224168302e+03
1.676675034527700184e-02 2.318994781936167328e+03
1.723744708063620554e-02 2.316339031420504398e+03
1.772135779080359283e-02 2.311818874364069416e+03
1.821885343465167589e-02 2.305620427425558319e+03
1.873031538506437013e-02 2.297363106834218797e+03
1.925613572129198509e-02 2.286762937057091222e+03
1.979671752951332395e-02 2.274008916969613438e+03
2.035247521183577296e-02 2.259204727071497473e+03
2.092383480396978190e-02 2.242279782640165649e+03
2.151123430182166549e-02 2.223213855762835465e+03
2.211512399725490061e-02 2.202032146171780823e+03
2.273596682327716154e-02 2.178757684064069508e+03
2.337423870891815886e-02 2.153419587180837880e+03
2.403042894406967958e-02 2.126064490286961245e+03
2.470504055456825693e-02 2.096753113110035429e+03
2.539859068780726467e-02 2.065560563608473785e+03
2.611161100917459149e-02 2.032576889089226597e+03
2.684464810961964890e-02 1.997906745924585266e+03
2.759826392466179640e-02 1.961671252510617933e+03
2.837303616516213128e-02 1.924007039775741760e+03
2.916955876018797328e-02 1.885065236707584290e+03
2.998844231231028931e-02 1.845011414052412647e+03
3.083031456568277942e-02 1.804025050392725461e+03
3.169582088726115993e-02 1.762298011692175805e+03
3.258562476153226140e-02 1.720032684015720861e+03
3.350040829913133317e-02 1.677440450390629167e+03
3.444087275973822804e-02 1.634739974401058817e+03
3.540773908965272332e-02 1.592152367713034209e+03
3.640174847446139839e-02 1.549900999524496001e+03
3.742366290721982347e-02 1.508207596268561247e+03
3.847426577258503816e-02 1.467287180698839848e+03
3.955436244734702317e-02 1.427345681491434561e+03
4.066478091781854792e-02 1.388576651970280636e+03
4.180637241455758407e-02 1.351155435751858249e+03
4.298001206490798670e-02 1.315236218948210990e+03
4.418659956385941057e-02 1.280948311119645950e+03
4.542705986374045990e-02 1.248391090397018161e+03
4.670234388327333674e-02 1.217629562626343841e+03
4.801342923653453137e-02 1.188692214154286376e+03
4.936132098237919208e-02 1.161565507758798049e+03
5.074705239490467923e-02 1.136192585749719228e+03
5.217168575554350513e-02 1.112469116954255242e+03
5.363631316739241039e-02 1.090242501531988182e+03
5.514205739240302800e-02 1.069311050218407672e+03
5.669007271207433807e-02 1.049431439338791733e+03
5.828154581230844677e-02 1.030279236856761599e+03
5.991769669310622465e-02 1.011825122483849100e+03
6.159977960380166873e-02 9.931388500862817637e+02
6.332908400455118658e-02 9.741389922828350336e+02
6.510693555481457395e-02 9.544170970375307661e+02
6.693469712958663442e-02 9.336023786566048557e+02
6.881376986415664587e-02 9.113647997663549631e+02
7.074559422819878818e-02 8.874342077479323052e+02
7.273165113001461846e-02 8.616281452566146299e+02
7.477346305177587360e-02 8.338622482914962575e+02
7.687259521663733497e-02 8.041098908309195394e+02
7.903065678861345700e-02 7.726487827087229334e+02
8.124930210614052239e-02 7.398067260162459888e+02
8.353023195026774983e-02 7.060423338809274583e+02
8.587519484845174134e-02 6.719170468976701613e+02
8.828598841495152727e-02 6.380668875994940663e+02
9.076446072885357985e-02 6.051573285583556299e+02
9.331251175078249249e-02 5.738347341182970922e+02
9.593209477938241525e-02 5.446827887670565360e+02
9.862521794868782388e-02 5.181721952438612107e+02
1.013939457675292477e-01 4.946223478739338475e+02
1.042404007021556500e-01 4.741732233522007505e+02
1.071667648032863795e-01 4.567639508738333234e+02
1.101752813788386687e-01 4.421245804856127961e+02
1.132682567136154145e-01 4.297798871076552700e+02
1.164480618372685794e-01 4.190771535436194881e+02
1.197171343418966943e-01 4.092297127050967447e+02
1.230779802506665743e-01 3.993855468110954803e+02
1.265331759388942934e-01 3.887246264593896399e+02
1.300853701090571579e-01 3.765700276864214970e+02
1.337372858212496074e-01 3.625043589830934820e+02
1.374917225806419896e-01 3.464529906735689337e+02
1.413515584835395023e-01 3.287124485326866647e+02
1.453197524236895799e-01 3.099207546001236437e+02
1.493993463605258198e-01 2.909545231437869006e+02
1.535934676510897212e-01 2.727761710000996231e+02
1.579053314474175851e-01 2.562490892160228668e+02
1.623382431612278298e-01 2.419857068032696930e+02
1.668956009978024568e-01 2.302570468884418062e+02
1.715808985610006165e-01 2.209334963724511738e+02
1.763977275314044801e-01 2.134943916293819655e+02
1.813497804196496366e-01 2.071352233787926025e+02
1.864408533970486059e-01 2.009247134386965854e+02
1.916748492056815356e-01 1.940050141019840453e+02
1.970557801501798822e-01 1.858310291864922874e+02
2.025877711735017406e-01 1.763340122232314400e+02
2.082750630190516594e-01 1.659256194121962835e+02
2.141220154815729193e-01 1.553706853282295981e+02
2.201331107493031680e-01 1.455183763585889380e+02
2.263129568399529223e-01 1.370125425406830573e+02
2.326662911331459360e-01 1.301067900668101913e+02
2.391979840020238557e-01 1.245869703502868475e+02
2.459130425468044889e-01 1.198724978438158217e+02
2.528166144331501219e-01 1.152416033073989183e+02
2.599139918382933900e-01 1.101189867445300052e+02
2.672106155079435608e-01 1.043212619357963007e+02
2.747120789270811603e-01 9.810794439241558962e+01
2.824241326078435477e-01 9.202269780148274947e+01
2.903526884977813416e-01 8.658116955052706487e+01
2.985038245118734057e-01 8.201625111896426290e+01
3.068837891917643446e-01 7.817665281009533373e+01
3.154990064958086982e-01 7.465475462387745154e+01
3.243560807235809640e-01 7.104089884428283597e+01
3.334618015786366407e-01 6.717450027432930426e+01
3.428231493733970847e-01 6.321004380393416255e+01
3.524473003801584237e-01 5.946075795046439083e+01
3.623416323323152555e-01 5.614851409124464254e+01
3.725137300800212548e-01 5.325039603792670562e+01
3.829713914046279921e-01 5.055500579846928844e+01
3.937226329963477989e-01 4.785842011819712383e+01
4.047756965997323930e-01 4.512711851007231445e+01
4.161390553316708374e-01 4.248809615047670007e+01
4.278214201767614466e-01 4.007331618179039623e+01
4.398317466650228380e-01 3.788802038587549248e+01
4.521792417370701922e-01 3.582978894363539979e+01
4.648733708020256206e-01 3.381384233507266401e+01
4.779238649935594330e-01 3.185354249660152348e+01
4.913407286296365140e-01 3.001317365967943473e+01
5.051342468816764075e-01 2.831375404572119692e+01
5.193149936590210070e-01 2.671476209211464337e+01
5.338938397147356962e-01 2.517742872943401622e+01
5.488819609789672427e-01 2.370859609050839367e+01
5.642908471262538805e-01 2.233075989846819454e+01
5.801323103833373462e-01 2.103989041228894408e+01
5.964184945842465613e-01 1.981506061719510470e+01
6.131618844795774237e-01 1.865018366623893797e+01
6.303753153071274262e-01 1.755224799341714714e+01
6.480719826311974741e-01 1.651974185095926373e+01
6.662654524581153037e-01 1.554372092213894341e+01
6.849696716357442927e-01 1.461984621287043495e+01
7.041989785449285222e-01 1.374975128835221838e+01
7.239681140910878554e-01 1.292953560824232895e+01
7.442922330043759693e-01 1.215520585054636982e+01
7.651869154570819509e-01 1.142517086994210018e+01
7.866681790071589075e-01 1.073711555121392180e+01
8.087524908770455934e-01 1.008847545502247200e+01
8.314567805772061782e-01 9.477236610327420152e+00
8.547984528840417706e-01 8.901498716412943324e+00
8.787954011821322853e-01 8.359169590306182229e+00
9.034660211810530139e-01 7.848529467232444823e+00
9.288292250172494047e-01 7.367860711346316371e+00
9.549044557518088228e-01 6.915470913555373578e+00
9.817117022752195332e-01 6.489778286795623963e+00
1.009271514630570854e+00 6.089286096439195717e+00
1.037605019766912440e+00 5.712549280444108923e+00
1.066733937734857918e+00 5.358222851326547520e+00
1.096680598336868151e+00 5.025056199034347415e+00
1.127467958244945612e+00 4.711865665677871462e+00
1.159119618598886126e+00 4.417519132108814972e+00
1.191659843098559213e+00 4.140939199857410991e+00
1.225113576604118126e+00 3.881100994088337419e+00
1.259506464258359104e+00 3.637017456522625647e+00
1.294864871145904983e+00 3.407762707399250690e+00
1.331215902504307769e+00 3.192481955005600724e+00
1.368587424502517580e+00 2.990368579826302664e+00
1.407008085602686087e+00 2.800664923142606177e+00
1.446507338521646480e+00 2.622636873939451885e+00
1.487115462808953126e+00 2.455560055291578170e+00
1.528863588058731571e+00 2.299126976006510059e+00
1.571783717773163280e+00 2.152659569620328561e+00
1.615908753895917815e+00 2.015522966342185196e+00
1.661272522034291654e+00 1.887122741181638919e+00
1.707909797389428608e+00 1.766902337385866550e+00
1.755856331414468618e+00 1.654340654018511492e+00
1.805148879221108116e+00 1.548949787223417029e+00
1.855825227755520057e+00 1.450272915382651462e+00
1.907924224765265908e+00 1.357882319001940452e+00
1.961485808579430667e+00 1.271377526740608443e+00
2.016551038724745393e+00 1.190383579549912696e+00
2.073162127401231736e+00 1.114549405395592219e+00
2.131362471841438122e+00 1.043546297519791999e+00
2.191196687578147895e+00 9.770664896463213678e-01
2.252710642645982198e+00 9.148218219534040019e-01
2.315951492743154372e+00 8.565424920315160007e-01
2.380967717380357840e+00 8.019758854122837066e-01
2.447809157044444017e+00 7.508854805993108172e-01
2.516527051405392790e+00 7.030498238547437939e-01
2.587174078595922744e+00 6.582615692977348276e-01
2.659804395593756698e+00 6.163265801540712685e-01
2.734473679737583041e+00 5.770630872612907414e-01
2.811239171408464355e+00 5.403009011817844209e-01
2.890159717909508874e+00 5.058806745087586210e-01
2.971295818577336600e+00 4.736532111674821577e-01
3.054709671159970164e+00 4.434788197179553304e-01
3.140465219496751281e+00 4.152267078558613544e-01
3.228628202536729219e+00 3.887744154872347924e-01
3.319266204733191561e+00 3.640072839194836707e-01
3.412448707852890450e+00 3.408179588679497996e-01
3.508247144239789783e+00 3.191059251237641226e-01
3.606734951574031900e+00 2.987770708659954755e-01
3.707987629168172372e+00 2.797432797295816842e-01
3.812082795843888317e+00 2.619220488608435260e-01
3.919100249433401739e+00 2.452361313050253067e-01
4.029122027951350660e+00 2.296132011757733293e-01
4.142232472483896366e+00 2.149855401552152323e-01
4.258518291843413017e+00 2.012897439657587439e-01
4.378068629038172510e+00 1.884664475412990425e-01
4.500975129608047354e+00 1.764600677065763790e-01
4.627332011878690032e+00 1.652185622493158312e-01
4.757236139187885904e+00 1.546932043408353052e-01
4.890787094139594338e+00 1.448383713273386220e-01
5.028087254942479767e+00 1.356113469763991219e-01
5.169241873891597727e+00 1.269721363214616483e-01
5.314359158053243881e+00 1.188832923017981991e-01
5.463550352214879169e+00 1.113097534464803917e-01
5.616929824163807261e+00 1.042186918988013689e-01
5.774615152359817039e+00 9.757937112240303024e-02
5.936727216069127344e+00 9.136301267232820045e-02
6.103390288028621491e+00 8.554267145351167334e-02
6.274732129711575013e+00 8.009311892601107818e-02
6.450884089267698407e+00 7.499073375072634606e-02
6.631981202212673843e+00 7.021339940160581383e-02
6.818162294944477786e+00 6.574040830053444473e-02
7.009570091165615580e+00 6.155237205937270223e-02
7.206351321293055889e+00 5.763113744008560579e-02
7.408656834939563396e+00 5.395970766868746910e-02
7.616641716552886798e+00 5.052216876193384165e-02
7.830465404301192756e+00 4.730362054742041911e-02
8.050291812295983007e+00 4.429011207809213646e-02
8.276289456246344045e+00 4.146858116121376892e-02
8.508631582640587609e+00 3.882679773968749498e-02
8.747496301554422260e+00 3.635331088030110264e-02
8.993066723187620681e+00 3.403739913912497139e-02
9.245531098233566780e+00 3.186902408891428146e-02
9.505082962189515428e+00 2.983878680707883688e-02
9.771921283717999174e+00 2.793788713561559667e-02
1.004625061717340628e+01 2.615808553641419537e-02
1.032828125941029640e+01 2.449166737659541973e-02
1.061822941099384643e+01 2.293140948907593582e-02
1.091631734193614811e+01 2.147054886341430088e-02
1.122277356208507015e+01 2.010275333122740760e-02
1.153783299629661485e+01 1.882209411911188804e-02
1.186173716452478821e+01 1.762302015009978295e-02
1.219473436696737778e+01 1.650033398225708714e-02
1.253707987440921379e+01 1.544916928012967858e-02
1.288903612390893194e+01 1.446496972138584108e-02
1.325087291997952832e+01 1.354346924722498076e-02
1.362286764141645712e+01 1.268067357094718878e-02
1.400530545393221082e+01 1.187284286453161794e-02
1.439847952876007753e+01 1.111647554817784059e-02
1.480269126739508501e+01 1.040829311254519440e-02
1.521825053264387861e+01 9.745225907901455126e-03
1.564547588616096618e+01 9.124399838583175174e-03
1.608469483265355748e+01 8.543123905094244033e-03
1.653624407094179460e+01 7.998878539843311611e-03
1.700046975206718614e+01 7.489304685960776475e-03
1.747772774464680978e+01 7.012193571856982673e-03
1.796838390767719673e+01 6.565477137198946767e-03
1.847281437099635681e+01 6.147219068806564386e-03
1.899140582361934904e+01 5.755606407613021377e-03
1.952455581016860364e+01 5.388941690309309238e-03
2.007267303562567662e+01 5.045635591610508550e-03
2.063617767863859598e+01 4.724200035251351765e-03
2.121550171362450854e+01 4.423241743850393239e-03
2.181108924191518383e+01 4.141456199684336731e-03
2.242339683219847757e+01 3.877621990195239537e-03
2.305289387051708516e+01 3.630595513720931162e-03
2.370006292009328064e+01 3.399306022500370866e-03
2.436540009125468131e+01 3.182750981467637446e-03
2.504941542174504221e+01 2.979991722717016418e-03
2.575263326771200667e+01 2.790149376803271759e-03
2.647559270567065681e+01 2.612401063241124883e-03
2.721884794575180422e+01 2.445976323691486688e-03
2.798296875655116978e+01 2.290153782373923960e-03
2.876854090190592217e+01 2.144258019229756257e-03
2.957616658993256564e+01 2.007656642282377481e-03
3.040646493467068723e+01 1.879757546504791203e-03
3.126007243068703190e+01 1.760006347312811914e-03
3.213764344100275139e+01 1.647883977559278911e-03
3.303985069871860247e+01 1.542904437613344107e-03
3.396738582272208617e+01 1.444612688772449948e-03
3.492095984787270169e+01 1.352582680875892302e-03
3.590130377007073292e+01 1.266415505570564915e-03
3.690916910662779316e+01 1.185737667224137128e-03
3.794532847236938977e+01 1.110199463990846477e-03
3.901057617190990356e+01 1.039473472012573301e-03
4.010572880855499989e+01 9.732531261848841432e-04
4.123162591029752377e+01 9.112513913363173759e-04
4.238913057338778145e+01 8.531995180610714869e-04
4.357913012397032304e+01 7.988458778121949617e-04
4.480253679829492341e+01 7.479548722059377926e-04
4.606028844202401018e+01 7.003059118095890118e-04
4.735334922917113687e+01 6.556924599863131822e-04
4.868271040122284887e+01 6.139211376524838322e-04
5.004939102700954123e+01 5.748108850670441026e-04
5.145443878390924652e+01 5.381921770196304534e-04
5.289893076098154978e+01 5.039062880156580182e-04
5.438397428464800498e+01 4.718046042732754988e-04
5.591070776755292115e+01 4.417479795500094488e-04
5.748030158125349942e+01 4.136061320068998878e-04
5.909395895340973937e+01 3.872570794958045881e-04
6.075291689016074059e+01 3.625866108221000137e-04
6.245844712439613744e+01 3.394877906909416192e-04
6.421185709064765490e+01 3.178604961912505182e-04
6.601449092734890201e+01 2.976109828082953231e-04
6.786773050723294887e+01 2.786514780837290035e-04
6.977299649665530978e+01 2.608998011617824067e-04
7.173174944465618807e+01 2.442790065725197876e-04
7.374549090259552031e+01 2.287170507081175814e-04
7.581576457522108115e+01 2.141464795464925145e-04
7.794415750404954224e+01 2.005041362687033288e-04
8.013230128396889995e+01 1.877308875027790247e-04
8.238187331399603863e+01 1.757713670073654923e-04
8.469459808314594795e+01 1.645737356841751441e-04
8.707224849239922548e+01 1.540894568790023445e-04
8.951664721378301692e+01 1.442730859973364687e-04
9.202966808760409378e+01 1.350820735226516088e-04
9.461323755890775544e+01 1.264765805835464218e-04
9.726933615426175095e+01 1.184193062703018772e-04
9.999999999999995737e+01 1.108753259523514659e-04
