1.000000000000000048e-04 2.358131762319840519e+01
1.028073223830865281e-04 2.422072463206330539e+01
1.056934553557988362e-04 2.487745462633679949e+01
1.086606113854597351e-04 2.555197529354115815e+01
1.117110650504824041e-04 2.624476597303860004e+01
1.148471547840289439e-04 2.695632156988551387e+01
1.180712846666190141e-04 2.768715072718072534e+01
1.213859262690628250e-04 2.843777093356388264e+01
1.247936205471311189e-04 2.920871404517232861e+01
1.282969797894147957e-04 3.000053130660419853e+01
1.318986896198670199e-04 3.081378689525681125e+01
1.356015110565633925e-04 3.164905608696757966e+01
1.394082826282578376e-04 3.250693212384451414e+01
1.433219225503574155e-04 3.338802635820444209e+01
1.473454309619835539e-04 3.429296258008262299e+01
1.514818922258346051e-04 3.522238000840336269e+01
1.557344772926134557e-04 3.617693949983372192e+01
1.601064461318317826e-04 3.715731921715119057e+01
1.646011502308550778e-04 3.816421074006634484e+01
1.692220351641037391e-04 3.919832587316361838e+01
1.739726432343801689e-04 4.026039921604609617e+01
1.788566161883461665e-04 4.135118039048164462e+01
1.838776980082327715e-04 4.247143510518633747e+01
1.890397377819221208e-04 4.362195607303556244e+01
1.943466926536020897e-04 4.480355881044680899e+01
1.998026308572550618e-04 4.601707052605149073e+01
2.054117348353064979e-04 4.726333989484427889e+01
2.111783044448243749e-04 4.854324563622515853e+01
2.171067602537265953e-04 4.985768729178882097e+01
2.232016469295233991e-04 5.120758255901235856e+01
2.294676367231936914e-04 5.259387893859464924e+01
2.359095330508635614e-04 5.401755343327037195e+01
2.425322741760353111e-04 5.547959653501381894e+01
2.493409369951879494e-04 5.698101932786664037e+01
2.563407409296515377e-04 5.852286810109235660e+01
2.635370519267394326e-04 6.010621744870444161e+01
2.709353865732051759e-04 6.173216508934835645e+01
2.785414163241767813e-04 6.340183679508287895e+01
2.863609718508116210e-04 6.511638809697880959e+01
2.944000475100034728e-04 6.687700082825577397e+01
3.026648059395691654e-04 6.868488444362780854e+01
3.111615827824361444e-04 7.054128603252057417e+01
3.198968915434537695e-04 7.244748482464122219e+01
3.288774285825511105e-04 7.440477414375486376e+01
3.381100782480684795e-04 7.641447916441595112e+01
3.476019181541978613e-04 7.847797390297179732e+01
3.573602246065787046e-04 8.059666006134638394e+01
3.673924781802075296e-04 8.277195904700442952e+01
3.777063694539367416e-04 8.500533681151726739e+01
3.883098049059605528e-04 8.729830470103759410e+01
3.992109129748052884e-04 8.965239627409891909e+01
4.104180502904709654e-04 9.206917403197830652e+01
4.219398080805026588e-04 9.455024172194887910e+01
4.337850187558990231e-04 9.709724010341125222e+01
4.459627626819093779e-04 9.971184182405924901e+01
4.584823751389095932e-04 1.023957582957959147e+02
4.713534534786909978e-04 1.051507420379762010e+02
4.845858644816496185e-04 1.079785789802184581e+02
4.981897519205162042e-04 1.108810877833560795e+02
5.121755443364240474e-04 1.138601192344415978e+02
5.265539630332758715e-04 1.169175640424487739e+02
5.413360302965379654e-04 1.200553757645702575e+02
5.565330778427647921e-04 1.232755442426091719e+02
5.721567555063251324e-04 1.265800612608965707e+02
5.882190401699957617e-04 1.299709559731840329e+02
6.047322449462647380e-04 1.334503061711767202e+02
6.217090286163829381e-04 1.370202435814454134e+02
6.391624053344003523e-04 1.406829511084352760e+02
6.571057546036271476e-04 1.444406212840778778e+02
6.755528315331644270e-04 1.482954678384083422e+02
6.945177773823697038e-04 1.522497450516570723e+02
7.140151304013400355e-04 1.563057485145957912e+02
7.340598369757211656e-04 1.604658168442564090e+02
7.546672630843890076e-04 1.647323203496115980e+02
7.758532060787837713e-04 1.691076530582586770e+02
7.976339067929278130e-04 1.735942426600577448e+02
8.200260619934130737e-04 1.781945497401660816e+02
8.430468371788971344e-04 1.829110540807830603e+02
8.667138797389231696e-04 1.877462576899254145e+02
8.910453324821514341e-04 1.927026835257296966e+02
9.160598475443706154e-04 1.977828842573543113e+02
9.417766006869523988e-04 2.029894501805038090e+02
9.682153059967085751e-04 2.083249877777251413e+02
9.953962309984236857e-04 2.137921052586335691e+02
1.023340212191642049e-03 2.193934406040180534e+02
1.052068671023622922e-03 2.251316597895118718e+02
1.081603630310709867e-03 2.310094113645711786e+02
1.111967731120699519e-03 2.370293389237448025e+02
1.143184250129150028e-03 2.431941104800052358e+02
1.175277117462945366e-03 2.495064081650189109e+02
1.208270935044776636e-03 2.559689171165503012e+02
1.242190995452617476e-03 2.625843160484219538e+02
1.277063301308643990e-03 2.693552676743738061e+02
1.312914585212465604e-03 2.762844915744376522e+02
1.349772330233942573e-03 2.833747320475948754e+02
1.387664790981308705e-03 2.906283118726623229e+02
1.426621015260737648e-03 2.980475989441556521e+02
1.466670866343968349e-03 3.056368934750129256e+02
1.507845045861051347e-03 3.133999993336070133e+02
1.550175117335769997e-03 3.213366461686445064e+02
1.593693530381775150e-03 3.294475862497758953e+02
1.638433645577984637e-03 3.377371467953795445e+02
1.684429760042315850e-03 3.462086763580894058e+02
1.731717133723354026e-03 3.548640212266137723e+02
1.780332016430114135e-03 3.637055062750915226e+02
1.830311675620612021e-03 3.727356691116950174e+02
1.881694424970556086e-03 3.819561846642515093e+02
1.934519653744045872e-03 3.913687342125817850e+02
1.988827856988810081e-03 4.009762248736868173e+02
2.044660666579116784e-03 4.107811967199410219e+02
2.102060883130158625e-03 4.207850035496088594e+02
2.161072508808377368e-03 4.309890250026846275e+02
2.221740781062885202e-03 4.413948319413945001e+02
2.284112207303824749e-03 4.520040534061108701e+02
2.348234600554276272e-03 4.628182112938955015e+02
2.414157116103019234e-03 4.738381085574080203e+02
2.481930289186255051e-03 4.850642985704670878e+02
2.551606073727184613e-03 4.964976197950139181e+02
2.623237882163122550e-03 5.081386274700855665e+02
2.696880626390694112e-03 5.199872948248910234e+02
2.772590759860483686e-03 5.320435861333040748e+02
2.850426320853435488e-03 5.443074944407652538e+02
2.930446976972143555e-03 5.567783610887150871e+02
3.012714070881164757e-03 5.694550358257223479e+02
3.097290667331408388e-03 5.823364392704569354e+02
3.184241601504654226e-03 5.954212451372013675e+02
3.273633528715246682e-03 6.087074598954277462e+02
3.365534975507094694e-03 6.221927713201857841e+02
3.460016392185110562e-03 6.358746851969071940e+02
3.557150206821386215e-03 6.497503392713911126e+02
3.657010880777490907e-03 6.638164577997611104e+02
3.759674965785466966e-03 6.780693074167262466e+02
3.865221162631264206e-03 6.925047090448902054e+02
3.973730381485608698e-03 7.071180506343654315e+02
4.085285803928562741e-03 7.219042795575508080e+02
4.199972946715305709e-03 7.368578526954207746e+02
4.317879727332022029e-03 7.519726889106983663e+02
4.439096531392168997e-03 7.672420811834173264e+02
4.563716281924761094e-03 7.826587942203249213e+02
4.691834510607797992e-03 7.982150524100939037e+02
4.823549431001468782e-03 8.139024098262694906e+02
4.958962013837215146e-03 8.297117689151015156e+02
5.098176064420424994e-03 8.456333742838604621e+02
5.241298302206058926e-03 8.616568287809242292e+02
5.388438442608223244e-03 8.777710159427152803e+02
5.539709281106404079e-03 8.939640981804344619e+02
5.695226779712823234e-03 9.102234264810324476e+02
5.855110155867242032e-03 9.265355821429679963e+02
6.019481973827276768e-03 9.428863559192482171e+02
6.188468238624385796e-03 9.592607301332094494e+02
6.362198492657489789e-03 9.756428826694713052e+02
6.540805914998253610e-03 9.920160205312357675e+02
6.724427423484249239e-03 1.008362528784400411e+03
6.913203779678128193e-03 1.024663999938775532e+03
7.107279696773417810e-03 1.040900868193034285e+03
7.306803950529504668e-03 1.057051989901423212e+03
7.511929493320966197e-03 1.073096641797554639e+03
7.722813571388646714e-03 1.089014398902157836e+03
7.939617845382279313e-03 1.104777538169599211e+03
8.162508514287231468e-03 1.120356763109411077e+03
8.391656442830155299e-03 1.135748453562050145e+03
8.627237292461452031e-03 1.150947001704781769e+03
8.869431656014713575e-03 1.165899740546240992e+03
9.118425196146570655e-03 1.180558872188846635e+03
9.374408787662998066e-03 1.194909880610648770e+03
9.637578663841087079e-03 1.208924645935259832e+03
9.908136566858672528e-03 1.222556551302649041e+03
1.018628990244687879e-02 1.235800955898685061e+03
1.047225189888434729e-02 1.248657853405456535e+03
1.076624177045493527e-02 1.260945483365863765e+03
1.106848488549412070e-02 1.272503432192796026e+03
1.137921293915315074e-02 1.283538907365260457e+03
1.169866413101306943e-02 1.294192173290690789e+03
1.202708334768511945e-02 1.304281376149075186e+03
1.236472235053715993e-02 1.313660465967671144e+03
1.271183996869028332e-02 1.322287399646377480e+03
1.306870229743346996e-02 1.330248576266517148e+03
1.343558290220825575e-02 1.337667052655104726e+03
1.381276302832009847e-02 1.344302289968503146e+03
1.420053181653682141e-02 1.349869175423961451e+03
1.459918652473978819e-02 1.354495514226635578e+03
1.500903275579736421e-02 1.358250014402847000e+03
1.543038469183564444e-02 1.360878601592816722e+03
1.586356533508591002e-02 1.362344267635440701e+03
1.630890675549331870e-02 1.362904994756181850e+03
1.676675034527700184e-02 1.362522820182316082e+03
1.723744708063620554e-02 1.360974091669732161e+03
1.772135779080359283e-02 1.358329653244095198e+03
1.821885343465167589e-02 1.354698515827632946e+03
1.873031538506437013e-02 1.349857350155935137e+03
1.925613572129198509e-02 1.343639504570947111e+03
1.979671752951332395e-02 1.336155756802700807e+03
2.035247521183577296e-02 1.327466832000856812e+03
2.092383480396978190e-02 1.317531240169017565e+03
2.151123430182166549e-02 1.306337266026657517e+03
2.211512399725490061e-02 1.293899944433257588e+03
2.273596682327716154e-02 1.280232568551956547e+03
2.337423870891815886e-02 1.265351957974680772e+03
2.403042894406967958e-02 1.249285696548160104e+03
2.470504055456825693e-02 1.232069529004693777e+03
2.539859068780726467e-02 1.213747415819718071e+03
2.611161100917459149e-02 1.194372476402944130e+03
2.684464810961964890e-02 1.174006308123211056e+03
2.759826392466179640e-02 1.152719662349530154e+03
2.837303616516213128e-02 1.130592895629938994e+03
2.916955876018797328e-02 1.107715071465413303e+03
2.998844231231028931e-02 1.084183537967515122e+03
3.083031456568277942e-02 1.060103524816177469e+03
3.169582088726115993e-02 1.035587846166482223e+03
3.258562476153226140e-02 1.010755639480483637e+03
3.350040829913133317e-02 9.857309310319147926e+02
3.444087275973822804e-02 9.606418250968728216e+02
3.540773908965272332e-02 9.356192299558421155e+02
3.640174847446139839e-02 9.107937996110518952e+02
3.742366290721982347e-02 8.862959490925069304e+02
3.847426577258503816e-02 8.622520327842997858e+02
3.955436244734702317e-02 8.387829230311918991e+02
4.066478091781854792e-02 8.160027364878588969e+02
4.180637241455758407e-02 7.940144753488983724e+02
4.298001206490798670e-02 7.729085782319367581e+02
4.418659956385941057e-02 7.527611968036489998e+02
4.542705986374045990e-02 7.336303684637647393e+02
4.670234388327333674e-02 7.155548692710465275e+02
4.801342923653453137e-02 6.985513220518525941e+02
4.936132098237919208e-02 6.826114374903186217e+02
5.074705239490467923e-02 6.677021664077817604e+02
5.217168575554350513e-02 6.537620438746723721e+02
5.363631316739241039e-02 6.407015089833946604e+02
5.514205739240302800e-02 6.284019521604293459e+02
5.669007271207433807e-02 6.167204966082770170e+02
5.828154581230844677e-02 6.054663243160522370e+02
5.991769669310622465e-02 5.946223349446581778e+02
6.159977960380166873e-02 5.836419030490120576e+02
6.332908400455118658e-02 5.724771411135302515e+02
6.510693555481457395e-02 5.608877392696639390e+02
6.693469712958663442e-02 5.486563178553501530e+02
6.881376986415664587e-02 5.355885493597144205e+02
7.074559422819878818e-02 5.215257030375269096e+02
7.273165113001461846e-02 5.063606453655210657e+02
7.477346305177587360e-02 4.900439236275781809e+02
7.687259521663733497e-02 4.725595239791128961e+02
7.903065678861345700e-02 4.540708598802314100e+02
8.124930210614052239e-02 4.347707416714961823e+02
8.353023195026774983e-02 4.149284275382256624e+02
8.587519484845174134e-02 3.948740624697141470e+02
8.828598841495152727e-02 3.749812169294876867e+02
9.076446072885357985e-02 3.556410910278186179e+02
9.331251175078249249e-02 3.372336652291386372e+02
9.593209477938241525e-02 3.201017440942119379e+02
9.862521794868782388e-02 3.045221375371060049e+02
1.013939457675292477e-01 2.906824213694499122e+02
1.042404007021556500e-01 2.786648972851978669e+02
1.071667648032863795e-01 2.684339377584122417e+02
1.101752813788386687e-01 2.598306836678245304e+02
1.132682567136154145e-01 2.525760215137907210e+02
1.164480618372685794e-01 2.462863314738229121e+02
1.197171343418966943e-01 2.404992158272217750e+02
1.230779802506665743e-01 2.347140130119767889e+02
1.265331759388942934e-01 2.284488235579700586e+02
1.300853701090571579e-01 2.213057762756822910e+02
1.337372858212496074e-01 2.130396632638446590e+02
1.374917225806419896e-01 2.036065544731828822e+02
1.413515584835395023e-01 1.931806888372276489e+02
1.453197524236895799e-01 1.821370884237840357e+02
1.493993463605258198e-01 1.709909470505762670e+02
1.535934676510897212e-01 1.603077700255120703e+02
1.579053314474175851e-01 1.505950273343073889e+02
1.623382431612278298e-01 1.422125879707836305e+02
1.668956009978024568e-01 1.353198067818305503e+02
1.715808985610006165e-01 1.298404926173074614e+02
1.763977275314044801e-01 1.254686259261547434e+02
1.813497804196496366e-01 1.217314487121908115e+02
1.864408533970486059e-01 1.180816174455033973e+02
1.916748492056815356e-01 1.140149665215762553e+02
1.970557801501798822e-01 1.092112274121417954e+02
2.025877711735017406e-01 1.036299306036685550e+02
2.082750630190516594e-01 9.751303848463065549e+01
2.141220154815729193e-01 9.131001431971100146e+01
2.201331107493031680e-01 8.551990509474653379e+01
2.263129568399529223e-01 8.052111054684252167e+01
2.326662911331459360e-01 7.646267519006846669e+01
2.391979840020238557e-01 7.321873576658119021e+01
2.459130425468044889e-01 7.044808553412545393e+01
2.528166144331501219e-01 6.772655357759158790e+01
2.599139918382933900e-01 6.471604294492772169e+01
2.672106155079435608e-01 6.130877004444928247e+01
2.747120789270811603e-01 5.765726857744434142e+01
2.824241326078435477e-01 5.408101672403176252e+01
2.903526884977813416e-01 5.088308802963779698e+01
2.985038245118734057e-01 4.820031971907845048e+01
3.068837891917643446e-01 4.594381446797234503e+01
3.154990064958086982e-01 4.387402929688560960e+01
3.243560807235809640e-01 4.175019732024720298e+01
3.334618015786366407e-01 3.947795185769879822e+01
3.428231493733970847e-01 3.714807254358262867e+01
3.524473003801584237e-01 3.494464252980717589e+01
3.623416323323152555e-01 3.299806428776278011e+01
3.725137300800212548e-01 3.129487081492597511e+01
3.829713914046279921e-01 2.971080426759278836e+01
3.937226329963477989e-01 2.812603987014212237e+01
4.047756965997323930e-01 2.652087510092071554e+01
4.161390553316708374e-01 2.496995012414603821e+01
4.278214201767614466e-01 2.355079856861029342e+01
4.398317466650228380e-01 2.226652041924598180e+01
4.521792417370701922e-01 2.105690913933324282e+01
4.648733708020256206e-01 1.987215296931211839e+01
4.779238649935594330e-01 1.872009976394102182e+01
4.913407286296365140e-01 1.763853030943593936e+01
5.051342468816764075e-01 1.663979399007928706e+01
5.193149936590210070e-01 1.570007387645317465e+01
5.338938397147356962e-01 1.479659944734482480e+01
5.488819609789672427e-01 1.393337629532373789e+01
5.642908471262538805e-01 1.312363041619101089e+01
5.801323103833373462e-01 1.236499834874205916e+01
5.964184945842465613e-01 1.164517341400406636e+01
6.131618844795774237e-01 1.096058388615602475e+01
6.303753153071274262e-01 1.031533324910161298e+01
6.480719826311974741e-01 9.708538802634299358e+00
6.662654524581153037e-01 9.134937445657554278e+00
6.849696716357442927e-01 8.591983742006640057e+00
7.041989785449285222e-01 8.080635931682312645e+00
7.239681140910878554e-01 7.598597605482173556e+00
7.442922330043759693e-01 7.143530419829390077e+00
7.651869154570819509e-01 6.714495821079271565e+00
7.866681790071589075e-01 6.310130548992710864e+00
8.087524908770455934e-01 5.928928586826992309e+00
8.314567805772061782e-01 5.569707994491360559e+00
8.547984528840417706e-01 5.231350920079387734e+00
8.787954011821322853e-01 4.912626676027790573e+00
9.034660211810530139e-01 4.612527494942240125e+00
9.288292250172494047e-01 4.330041761878041129e+00
9.549044557518088228e-01 4.064175544709744514e+00
9.817117022752195332e-01 3.813999192573519714e+00
1.009271514630570854e+00 3.578632477174777282e+00
1.037605019766912440e+00 3.357226933058109264e+00
1.066733937734857918e+00 3.148991667650745008e+00
1.096680598336868151e+00 2.953192359643203257e+00
1.127467958244945612e+00 2.769132363638224792e+00
1.159119618598886126e+00 2.596146423664931646e+00
1.191659843098559213e+00 2.433602489315648043e+00
1.225113576604118126e+00 2.280897863613908783e+00
1.259506464258359104e+00 2.137451295343752555e+00
1.294864871145904983e+00 2.002720003079821343e+00
1.331215902504307769e+00 1.876201034299050052e+00
1.368587424502517580e+00 1.757420082827873209e+00
1.407008085602686087e+00 1.645932499968622231e+00
1.446507338521646480e+00 1.541306626988320216e+00
1.487115462808953126e+00 1.443116648503495858e+00
1.528863588058731571e+00 1.351181928840006874e+00
1.571783717773163280e+00 1.265103972514650454e+00
1.615908753895917815e+00 1.184509670467819520e+00
1.661272522034291654e+00 1.109049682804260195e+00
1.707909797389428608e+00 1.038396924562420498e+00
1.755856331414468618e+00 9.722451479488860571e-01
1.805148879221108116e+00 9.103076148925260958e-01
1.855825227755520057e+00 8.523158541644735298e-01
1.907924224765265908e+00 7.980184976766148131e-01
1.961485808579430667e+00 7.471801909144704101e-01
2.016551038724745393e+00 6.995805727816830633e-01
2.073162127401231736e+00 6.550133204342013515e-01
2.131362471841438122e+00 6.132852549639459250e-01
2.191196687578147895e+00 5.742155040555005918e-01
2.252710642645982198e+00 5.376347179863253389e-01
2.315951492743154372e+00 5.033843355722025237e-01
2.380967717380357840e+00 4.713158968761256840e-01
2.447809157044444017e+00 4.412903997015306667e-01
2.516527051405392790e+00 4.131776970805609572e-01
2.587174078595922744e+00 3.868559331457480654e-01
2.659804395593756698e+00 3.622110149398682921e-01
2.734473679737583041e+00 3.391361178745087579e-01
2.811239171408464355e+00 3.175312226937285209e-01
2.890159717909508874e+00 2.973026819357619810e-01
2.971295818577336600e+00 2.783628140135733786e-01
3.054709671159970164e+00 2.606295231547811619e-01
3.140465219496751281e+00 2.440259435535680477e-01
3.228628202536729219e+00 2.284801061921321874e-01
3.319266204733191561e+00 2.139246268875033552e-01
3.412448707852890450e+00 2.002964142115468971e-01
3.508247144239789783e+00 1.875363960181207768e-01
3.606734951574031900e+00 1.755892633920049239e-01
3.707987629168172372e+00 1.644032309097364641e-01
3.812082795843888317e+00 1.539298121731900726e-01
3.919100249433401739e+00 1.441236096429436286e-01
4.029122027951350660e+00 1.349421178604502669e-01
4.142232472483896366e+00 1.263455392060754967e-01
4.258518291843413017e+00 1.182966113943922093e-01
4.378068629038172510e+00 1.107604459590048052e-01
4.500975129608047354e+00 1.037043770268061271e-01
4.627332011878690032e+00 9.709781972617285983e-02
4.757236139187885904e+00 9.091213761536176552e-02
4.890787094139594338e+00 8.512051855647001508e-02
5.028087254942479767e+00 7.969785849692807844e-02
5.169241873891597727e+00 7.462065265477139941e-02
5.314359158053243881e+00 6.986689363602746616e-02
5.463550352214879169e+00 6.541597604260364351e-02
5.616929824163807261e+00 6.124860715719387949e-02
5.774615152359817039e+00 5.734672331806349443e-02
5.936727216069127344e+00 5.369341162123492800e-02
6.103390288028621491e+00 5.027283661068850801e-02
6.274732129711575013e+00 4.707017163881332261e-02
6.450884089267698407e+00 4.407153459958707692e-02
6.631981202212673843e+00 4.126392775591688350e-02
6.818162294944477786e+00 3.863518140032004555e-02
7.009570091165615580e+00 3.617390110473909376e-02
7.206351321293055889e+00 3.386941833084299719e-02
7.408656834939563396e+00 3.171174418673242124e-02
7.616641716552886798e+00 2.969152612960530499e-02
7.830465404301192756e+00 2.780000742670827793e-02
8.050291812295983007e+00 2.602898919885561144e-02
8.276289456246344045e+00 2.437079488199129368e-02
8.508631582640587609e+00 2.281823695275135219e-02
8.747496301554422260e+00 2.136458577379664672e-02
8.993066723187620681e+00 2.000354042387474454e-02
9.245531098233566780e+00 1.872920138617238314e-02
9.505082962189515428e+00 1.753604497657489450e-02
9.771921283717999174e+00 1.641889940099057477e-02
1.004625061717340628e+01 1.537292233795938511e-02
1.032828125941029640e+01 1.439357994937667286e-02
1.061822941099384643e+01 1.347662722835291788e-02
1.091631734193614811e+01 1.261808959902629632e-02
1.122277356208507015e+01 1.181424568857163473e-02
1.153783299629661485e+01 1.106161119673014677e-02
1.186173716452478821e+01 1.035692379294163995e-02
1.219473436696737778e+01 9.697128975615127919e-03
1.253707987440921379e+01 9.079366832244140095e-03
1.288903612390893194e+01 8.500959642977812258e-03
1.325087291997952832e+01 7.959400273914857965e-03
1.362286764141645712e+01 7.452341309810549957e-03
1.400530545393221082e+01 6.977584879091973911e-03
1.439847952876007753e+01 6.533073127077516397e-03
1.480269126739508501e+01 6.116879296106345586e-03
1.521825053264387861e+01 5.727199373914264660e-03
1.564547588616096618e+01 5.362344274055409234e-03
1.608469483265355748e+01 5.020732514475457001e-03
1.653624407094179460e+01 4.700883362501275843e-03
1.700046975206718614e+01 4.401410416533618059e-03
1.747772774464680978e+01 4.121015596622425517e-03
1.796838390767719673e+01 3.858483517876588192e-03
1.847281437099635681e+01 3.612676222319412874e-03
1.899140582361934904e+01 3.382528246354818587e-03
1.952455581016860364e+01 3.167042002463903334e-03
2.007267303562567662e+01 2.965283455113662016e-03
2.063617767863859598e+01 2.776378072134846626e-03
2.121550171362450854e+01 2.599507034020038555e-03
2.181108924191518383e+01 2.433903684710939704e-03
2.242339683219847757e+01 2.278850208490654661e-03
2.305289387051708516e+01 2.133674518576794254e-03
2.370006292009328064e+01 1.997747343928852216e-03
2.436540009125468131e+01 1.870479501642481005e-03
2.504941542174504221e+01 1.751319343107737413e-03
2.575263326771200667e+01 1.639750362861532420e-03
2.647559270567065681e+01 1.535288959769754010e-03
2.721884794575180422e+01 1.437482340834791072e-03
2.798296875655116978e+01 1.345906558542412637e-03
2.876854090190592217e+01 1.260164673240790189e-03
2.957616658993256564e+01 1.179885032586402852e-03
3.040646493467068723e+01 1.104719660599000732e-03
3.126007243068703190e+01 1.034342749342912534e-03
3.213764344100275139e+01 9.684492466968074292e-04
3.303985069871860247e+01 9.067535340905422429e-04
3.396738582272208617e+01 8.489881884776714687e-04
3.492095984787270169e+01 7.949028231773353241e-04
3.590130377007073292e+01 7.442630025610966248e-04
3.690916910662779316e+01 6.968492258803855042e-04
3.794532847236938977e+01 6.524559758299009610e-04
3.901057617190990356e+01 6.108908277229253576e-04
4.010572880855499989e+01 5.719736154172228590e-04
4.123162591029752377e+01 5.355356503761956764e-04
4.238913057338778145e+01 5.014189904802713715e-04
4.357913012397032304e+01 4.694757554191576884e-04
4.480253679829492341e+01 4.395674856974946215e-04
4.606028844202401018e+01 4.115645424754823460e-04
4.735334922917113687e+01 3.853455456430692925e-04
4.868271040122284887e+01 3.607968476920013164e-04
5.004939102700954123e+01 3.378120411052076139e-04
5.145443878390924652e+01 3.162914971282782244e-04
5.289893076098154978e+01 2.961419339238154894e-04
5.438397428464800498e+01 2.772760122368039836e-04
5.591070776755292115e+01 2.596119568183906097e-04
5.748030158125349942e+01 2.430732019671185209e-04
5.909395895340973937e+01 2.275880596511960143e-04
6.075291689016074059e+01 2.130894087732593744e-04
6.245844712439613744e+01 1.995144042307344984e-04
6.421185709064765490e+01 1.868042045107038589e-04
6.601449092734890201e+01 1.749037166385268029e-04
6.786773050723294887e+01 1.637613573746793893e-04
6.977299649665530978e+01 1.533288296247113430e-04
7.173174944465618807e+01 1.435609130931568718e-04
7.374549090259552031e+01 1.344152682739799688e-04
7.581576457522108115e+01 1.258522529279401214e-04
7.794415750404954224e+01 1.178347502513914322e-04
8.013230128396889995e+01 1.103280079917045117e-04
8.238187331399603863e+01 1.032994878119486057e-04
8.469459808314594795e+01 9.671872425189842189e-05
8.707224849239922548e+01 9.055719267402538260e-05
8.951664721378301692e+01 8.478818562207814861e-05
9.202966808760409378e+01 7.938669705632360679e-05
9.461323755890775544e+01 7.432931396365964887e-05
9.726933615426175095e+01 6.959411487277897105e-05
9.999999999999995737e+01 6.516057483449279699e-05
