1.000000000000000048e-04 4.415026437926963467e+02
1.028073223830865281e-04 4.534726652629683485e+02
1.056934553557988362e-04 4.657668582006500628e+02
1.086606113854597351e-04 4.783939575239086821e+02
1.117110650504824041e-04 4.913629250460195408e+02
1.148471547840289439e-04 5.046830212328686116e+02
1.180712846666190141e-04 5.183637666750158814e+02
1.213859262690628250e-04 5.324148432598344698e+02
1.247936205471311189e-04 5.468461802419315063e+02
1.282969797894147957e-04 5.616680177924607733e+02
1.318986896198670199e-04 5.768908946317521895e+02
1.356015110565633925e-04 5.925256552031185038e+02
1.394082826282578376e-04 6.085833804874694124e+02
1.433219225503574155e-04 6.250753982952970773e+02
1.473454309619835539e-04 6.420133581255287254e+02
1.514818922258346051e-04 6.594092403104546065e+02
1.557344772926134557e-04 6.772753888332065344e+02
1.601064461318317826e-04 6.956244398207342101e+02
1.646011502308550778e-04 7.144692326118502024e+02
1.692220351641037391e-04 7.338230493204425784e+02
1.739726432343801689e-04 7.536997089717976905e+02
1.788566161883461665e-04 7.741131723575954311e+02
1.838776980082327715e-04 7.950775741718689460e+02
1.890397377819221208e-04 8.166077051878481825e+02
1.943466926536020897e-04 8.387188582121907530e+02
1.998026308572550618e-04 8.614264851980731237e+02
2.054117348353064979e-04 8.847463752550362415e+02
2.111783044448243749e-04 9.086947585887401146e+02
2.171067602537265953e-04 9.332883916356993268e+02
2.232016469295233991e-04 9.585446134833955512e+02
2.294676367231936914e-04 9.844809751524891226e+02
2.359095330508635614e-04 1.011115268518649714e+03
2.425322741760353111e-04 1.038466004203913826e+03
2.493409369951879494e-04 1.066552288584721509e+03
2.563407409296515377e-04 1.095393553145327360e+03
2.635370519267394326e-04 1.125009652076184011e+03
2.709353865732051759e-04 1.155420887950787119e+03
2.785414163241767813e-04 1.186648146768729248e+03
2.863609718508116210e-04 1.218712965789928148e+03
2.944000475100034728e-04 1.251637284981930407e+03
3.026648059395691654e-04 1.285443457618096090e+03
3.111615827824361444e-04 1.320154492424433101e+03
3.198968915434537695e-04 1.355794007003860315e+03
3.288774285825511105e-04 1.392386087124621781e+03
3.381100782480684795e-04 1.429955384039565388e+03
3.476019181541978613e-04 1.468527185297815322e+03
3.573602246065787046e-04 1.508127389208512113e+03
3.673924781802075296e-04 1.548782502703321370e+03
3.777063694539367416e-04 1.590519644129512017e+03
3.883098049059605528e-04 1.633366528091140026e+03
3.992109129748052884e-04 1.677351250616308562e+03
4.104180502904709654e-04 1.722502477183090605e+03
4.219398080805026588e-04 1.768849923407036840e+03
4.337850187558990231e-04 1.816424067667357122e+03
4.459627626819093779e-04 1.865255918776336557e+03
4.584823751389095932e-04 1.915376932805344040e+03
4.713534534786909978e-04 1.966818902079391592e+03
4.845858644816496185e-04 2.019614633288869527e+03
4.981897519205162042e-04 2.073797974075114780e+03
5.121755443364240474e-04 2.129403175068569908e+03
5.265539630332758715e-04 2.186465044414841941e+03
5.413360302965379654e-04 2.245019273185118436e+03
5.565330778427647921e-04 2.305102201864050585e+03
5.721567555063251324e-04 2.366750474078556181e+03
5.882190401699957617e-04 2.430001552819230255e+03
6.047322449462647380e-04 2.494893929440655484e+03
6.217090286163829381e-04 2.561466773519838625e+03
6.391624053344003523e-04 2.629759881324220260e+03
6.571057546036271476e-04 2.699813553375125139e+03
6.755528315331644270e-04 2.771668665173342106e+03
6.945177773823697038e-04 2.845366698946683300e+03
7.140151304013400355e-04 2.920949974996338369e+03
7.340598369757211656e-04 2.998461994256380422e+03
7.546672630843890076e-04 3.077946544034483850e+03
7.758532060787837713e-04 3.159447195934633783e+03
7.976339067929278130e-04 3.243008665051481330e+03
8.200260619934130737e-04 3.328676883409852962e+03
8.430468371788971344e-04 3.416497881087394944e+03
8.667138797389231696e-04 3.506517971712350572e+03
8.910453324821514341e-04 3.598784108659964659e+03
9.160598475443706154e-04 3.693343772072438242e+03
9.417766006869523988e-04 3.790244745491209414e+03
9.682153059967085751e-04 3.889535496099583270e+03
9.953962309984236857e-04 3.991265321305585985e+03
1.023340212191642049e-03 4.095483300067919117e+03
1.052068671023622922e-03 4.202238201278832094e+03
1.081603630310709867e-03 4.311579625886396570e+03
1.111967731120699519e-03 4.423557753479587518e+03
1.143184250129150028e-03 4.538222524110085033e+03
1.175277117462945366e-03 4.655624007752820944e+03
1.208270935044776636e-03 4.775812662925553013e+03
1.242190995452617476e-03 4.898838534442097625e+03
1.277063301308643990e-03 5.024750724585680473e+03
1.312914585212465604e-03 5.153600669559626112e+03
1.349772330233942573e-03 5.285441365687443067e+03
1.387664790981308705e-03 5.420313633778014264e+03
1.426621015260737648e-03 5.558258899643506084e+03
1.466670866343968349e-03 5.699370202356355549e+03
1.507845045861051347e-03 5.843727773550946040e+03
1.550175117335769997e-03 5.991304414177046056e+03
1.593693530381775150e-03 6.142100176698489122e+03
1.638433645577984637e-03 6.296209800543116216e+03
1.684429760042315850e-03 6.453702406080578839e+03
1.731717133723354026e-03 6.614607618762236598e+03
1.780332016430114135e-03 6.778967104440601361e+03
1.830311675620612021e-03 6.946827825126962125e+03
1.881694424970556086e-03 7.118214142465782970e+03
1.934519653744045872e-03 7.293152088864393590e+03
1.988827856988810081e-03 7.471704441534327998e+03
2.044660666579116784e-03 7.653922529981525258e+03
2.102060883130158625e-03 7.839821072333210395e+03
2.161072508808377368e-03 8.029420033719230560e+03
2.221740781062885202e-03 8.222750157117106937e+03
2.284112207303824749e-03 8.419841730638983790e+03
2.348234600554276272e-03 8.620721121832233621e+03
2.414157116103019234e-03 8.825397461880213086e+03
2.481930289186255051e-03 9.033875785494579759e+03
2.551606073727184613e-03 9.246173736886164988e+03
2.623237882163122550e-03 9.462302861283800667e+03
2.696880626390694112e-03 9.682259177238898701e+03
2.772590759860483686e-03 9.906039876688777440e+03
2.850426320853435488e-03 1.013364495457906378e+04
2.930446976972143555e-03 1.036506323441178392e+04
3.012714070881164757e-03 1.060027455744979306e+04
3.097290667331408388e-03 1.083925723734277017e+04
3.184241601504654226e-03 1.108198495212508533e+04
3.273633528715246682e-03 1.132842272579583187e+04
3.365534975507094694e-03 1.157852948635582288e+04
3.460016392185110562e-03 1.183225862768246043e+04
3.557150206821386215e-03 1.208955485432903515e+04
3.657010880777490907e-03 1.235035361376135370e+04
3.759674965785466966e-03 1.261458585038017372e+04
3.865221162631264206e-03 1.288217630462712623e+04
3.973730381485608698e-03 1.315303647174908292e+04
4.085285803928562741e-03 1.342706803935352036e+04
4.199972946715305709e-03 1.370416547795534461e+04
4.317879727332022029e-03 1.398421419914701073e+04
4.439096531392168997e-03 1.426708902693346499e+04
4.563716281924761094e-03 1.455265349067539137e+04
4.691834510607797992e-03 1.484075944764034466e+04
4.823549431001468782e-03 1.513124981752773238e+04
4.958962013837215146e-03 1.542395751832570750e+04
5.098176064420424994e-03 1.571870007287011867e+04
5.241298302206058926e-03 1.601528267750136183e+04
5.388438442608223244e-03 1.631350035375309199e+04
5.539709281106404079e-03 1.661313470617597341e+04
5.695226779712823234e-03 1.691395068825477938e+04
5.855110155867242032e-03 1.721570021386896769e+04
6.019481973827276768e-03 1.751812185310947825e+04
6.188468238624385796e-03 1.782093422504867340e+04
6.362198492657489789e-03 1.812383872580178650e+04
6.540805914998253610e-03 1.842652749234256044e+04
6.724427423484249239e-03 1.872867843054806508e+04
6.913203779678128193e-03 1.902994490519039391e+04
7.107279696773417810e-03 1.932996148152771639e+04
7.306803950529504668e-03 1.962834352281695828e+04
7.511929493320966197e-03 1.992471001498342957e+04
7.722813571388646714e-03 2.021867880049227097e+04
7.939617845382279313e-03 2.050973210702620781e+04
8.162508514287231468e-03 2.079732640642883416e+04
8.391656442830155299e-03 2.108141622332347470e+04
8.627237292461452031e-03 2.136191435561214894e+04
8.869431656014713575e-03 2.163780913348269314e+04
9.118425196146570655e-03 2.190819143258986151e+04
9.374408787662998066e-03 2.217281967173888188e+04
9.637578663841087079e-03 2.243118831177798711e+04
9.908136566858672528e-03 2.268242746895014716e+04
1.018628990244687879e-02 2.292645441113240668e+04
1.047225189888434729e-02 2.316327617588885914e+04
1.076624177045493527e-02 2.338950747036528992e+04
1.106848488549412070e-02 2.360216293132414285e+04
1.137921293915315074e-02 2.380512053343982916e+04
1.169866413101306943e-02 2.400100555089318368e+04
1.202708334768511945e-02 2.418642625162282638e+04
1.236472235053715993e-02 2.435866543163853203e+04
1.271183996869028332e-02 2.451695368247095030e+04
1.306870229743346996e-02 2.466290309255794637e+04
1.343558290220825575e-02 2.479880295135740380e+04
1.381276302832009847e-02 2.492019415960587867e+04
1.420053181653682141e-02 2.502179062424815493e+04
1.459918652473978819e-02 2.510596608076019402e+04
1.500903275579736421e-02 2.517399318570697505e+04
1.543038469183564444e-02 2.522114959078227548e+04
1.586356533508591002e-02 2.524675624112991136e+04
1.630890675549331870e-02 2.525562467963560994e+04
1.676675034527700184e-02 2.524705641945830212e+04
1.723744708063620554e-02 2.521689588097803062e+04
1.772135779080359283e-02 2.516646337108676744e+04
1.821885343465167589e-02 2.509778944053675514e+04
1.873031538506437013e-02 2.500673044080157342e+04
1.925613572129198509e-02 2.489019605306782978e+04
1.979671752951332395e-02 2.475024913689487221e+04
2.035247521183577296e-02 2.458802330494995840e+04
2.092383480396978190e-02 2.440275426990431515e+04
2.151123430182166549e-02 2.419422496676429000e+04
2.211512399725490061e-02 2.396271174254059952e+04
2.273596682327716154e-02 2.370846498309087838e+04
2.337423870891815886e-02 2.343180211467414483e+04
2.403042894406967958e-02 2.313323702793863413e+04
2.470504055456825693e-02 2.281343342595143986e+04
2.539859068780726467e-02 2.247320588296654387e+04
2.611161100917459149e-02 2.211353565423961118e+04
2.684464810961964890e-02 2.173556396265385411e+04
2.759826392466179640e-02 2.134060879777498485e+04
2.837303616516213128e-02 2.093015581153163293e+04
2.916955876018797328e-02 2.050584940923414615e+04
2.998844231231028931e-02 2.006949306536967924e+04
3.083031456568277942e-02 1.962304059652539217e+04
3.169582088726115993e-02 1.916857558435004830e+04
3.258562476153226140e-02 1.870829765122153185e+04
3.350040829913133317e-02 1.824450667302443253e+04
3.444087275973822804e-02 1.777957696533853232e+04
3.540773908965272332e-02 1.731591879945439723e+04
3.640174847446139839e-02 1.685595623444938246e+04
3.742366290721982347e-02 1.640209927801461890e+04
3.847426577258503816e-02 1.595667869786036135e+04
3.955436244734702317e-02 1.552194123966827101e+04
4.066478091781854792e-02 1.509998843573250451e+04
4.180637241455758407e-02 1.469271823694614432e+04
4.298001206490798670e-02 1.430181237113831594e+04
4.418659956385941057e-02 1.392867357434788755e+04
4.542705986374045990e-02 1.357437228634777784e+04
4.670234388327333674e-02 1.323962609457679901e+04
4.801342923653453137e-02 1.292473286886378264e+04
4.936132098237919208e-02 1.262954895567575295e+04
5.074705239490467923e-02 1.235345115014839030e+04
5.217168575554350513e-02 1.209530323960151873e+04
5.363631316739241039e-02 1.185344495175468182e+04
5.514205739240302800e-02 1.162568542611058365e+04
5.669007271207433807e-02 1.140937476940296438e+04
5.828154581230844677e-02 1.120098600484080634e+04
5.991769669310622465e-02 1.100019542610042117e+04
6.159977960380166873e-02 1.079689593840473208e+04
6.332908400455118658e-02 1.059019764720803505e+04
6.510693555481457395e-02 1.037565977271332122e+04
6.693469712958663442e-02 1.014925228183581930e+04
6.881376986415664587e-02 9.907389265294152210e+03
7.074559422819878818e-02 9.647129357210824310e+03
7.273165113001461846e-02 9.366492516844067723e+03
7.477346305177587360e-02 9.064563301161382697e+03
7.687259521663733497e-02 8.741046627477740913e+03
7.903065678861345700e-02 8.398969219817243356e+03
8.124930210614052239e-02 8.041888998684396029e+03
8.353023195026774983e-02 7.674790669863861694e+03
8.587519484845174134e-02 7.303780095378575425e+03
8.828598841495152727e-02 6.935769371808411961e+03
9.076446072885357985e-02 6.577990384615421135e+03
9.331251175078249249e-02 6.237470088173064141e+03
9.593209477938241525e-02 5.920550584083798640e+03
9.862521794868782388e-02 5.632348764933459279e+03
1.013939457675292477e-01 5.376334744977963055e+03
1.042404007021556500e-01 5.154027749848019084e+03
1.071667648032863795e-01 4.964767386260305102e+03
1.101752813788386687e-01 4.805617465530672234e+03
1.132682567136154145e-01 4.671412294645417205e+03
1.164480618372685794e-01 4.555056284397268428e+03
1.197171343418966943e-01 4.447998942687202543e+03
1.230779802506665743e-01 4.340979790716773095e+03
1.265331759388942934e-01 4.225084858983427694e+03
1.300853701090571579e-01 4.092955782887677742e+03
1.337372858212496074e-01 3.940059534269149481e+03
1.374917225806419896e-01 3.765581919682705120e+03
1.413515584835395023e-01 3.572745869381056764e+03
1.453197524236895799e-01 3.368488307604950933e+03
1.493993463605258198e-01 3.162335890668707179e+03
1.535934676510897212e-01 2.964748358096392622e+03
1.579053314474175851e-01 2.785109603124562000e+03
1.623382431612278298e-01 2.630075903388704319e+03
1.668956009978024568e-01 2.502593052143115983e+03
1.715808985610006165e-01 2.401251804120343877e+03
1.763977275314044801e-01 2.320392108249236571e+03
1.813497804196496366e-01 2.251271525745788495e+03
1.864408533970486059e-01 2.183766349610911675e+03
1.916748492056815356e-01 2.108554406771640970e+03
1.970557801501798822e-01 2.019710493175160082e+03
2.025877711735017406e-01 1.916487604429460362e+03
2.082750630190516594e-01 1.803359955643399644e+03
2.141220154815729193e-01 1.688640804263328164e+03
2.201331107493031680e-01 1.581558172205003757e+03
2.263129568399529223e-01 1.489110805441802768e+03
2.326662911331459360e-01 1.414053715082255621e+03
2.391979840020238557e-01 1.354060027603643221e+03
2.459130425468044889e-01 1.302819410862595532e+03
2.528166144331501219e-01 1.252487450302634898e+03
2.599139918382933900e-01 1.196811232239720312e+03
2.672106155079435608e-01 1.133798077460028480e+03
2.747120789270811603e-01 1.066268484373142883e+03
2.824241326078435477e-01 1.000130927897925858e+03
2.903526884977813416e-01 9.409896271516523711e+02
2.985038245118734057e-01 8.913758940323638171e+02
3.068837891917643446e-01 8.496450423414202078e+02
3.154990064958086982e-01 8.113674948570064771e+02
3.243560807235809640e-01 7.720904077624028332e+02
3.334618015786366407e-01 7.300687762042380200e+02
3.428231493733970847e-01 6.869815372128146009e+02
3.524473003801584237e-01 6.462329781665484916e+02
3.623416323323152555e-01 6.102342624665018320e+02
3.725137300800212548e-01 5.787364914300089822e+02
3.829713914046279921e-01 5.494419783110901108e+02
3.937226329963477989e-01 5.201346342309994952e+02
4.047756965997323930e-01 4.904500678289451798e+02
4.161390553316708374e-01 4.617684173600942472e+02
4.278214201767614466e-01 4.355239811821721787e+02
4.398317466650228380e-01 4.117735353651884225e+02
4.521792417370701922e-01 3.894041358642919022e+02
4.648733708020256206e-01 3.674942647338698976e+02
4.779238649935594330e-01 3.461892377725127403e+02
4.913407286296365140e-01 3.261877498380393945e+02
5.051342468816764075e-01 3.077180885451749077e+02
5.193149936590210070e-01 2.903398136408846426e+02
5.338938397147356962e-01 2.736318061884492181e+02
5.488819609789672427e-01 2.576682791840904656e+02
5.642908471262538805e-01 2.426936336793606586e+02
5.801323103833373462e-01 2.286642237054608131e+02
5.964184945842465613e-01 2.153525245637659680e+02
6.131618844795774237e-01 2.026924971168904790e+02
6.303753153071274262e-01 1.907599256151291911e+02
6.480719826311974741e-01 1.795384931564371129e+02
6.662654524581153037e-01 1.689308792131138830e+02
6.849696716357442927e-01 1.588901178497526132e+02
7.041989785449285222e-01 1.494337752523855158e+02
7.239681140910878554e-01 1.405195467769729873e+02
7.442922330043759693e-01 1.321040425166316368e+02
7.651869154570819509e-01 1.241699529902103052e+02
7.866681790071589075e-01 1.166920349017494516e+02
8.087524908770455934e-01 1.096425241871381360e+02
8.314567805772061782e-01 1.029995182204368689e+02
8.547984528840417706e-01 9.674230867809190215e+01
8.787954011821322853e-01 9.084821225380369469e+01
9.034660211810530139e-01 8.529851929656146581e+01
9.288292250172494047e-01 8.007455215790912462e+01
9.549044557518088228e-01 7.515793811192877172e+01
9.817117022752195332e-01 7.053146428753331065e+01
1.009271514630570854e+00 6.617885567141080116e+01
1.037605019766912440e+00 6.208444273034569960e+01
1.066733937734857918e+00 5.823358601632044440e+01
1.096680598336868151e+00 5.461270365556278250e+01
1.127467958244945612e+00 5.120891259916301408e+01
1.159119618598886126e+00 4.800991507230074973e+01
1.191659843098559213e+00 4.500402346324962366e+01
1.225113576604118126e+00 4.218008524240809720e+01
1.259506464258359104e+00 3.952735460023846059e+01
1.294864871145904983e+00 3.703579467375939771e+01
1.331215902504307769e+00 3.469610364196540786e+01
1.368587424502517580e+00 3.249951210053704642e+01
1.407008085602686087e+00 3.043779884474420072e+01
1.446507338521646480e+00 2.850297762652864719e+01
1.487115462808953126e+00 2.668716865976852759e+01
1.528863588058731571e+00 2.498703750909376353e+01
1.571783717773163280e+00 2.339521481055735208e+01
1.615908753895917815e+00 2.190480067246567231e+01
1.661272522034291654e+00 2.050933476720753745e+01
1.707909797389428608e+00 1.920276832841136638e+01
1.755856331414468618e+00 1.797943793204978746e+01
1.805148879221108116e+00 1.683404094784357241e+01
1.855825227755520057e+00 1.576161255455700072e+01
1.907924224765265908e+00 1.475750421955533476e+01
1.961485808579430667e+00 1.381736354934240296e+01
2.016551038724745393e+00 1.293711542373855039e+01
2.073162127401231736e+00 1.211294433192353459e+01
2.131362471841438122e+00 1.134127783377838838e+01
2.191196687578147895e+00 1.061877107483803684e+01
2.252710642645982198e+00 9.942292287733428324e+00
2.315951492743154372e+00 9.308909217277888004e+00
2.380967717380357840e+00 8.715876410356104387e+00
2.447809157044444017e+00 8.160623315522688159e+00
2.516527051405392790e+00 7.640743140726985239e+00
2.587174078595922744e+00 7.153982420866973335e+00
2.659804395593756698e+00 6.698231249951971833e+00
2.734473679737583041e+00 6.271514135534586032e+00
2.811239171408464355e+00 5.871981435769651370e+00
2.890159717909508874e+00 5.497901341983391532e+00
2.971295818577336600e+00 5.147652372000541376e+00
3.054709671159970164e+00 4.819716341691101746e+00
3.140465219496751281e+00 4.512671784271336861e+00
3.228628202536729219e+00 4.225187788834358749e+00
3.319266204733191561e+00 3.956018231402923746e+00
3.412448707852890450e+00 3.703996373498431360e+00
3.508247144239789783e+00 3.468029804813146377e+00
3.606734951574031900e+00 3.247095708064251962e+00
3.707987629168172372e+00 3.040236425504816875e+00
3.812082795843888317e+00 2.846555307874345964e+00
3.919100249433401739e+00 2.665212827795841566e+00
4.029122027951350660e+00 2.495422940772547449e+00
4.142232472483896366e+00 2.336449678010822595e+00
4.258518291843413017e+00 2.187603956300429697e+00
4.378068629038172510e+00 2.048240591124396381e+00
4.500975129608047354e+00 1.917755500051520734e+00
4.627332011878690032e+00 1.795583084289386067e+00
4.757236139187885904e+00 1.681193777047996107e+00
4.890787094139594338e+00 1.574091748087211862e+00
5.028087254942479767e+00 1.473812754498148747e+00
5.169241873891597727e+00 1.379922128402566228e+00
5.314359158053243881e+00 1.292012892847752559e+00
5.463550352214879169e+00 1.209703997730104064e+00
5.616929824163807261e+00 1.132638668100843127e+00
5.774615152359817039e+00 1.060482857694475367e+00
5.936727216069127344e+00 9.929238009766686579e-01
6.103390288028621491e+00 9.296686574352831522e-01
6.274732129711575013e+00 8.704432422381123136e-01
6.450884089267698407e+00 8.149908377552684824e-01
6.631981202212673843e+00 7.630710807946485819e-01
6.818162294944477786e+00 7.144589207271109244e-01
7.009570091165615580e+00 6.689436439852667338e-01
7.206351321293055889e+00 6.263279607074924149e-01
7.408656834939563396e+00 5.864271495681422364e-01
7.616641716552886798e+00 5.490682570871571189e-01
7.830465404301192756e+00 5.140893479484056616e-01
8.050291812295983007e+00 4.813388030772007831e-01
8.276289456246344045e+00 4.506746624344461494e-01
8.508631582640587609e+00 4.219640096787003469e-01
8.747496301554422260e+00 3.950823960289213121e-01
8.993066723187620681e+00 3.699133008305767190e-01
9.245531098233566780e+00 3.463476264868959320e-01
9.505082962189515428e+00 3.242832255660023089e-01
9.771921283717999174e+00 3.036244580341290189e-01
1.004625061717340628e+01 2.842817766957091985e-01
1.032828125941029640e+01 2.661713390433945725e-01
1.061822941099384643e+01 2.492146438355330729e-01
1.091631734193614811e+01 2.333381908258198301e-01
1.122277356208507015e+01 2.184731621701906101e-01
1.153783299629661485e+01 2.045551241299880252e-01
1.186173716452478821e+01 1.915237477784079434e-01
1.219473436696737778e+01 1.793225474996042734e-01
1.253707987440921379e+01 1.678986361469536059e-01
1.288903612390893194e+01 1.572024957991929317e-01
1.325087291997952832e+01 1.471877631207528514e-01
1.362286764141645712e+01 1.378110283959121940e-01
1.400530545393221082e+01 1.290316473656711316e-01
1.439847952876007753e+01 1.208115650517325723e-01
1.480269126739508501e+01 1.131151508039424103e-01
1.521825053264387861e+01 1.059090438561878372e-01
1.564547588616096618e+01 9.916200872130191690e-02
1.608469483265355748e+01 9.284479979817178430e-02
1.653624407094179460e+01 8.693003460417825234e-02
1.700046975206718614e+01 8.139207508348174358e-02
1.747772774464680978e+01 7.620691647667555968e-02
1.796838390767719673e+01 7.135208327010228446e-02
1.847281437099635681e+01 6.680653177381652708e-02
1.899140582361934904e+01 6.255055890591043610e-02
1.952455581016860364e+01 5.856571678781900131e-02
2.007267303562567662e+01 5.483473278041210014e-02
2.063617767863859598e+01 5.134143461426208394e-02
2.121550171362450854e+01 4.807068028955824995e-02
2.181108924191518383e+01 4.500829244181291794e-02
2.242339683219847757e+01 4.214099688886197709e-02
2.305289387051708516e+01 3.945636509278653559e-02
2.370006292009328064e+01 3.694276028735174466e-02
2.436540009125468131e+01 3.458928703744790917e-02
2.504941542174504221e+01 3.238574401189465990e-02
2.575263326771200667e+01 3.032257976489812976e-02
2.647559270567065681e+01 2.839085133449179704e-02
2.721884794575180422e+01 2.658218547850269356e-02
2.798296875655116978e+01 2.488874238001670056e-02
2.876854090190592217e+01 2.330318166502129071e-02
2.957616658993256564e+01 2.181863058492633164e-02
3.040646493467068723e+01 2.042865422604719233e-02
3.126007243068703190e+01 1.912722761692080622e-02
3.213764344100275139e+01 1.790870961255129623e-02
3.303985069871860247e+01 1.676781844238430658e-02
3.396738582272208617e+01 1.569960881602060904e-02
3.492095984787270169e+01 1.469945048743168461e-02
3.590130377007073292e+01 1.376300818476214327e-02
3.690916910662779316e+01 1.288622281872291338e-02
3.794532847236938977e+01 1.206529388812136935e-02
3.901057617190990356e+01 1.129666300626374666e-02
4.010572880855499989e+01 1.057699847682352055e-02
4.123162591029752377e+01 9.903180852318605593e-03
4.238913057338778145e+01 9.272289412599322295e-03
4.357913012397032304e+01 8.681589504736983084e-03
4.480253679829492341e+01 8.128520689436797772e-03
4.606028844202401018e+01 7.610685642594639672e-03
4.735334922917113687e+01 7.125839763890601079e-03
4.868271040122284887e+01 6.671881447376839733e-03
5.004939102700954123e+01 6.246842971886768826e-03
5.145443878390924652e+01 5.848881971779290069e-03
5.289893076098154978e+01 5.476273451047279639e-03
5.438397428464800498e+01 5.127402306174790036e-03
5.591070776755292115e+01 4.800756325332662493e-03
5.748030158125349942e+01 4.494919633566958443e-03
5.909395895340973937e+01 4.208566555567822172e-03
6.075291689016074059e+01 3.940455869416415423e-03
6.245844712439613744e+01 3.689425426402301571e-03
6.421185709064765490e+01 3.454387113590421960e-03
6.601449092734890201e+01 3.234322137302468852e-03
6.786773050723294887e+01 3.028276607068516434e-03
6.977299649665530978e+01 2.835357400907156152e-03
7.173174944465618807e+01 2.654728294011845981e-03
7.374549090259552031e+01 2.485606334062934446e-03
7.581576457522108115e+01 2.327258447453836587e-03
7.794415750404954224e+01 2.178998261720758479e-03
8.013230128396889995e+01 2.040183130402524383e-03
8.238187331399603863e+01 1.910211347434500641e-03
8.469459808314594795e+01 1.788519539002170937e-03
8.707224849239922548e+01 1.674580221549135757e-03
8.951664721378301692e+01 1.567899515354497127e-03
9.202966808760409378e+01 1.468015003768951762e-03
9.461323755890775544e+01 1.374493728830257283e-03
9.726933615426175095e+01 1.286930314569896322e-03
9.999999999999995737e+01 1.204945209876255932e-03
