1.000000000000000048e-04 4.219478432283314362e+01
1.028073223830865281e-04 4.333886467661028519e+01
1.056934553557988362e-04 4.451394256541503580e+01
1.086606113854597351e-04 4.572085281150442881e+01
1.117110650504824041e-04 4.696044636022414664e+01
1.148471547840289439e-04 4.823360823574589773e+01
1.180712846666190141e-04 4.954125177012261361e+01
1.213859262690628250e-04 5.088430729579736322e+01
1.247936205471311189e-04 5.226372762984799891e+01
1.282969797894147957e-04 5.368049059290038372e+01
1.318986896198670199e-04 5.513560109590709857e+01
1.356015110565633925e-04 5.663009276427915495e+01
1.394082826282578376e-04 5.816503090514295593e+01
1.433219225503574155e-04 5.974151153002105019e+01
1.473454309619835539e-04 6.136064756307113299e+01
1.514818922258346051e-04 6.302357767119617193e+01
1.557344772926134557e-04 6.473148479563162994e+01
1.601064461318317826e-04 6.648558217947626758e+01
1.646011502308550778e-04 6.828710072381430507e+01
1.692220351641037391e-04 7.013731366031669268e+01
1.739726432343801689e-04 7.203754592180943916e+01
1.788566161883461665e-04 7.398913594206517530e+01
1.838776980082327715e-04 7.599343891445377608e+01
1.890397377819221208e-04 7.805187459299908426e+01
1.943466926536020897e-04 8.016591026810668552e+01
1.998026308572550618e-04 8.233702061545149320e+01
2.054117348353064979e-04 8.456671675763693941e+01
2.111783044448243749e-04 8.685657054122103204e+01
2.171067602537265953e-04 8.920819651801089378e+01
2.232016469295233991e-04 9.162324733219048767e+01
2.294676367231936914e-04 9.410340451653298999e+01
2.359095330508635614e-04 9.665038226101675889e+01
2.425322741760353111e-04 9.926596026554864238e+01
2.493409369951879494e-04 1.019519742151083790e+02
2.563407409296515377e-04 1.047102953349433818e+02
2.635370519267394326e-04 1.075428346015419407e+02
2.709353865732051759e-04 1.104515390801996375e+02
2.785414163241767813e-04 1.134384122492678699e+02
2.863609718508116210e-04 1.165055233865873703e+02
2.944000475100034728e-04 1.196549922853210859e+02
3.026648059395691654e-04 1.228889877840020262e+02
3.111615827824361444e-04 1.262097199796792353e+02
3.198968915434537695e-04 1.296194484116842318e+02
3.288774285825511105e-04 1.331204977936514808e+02
3.381100782480684795e-04 1.367152527583895960e+02
3.476019181541978613e-04 1.404061546293615663e+02
3.573602246065787046e-04 1.441956992018721451e+02
3.673924781802075296e-04 1.480864346111346208e+02
3.777063694539367416e-04 1.520809695304819797e+02
3.883098049059605528e-04 1.561819752401818562e+02
3.992109129748052884e-04 1.603921877728749052e+02
4.104180502904709654e-04 1.647144060930525313e+02
4.219398080805026588e-04 1.691514806700537292e+02
4.337850187558990231e-04 1.737063269432514687e+02
4.459627626819093779e-04 1.783819370291309667e+02
4.584823751389095932e-04 1.831813616498785393e+02
4.713534534786909978e-04 1.881077012623811129e+02
4.845858644816496185e-04 1.931641345699641477e+02
4.981897519205162042e-04 1.983539201065163695e+02
5.121755443364240474e-04 2.036803707090356284e+02
5.265539630332758715e-04 2.091468563110512946e+02
5.413360302965379654e-04 2.147567953540371946e+02
5.565330778427647921e-04 2.205136821961301905e+02
5.721567555063251324e-04 2.264211194117041543e+02
5.882190401699957617e-04 2.324827614450511248e+02
6.047322449462647380e-04 2.387022866368120617e+02
6.217090286163829381e-04 2.450834519165000245e+02
6.391624053344003523e-04 2.516300997861485769e+02
6.571057546036271476e-04 2.583461575099400989e+02
6.755528315331644270e-04 2.652356136166710598e+02
6.945177773823697038e-04 2.723024224684500609e+02
7.140151304013400355e-04 2.795506077663502538e+02
7.340598369757211656e-04 2.869843771406092401e+02
7.546672630843890076e-04 2.946079728955590440e+02
7.758532060787837713e-04 3.024256042721805215e+02
7.976339067929278130e-04 3.104415761781935998e+02
8.200260619934130737e-04 3.186602931279909967e+02
8.430468371788971344e-04 3.270861358404306998e+02
8.667138797389231696e-04 3.357235066992058137e+02
8.910453324821514341e-04 3.445769615613524479e+02
9.160598475443706154e-04 3.536511089101099969e+02
9.417766006869523988e-04 3.629504865347356031e+02
9.682153059967085751e-04 3.724796809049288981e+02
9.953962309984236857e-04 3.822433680443171511e+02
1.023340212191642049e-03 3.922462502271194467e+02
1.052068671023622922e-03 4.024930471790642628e+02
1.081603630310709867e-03 4.129885172439780945e+02
1.111967731120699519e-03 4.237374438594901562e+02
1.143184250129150028e-03 4.347445772658633700e+02
1.175277117462945366e-03 4.460146851058996162e+02
1.208270935044776636e-03 4.575526050716035797e+02
1.242190995452617476e-03 4.693631430181153519e+02
1.277063301308643990e-03 4.814510157872376226e+02
1.312914585212465604e-03 4.938211246602649567e+02
1.349772330233942573e-03 5.064784966432673627e+02
1.387664790981308705e-03 5.194272104314802618e+02
1.426621015260737648e-03 5.326713932256161570e+02
1.466670866343968349e-03 5.462192069825680392e+02
1.507845045861051347e-03 5.600778313577062590e+02
1.550175117335769997e-03 5.742461093777501446e+02
1.593693530381775150e-03 5.887249803569959568e+02
1.638433645577984637e-03 6.035226967611017699e+02
1.684429760042315850e-03 6.186454674134533889e+02
1.731717133723354026e-03 6.340963897005179888e+02
1.780332016430114135e-03 6.498796404036280592e+02
1.830311675620612021e-03 6.659998744728661677e+02
1.881694424970556086e-03 6.824598092607656099e+02
1.934519653744045872e-03 6.992622128400505517e+02
1.988827856988810081e-03 7.164126979818871632e+02
2.044660666579116784e-03 7.339160216824953977e+02
2.102060883130158625e-03 7.517741680169872325e+02
2.161072508808377368e-03 7.699893198644377890e+02
2.221740781062885202e-03 7.885642680576480643e+02
2.284112207303824749e-03 8.075019841952922661e+02
2.348234600554276272e-03 8.268052365018216960e+02
2.414157116103019234e-03 8.464751648584474424e+02
2.481930289186255051e-03 8.665124420089233581e+02
2.551606073727184613e-03 8.869186558076071378e+02
2.623237882163122550e-03 9.076948978311460223e+02
2.696880626390694112e-03 9.288410650536628737e+02
2.772590759860483686e-03 9.503570069011781243e+02
2.850426320853435488e-03 9.722426217297886524e+02
2.930446976972143555e-03 9.944968113454518743e+02
3.012714070881164757e-03 1.017117686014906894e+03
3.097290667331408388e-03 1.040103283741221503e+03
3.184241601504654226e-03 1.063451167719792920e+03
3.273633528715246682e-03 1.087157866955618829e+03
3.365534975507094694e-03 1.111219396638226499e+03
3.460016392185110562e-03 1.135631476201511987e+03
3.557150206821386215e-03 1.160388983246026555e+03
3.657010880777490907e-03 1.185485851961314665e+03
3.759674965785466966e-03 1.210915427012045939e+03
3.865221162631264206e-03 1.236670400930210462e+03
3.973730381485608698e-03 1.262742535483565916e+03
4.085285803928562741e-03 1.289122724723189094e+03
4.199972946715305709e-03 1.315800930787828747e+03
4.317879727332022029e-03 1.342766196810972815e+03
4.439096531392168997e-03 1.370006560240091858e+03
4.563716281924761094e-03 1.397509071350582872e+03
4.691834510607797992e-03 1.425259753081683357e+03
4.823549431001468782e-03 1.453243501276953111e+03
4.958962013837215146e-03 1.481444091399106128e+03
5.098176064420424994e-03 1.509844064862291589e+03
5.241298302206058926e-03 1.538424799166488810e+03
5.388438442608223244e-03 1.567166412941310909e+03
5.539709281106404079e-03 1.596047831583526659e+03
5.695226779712823234e-03 1.625046710286392226e+03
5.855110155867242032e-03 1.654139325489182511e+03
6.019481973827276768e-03 1.683300478951048717e+03
6.188468238624385796e-03 1.712503155161812401e+03
6.362198492657489789e-03 1.741718715106573427e+03
6.540805914998253610e-03 1.770917325734205633e+03
6.724427423484249239e-03 1.800067795326181567e+03
6.913203779678128193e-03 1.829137085996384712e+03
7.107279696773417810e-03 1.858090189663810634e+03
7.306803950529504668e-03 1.886889678748208780e+03
7.511929493320966197e-03 1.915498597603907911e+03
7.722813571388646714e-03 1.943880159302481616e+03
7.939617845382279313e-03 1.971985028708934578e+03
8.162508514287231468e-03 1.999761426651562942e+03
8.391656442830155299e-03 2.027203390754046950e+03
8.627237292461452031e-03 2.054301033976874805e+03
8.869431656014713575e-03 2.080959120356725180e+03
9.118425196146570655e-03 2.107091572653474941e+03
9.374408787662998066e-03 2.132673359091227212e+03
9.637578663841087079e-03 2.157655059625774811e+03
9.908136566858672528e-03 2.181953811607248554e+03
1.018628990244687879e-02 2.205561086791304660e+03
1.047225189888434729e-02 2.228476265680055349e+03
1.076624177045493527e-02 2.250374695170497944e+03
1.106848488549412070e-02 2.270970236647913225e+03
1.137921293915315074e-02 2.290633773769564414e+03
1.169866413101306943e-02 2.309616275100794155e+03
1.202708334768511945e-02 2.327592488970877184e+03
1.236472235053715993e-02 2.344301305200051502e+03
1.271183996869028332e-02 2.359667765436091486e+03
1.306870229743346996e-02 2.373846618751161714e+03
1.343558290220825575e-02 2.387058206105858972e+03
1.381276302832009847e-02 2.398872955947819719e+03
1.420053181653682141e-02 2.408781533054713691e+03
1.459918652473978819e-02 2.417012266055884993e+03
1.500903275579736421e-02 2.423687753240933944e+03
1.543038469183564444e-02 2.428353685867779404e+03
1.586356533508591002e-02 2.430944119662500270e+03
1.630890675549331870e-02 2.431920775627974763e+03
1.676675034527700184e-02 2.431215899267376699e+03
1.723744708063620554e-02 2.428429565349091718e+03
1.772135779080359283e-02 2.423688911218107478e+03
1.821885343465167589e-02 2.417189265026940575e+03
1.873031538506437013e-02 2.408530804249402991e+03
1.925613572129198509e-02 2.397415387139781160e+03
1.979671752951332395e-02 2.384042047905063100e+03
2.035247521183577296e-02 2.368519854668780226e+03
2.092383480396978190e-02 2.350774374541159887e+03
2.151123430182166549e-02 2.330784398715296902e+03
2.211512399725490061e-02 2.308576610428544427e+03
2.273596682327716154e-02 2.284174866789768657e+03
2.337423870891815886e-02 2.257609380419316494e+03
2.403042894406967958e-02 2.228929400512188295e+03
2.470504055456825693e-02 2.198198708704688215e+03
2.539859068780726467e-02 2.165495741597141205e+03
2.611161100917459149e-02 2.130915163252367165e+03
2.684464810961964890e-02 2.094566814108191465e+03
2.759826392466179640e-02 2.056577083120736461e+03
2.837303616516213128e-02 2.017089592085158074e+03
2.916955876018797328e-02 1.976262976944129605e+03
2.998844231231028931e-02 1.934270274860871950e+03
3.083031456568277942e-02 1.891300210681112276e+03
3.169582088726115993e-02 1.847553858872730643e+03
3.258562476153226140e-02 1.803243130766099057e+03
3.350040829913133317e-02 1.758589750888944309e+03
3.444087275973822804e-02 1.713822829509710800e+03
3.540773908965272332e-02 1.669174276223464176e+03
3.640174847446139839e-02 1.624878407505364294e+03
3.742366290721982347e-02 1.581167681588507321e+03
3.847426577258503816e-02 1.538267151276471395e+03
3.955436244734702317e-02 1.496392700048119423e+03
4.066478091781854792e-02 1.455747761941415092e+03
4.180637241455758407e-02 1.416515911509815169e+03
4.298001206490798670e-02 1.378859083324876792e+03
4.418659956385941057e-02 1.342912362803692986e+03
4.542705986374045990e-02 1.308779577245107930e+03
4.670234388327333674e-02 1.276529782053752115e+03
4.801342923653453137e-02 1.246192597781356653e+03
4.936132098237919208e-02 1.217753278218377773e+03
5.074705239490467923e-02 1.191152665267980865e+03
5.217168575554350513e-02 1.166281465074317794e+03
5.363631316739241039e-02 1.142979418120554101e+03
5.514205739240302800e-02 1.121035212594764289e+03
5.669007271207433807e-02 1.100193886904247847e+03
5.828154581230844677e-02 1.080115026304173625e+03
5.991769669310622465e-02 1.060768009918005419e+03
6.159977960380166873e-02 1.041177683153041471e+03
6.332908400455118658e-02 1.021258773482203310e+03
6.510693555481457395e-02 1.000582674607363401e+03
6.693469712958663442e-02 9.787610516905108398e+02
6.881376986415664587e-02 9.554476512069504679e+02
7.074559422819878818e-02 9.303593452989349544e+02
7.273165113001461846e-02 9.033050476833020639e+02
7.477346305177587360e-02 8.741959888616031549e+02
7.687259521663733497e-02 8.430043088011371992e+02
7.903065678861345700e-02 8.100212608491414130e+02
8.124930210614052239e-02 7.755907726222416159e+02
8.353023195026774983e-02 7.401931168820195808e+02
8.587519484845174134e-02 7.044172103778354312e+02
8.828598841495152727e-02 6.689296907454335042e+02
9.076446072885357985e-02 6.344282023508362727e+02
9.331251175078249249e-02 6.015905428811594220e+02
9.593209477938241525e-02 5.710285170090971860e+02
9.862521794868782388e-02 5.432356410548095482e+02
1.013939457675292477e-01 5.185465894239100635e+02
1.042404007021556500e-01 4.971082601709733240e+02
1.071667648032863795e-01 4.788570070422022695e+02
1.101752813788386687e-01 4.635094873133456872e+02
1.132682567136154145e-01 4.505676738342567091e+02
1.164480618372685794e-01 4.393473078487335783e+02
1.197171343418966943e-01 4.290235049843327602e+02
1.230779802506665743e-01 4.187031568052650528e+02
1.265331759388942934e-01 4.075266353583367049e+02
1.300853701090571579e-01 3.947840129460079197e+02
1.337372858212496074e-01 3.800380537259204630e+02
1.374917225806419896e-01 3.632102318814015689e+02
1.413515584835395023e-01 3.446115815611386779e+02
1.453197524236895799e-01 3.249110259787970563e+02
1.493993463605258198e-01 3.050274502814749553e+02
1.535934676510897212e-01 2.859697974758101964e+02
1.579053314474175851e-01 2.686433601272564715e+02
1.623382431612278298e-01 2.536900269081741612e+02
1.668956009978024568e-01 2.413941110156085870e+02
1.715808985610006165e-01 2.316195465770888973e+02
1.763977275314044801e-01 2.238206551998669056e+02
1.813497804196496366e-01 2.171538733736405504e+02
1.864408533970486059e-01 2.106429822110487464e+02
1.916748492056815356e-01 2.033885787943828234e+02
1.970557801501798822e-01 1.948192585109628396e+02
2.025877711735017406e-01 1.848628723952976998e+02
2.082750630190516594e-01 1.739510449786147319e+02
2.141220154815729193e-01 1.628855983378389851e+02
2.201331107493031680e-01 1.525567518768886544e+02
2.263129568399529223e-01 1.436394927143706752e+02
2.326662911331459360e-01 1.363997450054357046e+02
2.391979840020238557e-01 1.306129418120503942e+02
2.459130425468044889e-01 1.256704270991198200e+02
2.528166144331501219e-01 1.208155659435358160e+02
2.599139918382933900e-01 1.154451780852504470e+02
2.672106155079435608e-01 1.093670363942474495e+02
2.747120789270811603e-01 1.028531903797475593e+02
2.824241326078435477e-01 9.647361095083212490e+01
2.903526884977813416e-01 9.076889427434831248e+01
2.985038245118734057e-01 8.598318091919539086e+01
3.068837891917643446e-01 8.195785718951087517e+01
3.154990064958086982e-01 7.826561491459698061e+01
3.243560807235809640e-01 7.447696380564858032e+01
3.334618015786366407e-01 7.042356631931376398e+01
3.428231493733970847e-01 6.626735463727342790e+01
3.524473003801584237e-01 6.233672190913774358e+01
3.623416323323152555e-01 5.886428101247108202e+01
3.725137300800212548e-01 5.582599037968901712e+01
3.829713914046279921e-01 5.300021830188832439e+01
3.937226329963477989e-01 5.017320933839842212e+01
4.047756965997323930e-01 4.730979842321639239e+01
4.161390553316708374e-01 4.454313397940243391e+01
4.278214201767614466e-01 4.201156551239247960e+01
4.398317466650228380e-01 3.972056543245044935e+01
4.521792417370701922e-01 3.756278383779235952e+01
4.648733708020256206e-01 3.544932959967397323e+01
4.779238649935594330e-01 3.339421516651152899e+01
4.913407286296365140e-01 3.146483198537306336e+01
5.051342468816764075e-01 2.968321617062531814e+01
5.193149936590210070e-01 2.800688239572563987e+01
5.338938397147356962e-01 2.639519571041709511e+01
5.488819609789672427e-01 2.485531873168621075e+01
5.642908471262538805e-01 2.341083991684665833e+01
5.801323103833373462e-01 2.205753564488810170e+01
5.964184945842465613e-01 2.077346328469103298e+01
6.131618844795774237e-01 1.955224391416130203e+01
6.303753153071274262e-01 1.840120547715127941e+01
6.480719826311974741e-01 1.731875876507148959e+01
6.662654524581153037e-01 1.629553158554073278e+01
6.849696716357442927e-01 1.532696651634793206e+01
7.041989785449285222e-01 1.441479012873769427e+01
7.239681140910878554e-01 1.355490082269341023e+01
7.442922330043759693e-01 1.274312186902022503e+01
7.651869154570819509e-01 1.197777941349364994e+01
7.866681790071589075e-01 1.125644263053693273e+01
8.087524908770455934e-01 1.057642812716153635e+01
8.314567805772061782e-01 9.935626081737012782e+00
8.547984528840417706e-01 9.332041070658263493e+00
8.787954011821322853e-01 8.763479250194116332e+00
9.034660211810530139e-01 8.228140773033286948e+00
9.288292250172494047e-01 7.724223599788786032e+00
9.549044557518088228e-01 7.249953991902192918e+00
9.817117022752195332e-01 6.803672200602553843e+00
1.009271514630570854e+00 6.383808591510225838e+00
1.037605019766912440e+00 5.988850586751209626e+00
1.066733937734857918e+00 5.617386542860523413e+00
1.096680598336868151e+00 5.268105061508286724e+00
1.127467958244945612e+00 4.939766211888201752e+00
1.159119618598886126e+00 4.631182376252976240e+00
1.191659843098559213e+00 4.341224557591166544e+00
1.225113576604118126e+00 4.068820130150222703e+00
1.259506464258359104e+00 3.812930697397348023e+00
1.294864871145904983e+00 3.572587093615971376e+00
1.331215902504307769e+00 3.346893636925273530e+00
1.368587424502517580e+00 3.135004509199956768e+00
1.407008085602686087e+00 2.936125527832241566e+00
1.446507338521646480e+00 2.749486740859037770e+00
1.487115462808953126e+00 2.574328695919556598e+00
1.528863588058731571e+00 2.410329221141951805e+00
1.571783717773163280e+00 2.256777451729228723e+00
1.615908753895917815e+00 2.113007809041338447e+00
1.661272522034291654e+00 1.978397115607734458e+00
1.707909797389428608e+00 1.852361893930146053e+00
1.755856331414468618e+00 1.734355837367084874e+00
1.805148879221108116e+00 1.623867442137478800e+00
1.855825227755520057e+00 1.520417790179234174e+00
1.907924224765265908e+00 1.423558473252397594e+00
1.961485808579430667e+00 1.332869649288832337e+00
2.016551038724745393e+00 1.247958222563544384e+00
2.073162127401231736e+00 1.168456139799513682e+00
2.131362471841438122e+00 1.094018794820402984e+00
2.191196687578147895e+00 1.024323534836018235e+00
2.252710642645982198e+00 9.590682618859410757e-01
2.315951492743154372e+00 8.979701233792023451e-01
2.380967717380357840e+00 8.407642860540790464e-01
2.447809157044444017e+00 7.872027880436686109e-01
2.516527051405392790e+00 7.370534640714582197e-01
2.587174078595922744e+00 6.900989391180871735e-01
2.659804395593756698e+00 6.461356861973009957e-01
2.734473679737583041e+00 6.049731441569676793e-01
2.811239171408464355e+00 5.664328916812211290e-01
2.890159717909508874e+00 5.303478739133953290e-01
2.971295818577336600e+00 4.965616783475070850e-01
3.054709671159970164e+00 4.649278568495929242e-01
3.140465219496751281e+00 4.353092908701716168e-01
3.228628202536729219e+00 4.075775970963044226e-01
3.319266204733191561e+00 3.816125709670221688e-01
3.412448707852890450e+00 3.573016656400052060e-01
3.508247144239789783e+00 3.345395041510685896e-01
3.606734951574031900e+00 3.132274226518806381e-01
3.707987629168172372e+00 2.932730427460534806e-01
3.812082795843888317e+00 2.745898710698729261e-01
3.919100249433401739e+00 2.570969243820283023e-01
4.029122027951350660e+00 2.407183785372718487e-01
4.142232472483896366e+00 2.253832398224668854e-01
4.258518291843413017e+00 2.110250372304095789e-01
4.378068629038172510e+00 1.975815343375710575e-01
4.500975129608047354e+00 1.849944595368760158e-01
4.627332011878690032e+00 1.732092534561981700e-01
4.757236139187885904e+00 1.621748324677428632e-01
4.890787094139594338e+00 1.518433672632361342e-01
5.028087254942479767e+00 1.421700755351420764e-01
5.169241873891597727e+00 1.331130278652728482e-01
5.314359158053243881e+00 1.246329659794056799e-01
5.463550352214879169e+00 1.166931325801215252e-01
5.616929824163807261e+00 1.092591120202654614e-01
5.774615152359817039e+00 1.022986811264201407e-01
5.936727216069127344e+00 9.578166952577761573e-02
6.103390288028621491e+00 8.967982887098947808e-02
6.274732129711575013e+00 8.396671039614207743e-02
6.450884089267698407e+00 7.861755027311755073e-02
6.631981202212673843e+00 7.360916227141064971e-02
6.818162294944477786e+00 6.891983725612982337e-02
7.009570091165615580e+00 6.452924908855087183e-02
7.206351321293055889e+00 6.041836652134419117e-02
7.408656834939563396e+00 5.656937070658016320e-02
7.616641716552886798e+00 5.296557795894701187e-02
7.830465404301192756e+00 4.959136743939372705e-02
8.050291812295983007e+00 4.643211344573901223e-02
8.276289456246344045e+00 4.347412201675587839e-02
8.508631582640587609e+00 4.070457157493913986e-02
8.747496301554422260e+00 3.811145735066834989e-02
8.993066723187620681e+00 3.568353934686965823e-02
9.245531098233566780e+00 3.341029361862660196e-02
9.505082962189515428e+00 3.128186665655867393e-02
9.771921283717999174e+00 2.928903267623970269e-02
1.004625061717340628e+01 2.742315362852483854e-02
1.032828125941029640e+01 2.567614175744860339e-02
1.061822941099384643e+01 2.404042454339922266e-02
1.091631734193614811e+01 2.250891187961336776e-02
1.122277356208507015e+01 2.107496533971613475e-02
1.153783299629661485e+01 1.973236940309465101e-02
1.186173716452478821e+01 1.847530451338006210e-02
1.219473436696737778e+01 1.729832185325850744e-02
1.253707987440921379e+01 1.619631972627098501e-02
1.288903612390893194e+01 1.516452144322779326e-02
1.325087291997952832e+01 1.419845461738497398e-02
1.362286764141645712e+01 1.329393177863650265e-02
1.400530545393221082e+01 1.244703222269345939e-02
1.439847952876007753e+01 1.165408501657435279e-02
1.480269126739508501e+01 1.091165308674301240e-02
1.521825053264387861e+01 1.021651832092318815e-02
1.564547588616096618e+01 9.565667619012844375e-03
1.608469483265355748e+01 8.956279832635048732e-03
1.653624407094179460e+01 8.385713536714262811e-03
1.700046975206718614e+01 7.851495580073201280e-03
1.747772774464680978e+01 7.351310365422221785e-03
1.796838390767719673e+01 6.882989812274768228e-03
1.847281437099635681e+01 6.444503959282534347e-03
1.899140582361934904e+01 6.033952165255700162e-03
1.952455581016860364e+01 5.649554870728532019e-03
2.007267303562567662e+01 5.289645884360423371e-03
2.063617767863859598e+01 4.952665160737344634e-03
2.121550171362450854e+01 4.637152038268677577e-03
2.181108924191518383e+01 4.341738907868747561e-03
2.242339683219847757e+01 4.065145284979567765e-03
2.305289387051708516e+01 3.806172259239679230e-03
2.370006292009328064e+01 3.563697297740859530e-03
2.436540009125468131e+01 3.336669379347125767e-03
2.504941542174504221e+01 3.124104438985466844e-03
2.575263326771200667e+01 2.925081102161344003e-03
2.647559270567065681e+01 2.738736691209965862e-03
2.721884794575180422e+01 2.564263485972219717e-03
2.798296875655116978e+01 2.400905222686956601e-03
2.876854090190592217e+01 2.247953815923872754e-03
2.957616658993256564e+01 2.104746289348040107e-03
3.040646493467068723e+01 1.970661902012298041e-03
3.126007243068703190e+01 1.845119457721278514e-03
3.213764344100275139e+01 1.727574785804337782e-03
3.303985069871860247e+01 1.617518382377679731e-03
3.396738582272208617e+01 1.514473201871580554e-03
3.492095984787270169e+01 1.417992589249975066e-03
3.590130377007073292e+01 1.327658343959489369e-03
3.690916910662779316e+01 1.243078907216006420e-03
3.794532847236938977e+01 1.163887664771449644e-03
3.901057617190990356e+01 1.089741357804044613e-03
4.010572880855499989e+01 1.020318595043961246e-03
4.123162591029752377e+01 9.553184596850759509e-04
4.238913057338778145e+01 8.944592050444249163e-04
4.357913012397032304e+01 8.374770333156192435e-04
4.480253679829492341e+01 7.841249521226586854e-04
4.606028844202401018e+01 7.341717039178111267e-04
4.735334922917113687e+01 6.874007635829786512e-04
4.868271040122284887e+01 6.436093998895925329e-04
5.004939102700954123e+01 6.026077967488873647e-04
5.145443878390924652e+01 5.642182304435611629e-04
5.289893076098154978e+01 5.282742992744911660e-04
5.438397428464800498e+01 4.946202022833620215e-04
5.591070776755292115e+01 4.631100639247912173e-04
5.748030158125349942e+01 4.336073017607080258e-04
5.909395895340973937e+01 4.059840344362183298e-04
6.075291689016074059e+01 3.801205273707966765e-04
6.245844712439613744e+01 3.559046737621225230e-04
6.421185709064765490e+01 3.332315086529429211e-04
6.601449092734890201e+01 3.120027539546581176e-04
6.786773050723294887e+01 2.921263924555089287e-04
6.977299649665530978e+01 2.735162689668815513e-04
7.173174944465618807e+01 2.560917168788755011e-04
7.374549090259552031e+01 2.397772085064205083e-04
7.581576457522108115e+01 2.245020277103462378e-04
7.794415750404954224e+01 2.101999633743649530e-04
8.013230128396889995e+01 1.968090224093247407e-04
8.238187331399603863e+01 1.842711610407344431e-04
8.469459808314594795e+01 1.725320332148119577e-04
8.707224849239922548e+01 1.615407550325072478e-04
8.951664721378301692e+01 1.512496841904266735e-04
9.202966808760409378e+01 1.416142134726330740e-04
9.461323755890775544e+01 1.325925773982002500e-04
9.726933615426175095e+01 1.241456711864251351e-04
9.999999999999995737e+01 1.162368812549923635e-04
