1.000000000000000048e-04 2.966503754892325517e+01
1.028073223830865281e-04 3.046939976297266739e+01
1.056934553557988362e-04 3.129555015478948832e+01
1.086606113854597351e-04 3.214407729889556720e+01
1.117110650504824041e-04 3.301559105856769349e+01
1.148471547840289439e-04 3.391070968730588930e+01
1.180712846666190141e-04 3.483006554396194332e+01
1.213859262690628250e-04 3.577431684026274183e+01
1.247936205471311189e-04 3.674413987072493626e+01
1.282969797894147957e-04 3.774022298750215043e+01
1.318986896198670199e-04 3.876327235971039187e+01
1.356015110565633925e-04 3.981401360115531674e+01
1.394082826282578376e-04 4.089319115964144657e+01
1.433219225503574155e-04 4.200156924111025347e+01
1.473454309619835539e-04 4.313993626994123076e+01
1.514818922258346051e-04 4.430910284106615649e+01
1.557344772926134557e-04 4.550989641701580979e+01
1.601064461318317826e-04 4.674316634869854425e+01
1.646011502308550778e-04 4.800978803566206921e+01
1.692220351641037391e-04 4.931065674064173976e+01
1.739726432343801689e-04 5.064668557975985408e+01
1.788566161883461665e-04 5.201881836580805185e+01
1.838776980082327715e-04 5.342802993896407315e+01
1.890397377819221208e-04 5.487531562986669087e+01
1.943466926536020897e-04 5.636169236764694546e+01
1.998026308572550618e-04 5.788819586852623189e+01
2.054117348353064979e-04 5.945589478120966476e+01
2.111783044448243749e-04 6.106590842765201899e+01
2.171067602537265953e-04 6.271937399714152406e+01
2.232016469295233991e-04 6.441743407136343080e+01
2.294676367231936914e-04 6.616127021334436620e+01
2.359095330508635614e-04 6.795210535832798371e+01
2.425322741760353111e-04 6.979119198569934213e+01
2.493409369951879494e-04 7.167981361959057551e+01
2.563407409296515377e-04 7.361928681879876990e+01
2.635370519267394326e-04 7.561095808076285607e+01
2.709353865732051759e-04 7.765619748873355377e+01
2.785414163241767813e-04 7.975641748764442696e+01
2.863609718508116210e-04 8.191308128125632493e+01
2.944000475100034728e-04 8.412767904826174004e+01
3.026648059395691654e-04 8.640172770618558218e+01
3.111615827824361444e-04 8.873678490476419256e+01
3.198968915434537695e-04 9.113444876627910674e+01
3.288774285825511105e-04 9.359635574276720149e+01
3.381100782480684795e-04 9.612418184579928493e+01
3.476019181541978613e-04 9.871964277923993336e+01
3.573602246065787046e-04 1.013844988864168073e+02
3.673924781802075296e-04 1.041205573455902140e+02
3.777063694539367416e-04 1.069296530887550887e+02
3.883098049059605528e-04 1.098136511632832963e+02
3.992109129748052884e-04 1.127744833616604865e+02
4.104180502904709654e-04 1.158141361588631071e+02
4.219398080805026588e-04 1.189346173714787369e+02
4.337850187558990231e-04 1.221379775654804121e+02
4.459627626819093779e-04 1.254263273198713620e+02
4.584823751389095932e-04 1.288018193263900173e+02
4.713534534786909978e-04 1.322666404060367427e+02
4.845858644816496185e-04 1.358230260320745231e+02
4.981897519205162042e-04 1.394732630279823979e+02
5.121755443364240474e-04 1.432196940810835599e+02
5.265539630332758715e-04 1.470647120731400435e+02
5.413360302965379654e-04 1.510107374791573420e+02
5.565330778427647921e-04 1.550602330009897116e+02
5.721567555063251324e-04 1.592157102751922935e+02
5.882190401699957617e-04 1.634797414655732553e+02
6.047322449462647380e-04 1.678549655363325144e+02
6.217090286163829381e-04 1.723440373713861788e+02
6.391624053344003523e-04 1.769496287343884262e+02
6.571057546036271476e-04 1.816745073458719730e+02
6.755528315331644270e-04 1.865215082343034396e+02
6.945177773823697038e-04 1.914934437520554695e+02
7.140151304013400355e-04 1.965931660502130569e+02
7.340598369757211656e-04 2.018236257935513720e+02
7.546672630843890076e-04 2.071877990729171870e+02
7.758532060787837713e-04 2.126886519719011233e+02
7.976339067929278130e-04 2.183292236792879066e+02
8.200260619934130737e-04 2.241126296072043544e+02
8.430468371788971344e-04 2.300419814357218229e+02
8.667138797389231696e-04 2.361204066580013432e+02
8.910453324821514341e-04 2.423510959029492540e+02
9.160598475443706154e-04 2.487372704620075865e+02
9.417766006869523988e-04 2.552821348778011554e+02
9.682153059967085751e-04 2.619889378821131913e+02
9.953962309984236857e-04 2.688609960788582498e+02
1.023340212191642049e-03 2.759016155519959170e+02
1.052068671023622922e-03 2.831140856027479344e+02
1.081603630310709867e-03 2.905017590656980815e+02
1.111967731120699519e-03 2.980680247358862971e+02
1.143184250129150028e-03 3.058162132084644895e+02
1.175277117462945366e-03 3.137496581713531896e+02
1.208270935044776636e-03 3.218717567345014459e+02
1.242190995452617476e-03 3.301858899679115211e+02
1.277063301308643990e-03 3.386953831155405510e+02
1.312914585212465604e-03 3.474036829666847552e+02
1.349772330233942573e-03 3.563143148786414827e+02
1.387664790981308705e-03 3.654301377034277607e+02
1.426621015260737648e-03 3.747540214627871364e+02
1.466670866343968349e-03 3.842915408796932866e+02
1.507845045861051347e-03 3.940476451565390335e+02
1.550175117335769997e-03 4.040218058055422148e+02
1.593693530381775150e-03 4.142148486881490612e+02
1.638433645577984637e-03 4.246323634093016040e+02
1.684429760042315850e-03 4.352786243033143592e+02
1.731717133723354026e-03 4.461558952794662218e+02
1.780332016430114135e-03 4.572671233658332994e+02
1.830311675620612021e-03 4.686155511825255076e+02
1.881694424970556086e-03 4.802031533415024001e+02
1.934519653744045872e-03 4.920319451561628625e+02
1.988827856988810081e-03 5.041058329320605367e+02
2.044660666579116784e-03 5.164281067257973064e+02
2.102060883130158625e-03 5.290001307684372023e+02
2.161072508808377368e-03 5.418235673365722960e+02
2.221740781062885202e-03 5.549006556299300428e+02
2.284112207303824749e-03 5.682334180114771698e+02
2.348234600554276272e-03 5.818235579634870192e+02
2.414157116103019234e-03 5.956720358733106195e+02
2.481930289186255051e-03 6.097795476915450763e+02
2.551606073727184613e-03 6.241471035643111236e+02
2.623237882163122550e-03 6.387754173270892579e+02
2.696880626390694112e-03 6.536645986207995520e+02
2.772590759860483686e-03 6.688145415418239281e+02
2.850426320853435488e-03 6.842249526835156530e+02
2.930446976972143555e-03 6.998950997976045301e+02
3.012714070881164757e-03 7.158238388073275473e+02
3.097290667331408388e-03 7.320096919320433244e+02
3.184241601504654226e-03 7.484507940801225914e+02
3.273633528715246682e-03 7.651447682155513803e+02
3.365534975507094694e-03 7.820888382422480163e+02
3.460016392185110562e-03 7.992798572945420119e+02
3.557150206821386215e-03 8.167142311653616389e+02
3.657010880777490907e-03 8.343878754138008844e+02
3.759674965785466966e-03 8.522960404432700443e+02
3.865221162631264206e-03 8.704333890473978954e+02
3.973730381485608698e-03 8.887942784018258635e+02
4.085285803928562741e-03 9.073724975401695474e+02
4.199972946715305709e-03 9.261608208492110634e+02
4.317879727332022029e-03 9.451514319891118703e+02
4.439096531392168997e-03 9.643360810854532019e+02
4.563716281924761094e-03 9.837057451742831518e+02
4.691834510607797992e-03 1.003250544114149307e+03
4.823549431001468782e-03 1.022959791837793773e+03
4.958962013837215146e-03 1.042822029168515883e+03
5.098176064420424994e-03 1.062825057676403731e+03
5.241298302206058926e-03 1.082955869350954799e+03
5.388438442608223244e-03 1.103200410368531720e+03
5.539709281106404079e-03 1.123543747821152692e+03
5.695226779712823234e-03 1.143970053108163484e+03
5.855110155867242032e-03 1.164462581588222292e+03
6.019481973827276768e-03 1.185003622875309020e+03
6.188468238624385796e-03 1.205574251790275412e+03
6.362198492657489789e-03 1.226154408299902570e+03
6.540805914998253610e-03 1.246722953512007734e+03
6.724427423484249239e-03 1.267257775590390793e+03
6.913203779678128193e-03 1.287735769699509774e+03
7.107279696773417810e-03 1.308132401596255704e+03
7.306803950529504668e-03 1.328421202115642473e+03
7.511929493320966197e-03 1.348576141908391946e+03
7.722813571388646714e-03 1.368571450280349836e+03
7.939617845382279313e-03 1.388372181847231332e+03
8.162508514287231468e-03 1.407941479736351539e+03
8.391656442830155299e-03 1.427275177059926818e+03
8.627237292461452031e-03 1.446366550731397865e+03
8.869431656014713575e-03 1.465148864173766469e+03
9.118425196146570655e-03 1.483561636926484198e+03
9.374408787662998066e-03 1.501586930598494973e+03
9.637578663841087079e-03 1.519189728664555332e+03
9.908136566858672528e-03 1.536311653774582055e+03
1.018628990244687879e-02 1.552946713061996434e+03
1.047225189888434729e-02 1.569094526868959520e+03
1.076624177045493527e-02 1.584526677417801693e+03
1.106848488549412070e-02 1.599041779842203141e+03
1.137921293915315074e-02 1.612900590253666678e+03
1.169866413101306943e-02 1.626279547307402026e+03
1.202708334768511945e-02 1.638949822937134059e+03
1.236472235053715993e-02 1.650727643511615270e+03
1.271183996869028332e-02 1.661560113637423683e+03
1.306870229743346996e-02 1.671556152877427849e+03
1.343558290220825575e-02 1.680870912260883870e+03
1.381276302832009847e-02 1.689201788963450099e+03
1.420053181653682141e-02 1.696190033158449069e+03
1.459918652473978819e-02 1.701996614498645613e+03
1.500903275579736421e-02 1.706708061709284266e+03
1.543038469183564444e-02 1.710004525136756456e+03
1.586356533508591002e-02 1.711839430579605732e+03
1.630890675549331870e-02 1.712537582428350561e+03
1.676675034527700184e-02 1.712051270572574140e+03
1.723744708063620554e-02 1.710099058579932716e+03
1.772135779080359283e-02 1.706770238636371460e+03
1.821885343465167589e-02 1.702202141907376017e+03
1.873031538506437013e-02 1.696113725532109584e+03
1.925613572129198509e-02 1.688295317759387899e+03
1.979671752951332395e-02 1.678886534019461578e+03
2.035247521183577296e-02 1.667963861597034111e+03
2.092383480396978190e-02 1.655474969988206567e+03
2.151123430182166549e-02 1.641405072990202825e+03
2.211512399725490061e-02 1.625773098622994212e+03
2.273596682327716154e-02 1.608595716552304566e+03
2.337423870891815886e-02 1.589894070129806778e+03
2.403042894406967958e-02 1.569703065337839007e+03
2.470504055456825693e-02 1.548067668481404326e+03
2.539859068780726467e-02 1.525042861155576475e+03
2.611161100917459149e-02 1.500695265631218263e+03
2.684464810961964890e-02 1.475102341344859951e+03
2.759826392466179640e-02 1.448353239269304368e+03
2.837303616516213128e-02 1.420548963457339141e+03
2.916955876018797328e-02 1.391801124929641219e+03
2.998844231231028931e-02 1.362231737308727133e+03
3.083031456568277942e-02 1.331973853686984512e+03
3.169582088726115993e-02 1.301168813442323653e+03
3.258562476153226140e-02 1.269965853964466760e+03
3.350040829913133317e-02 1.238521410879182440e+03
3.444087275973822804e-02 1.206996536056899231e+03
3.540773908965272332e-02 1.175555058463299474e+03
3.640174847446139839e-02 1.144361536567838584e+03
3.742366290721982347e-02 1.113579600475743518e+03
3.847426577258503816e-02 1.083368170244565590e+03
3.955436244734702317e-02 1.053879459327768927e+03
4.066478091781854792e-02 1.025256256611689423e+03
4.180637241455758407e-02 9.976281295318646016e+02
4.298001206490798670e-02 9.711089027741215887e+02
4.418659956385941057e-02 9.457938806665022184e+02
4.542705986374045990e-02 9.217563723218756877e+02
4.670234388327333674e-02 8.990449061919069891e+02
4.801342923653453137e-02 8.776800646959134156e+02
4.936132098237919208e-02 8.576519827333836474e+02
5.074705239490467923e-02 8.389188066152614738e+02
5.217168575554350513e-02 8.214034901314746548e+02
5.363631316739241039e-02 8.049930098323693528e+02
5.514205739240302800e-02 7.895389753479508954e+02
5.669007271207433807e-02 7.748614639794493542e+02
5.828154581230844677e-02 7.607212413658761534e+02
5.991769669310622465e-02 7.470959945218398843e+02
6.159977960380166873e-02 7.332993940446962142e+02
6.332908400455118658e-02 7.192712959612159693e+02
6.510693555481457395e-02 7.047097006577236016e+02
6.693469712958663442e-02 6.893415174480844598e+02
6.881376986415664587e-02 6.729225426427126422e+02
7.074559422819878818e-02 6.552535249512380915e+02
7.273165113001461846e-02 6.361994641973437865e+02
7.477346305177587360e-02 6.156986599454556881e+02
7.687259521663733497e-02 5.937306730093881697e+02
7.903065678861345700e-02 5.705010277465582931e+02
8.124930210614052239e-02 5.462519421740729513e+02
8.353023195026774983e-02 5.213215396681504217e+02
8.587519484845174134e-02 4.961247585909785016e+02
8.828598841495152727e-02 4.711309794804918738e+02
9.076446072885357985e-02 4.468316757599427547e+02
9.331251175078249249e-02 4.237041153096583344e+02
9.593209477938241525e-02 4.021793183190354171e+02
9.862521794868782388e-02 3.826047968479223869e+02
1.013939457675292477e-01 3.652163228352046076e+02
1.042404007021556500e-01 3.501173236746788575e+02
1.071667648032863795e-01 3.372628908973692887e+02
1.101752813788386687e-01 3.264536309660420557e+02
1.132682567136154145e-01 3.173387746693267673e+02
1.164480618372685794e-01 3.094362732501127766e+02
1.197171343418966943e-01 3.021652849387749598e+02
1.230779802506665743e-01 2.948965842077707293e+02
1.265331759388942934e-01 2.870249228837176361e+02
1.300853701090571579e-01 2.780502759228614309e+02
1.337372858212496074e-01 2.676646696156623761e+02
1.374917225806419896e-01 2.558127315826123436e+02
1.413515584835395023e-01 2.427136046767350592e+02
1.453197524236895799e-01 2.288383116550783427e+02
1.493993463605258198e-01 2.148341763493107521e+02
1.535934676510897212e-01 2.014117409991743273e+02
1.579053314474175851e-01 1.892085446858715727e+02
1.623382431612278298e-01 1.786767747680592606e+02
1.668956009978024568e-01 1.700166222465822159e+02
1.715808985610006165e-01 1.631323754839341973e+02
1.763977275314044801e-01 1.576395313945648127e+02
1.813497804196496366e-01 1.529440626181725804e+02
1.864408533970486059e-01 1.483584083741362463e+02
1.916748492056815356e-01 1.432490640657866834e+02
1.970557801501798822e-01 1.372135688766673809e+02
2.025877711735017406e-01 1.302012286018487544e+02
2.082750630190516594e-01 1.225158845854989096e+02
2.141220154815729193e-01 1.147223618473161224e+02
2.201331107493031680e-01 1.074476242731900584e+02
2.263129568399529223e-01 1.011671366915812342e+02
2.326662911331459360e-01 9.606807457231299452e+01
2.391979840020238557e-01 9.199237720491281323e+01
2.459130425468044889e-01 8.851131541421824522e+01
2.528166144331501219e-01 8.509196337928665343e+01
2.599139918382933900e-01 8.130953884913299134e+01
2.672106155079435608e-01 7.702862397566202901e+01
2.747120789270811603e-01 7.244085244605220453e+01
2.824241326078435477e-01 6.794762823766423310e+01
2.903526884977813416e-01 6.392972329636634754e+01
2.985038245118734057e-01 6.055909612003361531e+01
3.068837891917643446e-01 5.772401775411288583e+01
3.154990064958086982e-01 5.512351684767896387e+01
3.243560807235809640e-01 5.245512111542303302e+01
3.334618015786366407e-01 4.960025956665361235e+01
3.428231493733970847e-01 4.667298610537592651e+01
3.524473003801584237e-01 4.390459679548540350e+01
3.623416323323152555e-01 4.145890292599886351e+01
3.725137300800212548e-01 3.931900080624307492e+01
3.829713914046279921e-01 3.732877443593976352e+01
3.937226329963477989e-01 3.533767158916181472e+01
4.047756965997323930e-01 3.332093234034134355e+01
4.161390553316708374e-01 3.137234166912078237e+01
4.278214201767614466e-01 2.958932144329056868e+01
4.398317466650228380e-01 2.797573653285733286e+01
4.521792417370701922e-01 2.645598536250590982e+01
4.648733708020256206e-01 2.496745289302792159e+01
4.779238649935594330e-01 2.352000303827769656e+01
4.913407286296365140e-01 2.216111418124406640e+01
5.051342468816764075e-01 2.090630385595007112e+01
5.193149936590210070e-01 1.972563541590727354e+01
5.338938397147356962e-01 1.859050300464116035e+01
5.488819609789672427e-01 1.750594611770117481e+01
5.642908471262538805e-01 1.648858064377558819e+01
5.801323103833373462e-01 1.553542966063891662e+01
5.964184945842465613e-01 1.463103974352336323e+01
6.131618844795774237e-01 1.377091710818492487e+01
6.303753153071274262e-01 1.296022519602655265e+01
6.480719826311974741e-01 1.219784483939394271e+01
6.662654524581153037e-01 1.147716716634905154e+01
6.849696716357442927e-01 1.079499968544396538e+01
7.041989785449285222e-01 1.015253790177422211e+01
7.239681140910878554e-01 9.546907529734438569e+00
7.442922330043759693e-01 8.975158837987116556e+00
7.651869154570819509e-01 8.436116661532162553e+00
7.866681790071589075e-01 7.928070098774864682e+00
8.087524908770455934e-01 7.449126726678055199e+00
8.314567805772061782e-01 6.997800551222726817e+00
8.547984528840417706e-01 6.572687355960286304e+00
8.787954011821322853e-01 6.172241756334309493e+00
9.034660211810530139e-01 5.795196142194113165e+00
9.288292250172494047e-01 5.440279511704821047e+00
9.549044557518088228e-01 5.106244565344433717e+00
9.817117022752195332e-01 4.791922829512701654e+00
1.009271514630570854e+00 4.496206677767650817e+00
1.037605019766912440e+00 4.218030871699531836e+00
1.066733937734857918e+00 3.956404566688214164e+00
1.096680598336868151e+00 3.710401611075234030e+00
1.127467958244945612e+00 3.479147348444220800e+00
1.159119618598886126e+00 3.261807360634218167e+00
1.191659843098559213e+00 3.057586829440114951e+00
1.225113576604118126e+00 2.865727927203030934e+00
1.259506464258359104e+00 2.685500996337566448e+00
1.294864871145904983e+00 2.516223811571906221e+00
1.331215902504307769e+00 2.357264753365772236e+00
1.368587424502517580e+00 2.208028215994504606e+00
1.407008085602686087e+00 2.067955126036290281e+00
1.446507338521646480e+00 1.936502663073518260e+00
1.487115462808953126e+00 1.813136361520706785e+00
1.528863588058731571e+00 1.697629199358214880e+00
1.571783717773163280e+00 1.589480504431823427e+00
1.615908753895917815e+00 1.488221500268705144e+00
1.661272522034291654e+00 1.393413274139993829e+00
1.707909797389428608e+00 1.304644874569391932e+00
1.755856331414468618e+00 1.221531530041372049e+00
1.805148879221108116e+00 1.143712981187855915e+00
1.855825227755520057e+00 1.070851919224147686e+00
1.907924224765265908e+00 1.002632523865434777e+00
1.961485808579430667e+00 9.387590943863740600e-01
2.016551038724745393e+00 8.789547678900171412e-01
2.073162127401231736e+00 8.229603192303385217e-01
2.131362471841438122e+00 7.705330373865679761e-01
2.191196687578147895e+00 7.214456734189067522e-01
2.252710642645982198e+00 6.754854554454864379e-01
2.315951492743154372e+00 6.324531663709311857e-01
2.380967717380357840e+00 5.921622803688888492e-01
2.447809157044444017e+00 5.544381543755668718e-01
2.516527051405392790e+00 5.191172710897566933e-01
2.587174078595922744e+00 4.860465301980877451e-01
2.659804395593756698e+00 4.550825847532894985e-01
2.734473679737583041e+00 4.260912198289564246e-01
2.811239171408464355e+00 3.989467707575592992e-01
2.890159717909508874e+00 3.735315784300241582e-01
2.971295818577336600e+00 3.497354792958468628e-01
3.054709671159970164e+00 3.274553278531165956e-01
3.140465219496751281e+00 3.065945495586596126e-01
3.228628202536729219e+00 2.870627222203638307e-01
3.319266204733191561e+00 2.687751840572087936e-01
3.412448707852890450e+00 2.516526667281142604e-01
3.508247144239789783e+00 2.356209517389513397e-01
3.606734951574031900e+00 2.206105487383930586e-01
3.707987629168172372e+00 2.065563943081605569e-01
3.812082795843888317e+00 1.933975699420540650e-01
3.919100249433401739e+00 1.810770379913337336e-01
4.029122027951350660e+00 1.695413944318904520e-01
4.142232472483896366e+00 1.587406373815632432e-01
4.258518291843413017e+00 1.486279503642276567e-01
4.378068629038172510e+00 1.391594993812023673e-01
4.500975129608047354e+00 1.302942429103684241e-01
4.627332011878690032e+00 1.219937540094319095e-01
4.757236139187885904e+00 1.142220537522267015e-01
4.890787094139594338e+00 1.069454552760780303e-01
5.028087254942479767e+00 1.001324177642414215e-01
5.169241873891597727e+00 9.375340973049596516e-02
5.314359158053243881e+00 8.778078101329107874e-02
5.463550352214879169e+00 8.218864292459905629e-02
5.616929824163807261e+00 7.695275603397128128e-02
5.774615152359817039e+00 7.205042510139234024e-02
5.936727216069127344e+00 6.746040070351254359e-02
6.103390288028621491e+00 6.316278712685256813e-02
6.274732129711575013e+00 5.913895612873763113e-02
6.450884089267698407e+00 5.537146619215429361e-02
6.631981202212673843e+00 5.184398692453437429e-02
6.818162294944477786e+00 4.854122827276933366e-02
7.009570091165615580e+00 4.544887424763316419e-02
7.206351321293055889e+00 4.255352087033886094e-02
7.408656834939563396e+00 3.984261807225437241e-02
7.616641716552886798e+00 3.730441529593905153e-02
7.830465404301192756e+00 3.492791056170548025e-02
8.050291812295983007e+00 3.270280277893276855e-02
8.276289456246344045e+00 3.061944709542201160e-02
8.508631582640587609e+00 2.866881309125345056e-02
8.747496301554422260e+00 2.684244563593408267e-02
8.993066723187620681e+00 2.513242823916902319e-02
9.245531098233566780e+00 2.353134873639841154e-02
9.505082962189515428e+00 2.203226716036203736e-02
9.771921283717999174e+00 2.062868565942911972e-02
1.004625061717340628e+01 1.931452033230264889e-02
1.032828125941029640e+01 1.808407485701424289e-02
1.061822941099384643e+01 1.693201579990293373e-02
1.091631734193614811e+01 1.585334949755326864e-02
1.122277356208507015e+01 1.484340041148634291e-02
1.153783299629661485e+01 1.389779086178079617e-02
1.186173716452478821e+01 1.301242205177814866e-02
1.219473436696737778e+01 1.218345630162303607e-02
1.253707987440921379e+01 1.140730041362854157e-02
1.288903612390893194e+01 1.068059009736300850e-02
1.325087291997952832e+01 1.000017538694790084e-02
1.362286764141645712e+01 9.363106987357283986e-03
1.400530545393221082e+01 8.766623490536137181e-03
1.439847952876007753e+01 8.208139405925105742e-03
1.480269126739508501e+01 7.685233953509300678e-03
1.521825053264387861e+01 7.195640570814046746e-03
1.564547588616096618e+01 6.737237088365033259e-03
1.608469483265355748e+01 6.308036531027885231e-03
1.653624407094179460e+01 5.906178505355038841e-03
1.700046975206718614e+01 5.529921135607905255e-03
1.747772774464680978e+01 5.177633513500580660e-03
1.796838390767719673e+01 4.847788628938083481e-03
1.847281437099635681e+01 4.538956751107011897e-03
1.899140582361934904e+01 4.249799231228622472e-03
1.952455581016860364e+01 3.979062700111985103e-03
2.007267303562567662e+01 3.725573635356217543e-03
2.063617767863859598e+01 3.488233274653026756e-03
2.121550171362450854e+01 3.266012853140981467e-03
2.181108924191518383e+01 3.057949144167579261e-03
2.242339683219847757e+01 2.863140284130284100e-03
2.305289387051708516e+01 2.680741863299086238e-03
2.370006292009328064e+01 2.509963265676034595e-03
2.436540009125468131e+01 2.350064242026660664e-03
2.504941542174504221e+01 2.200351701228913607e-03
2.575263326771200667e+01 2.060176706031532218e-03
2.647559270567065681e+01 1.928931660199795489e-03
2.721884794575180422e+01 1.806047674856193358e-03
2.798296875655116978e+01 1.690992102600260422e-03
2.876854090190592217e+01 1.583266228719091033e-03
2.957616658993256564e+01 1.482403109480960515e-03
3.040646493467068723e+01 1.387965548142006296e-03
3.126007243068703190e+01 1.299544199892872136e-03
3.213764344100275139e+01 1.216755797531091001e-03
3.303985069871860247e+01 1.139241490168295965e-03
3.396738582272208617e+01 1.066665287771284294e-03
3.492095984787270169e+01 9.987126047947194208e-04
3.590130377007073292e+01 9.350888965927639431e-04
3.690916910662779316e+01 8.755183826990947877e-04
3.794532847236938977e+01 8.197428514412865479e-04
3.901057617190990356e+01 7.675205407081007406e-04
4.010572880855499989e+01 7.186250900183034380e-04
4.123162591029752377e+01 6.728445593486957494e-04
4.238913057338778145e+01 6.299805104684138863e-04
4.357913012397032304e+01 5.898471467974908356e-04
4.480253679829492341e+01 5.522705080613518830e-04
4.606028844202401018e+01 5.170877162504251313e-04
4.735334922917113687e+01 4.841462696164409584e-04
4.868271040122284887e+01 4.533033816452081729e-04
5.004939102700954123e+01 4.244253621406056192e-04
5.145443878390924652e+01 3.973870377370665322e-04
5.289893076098154978e+01 3.720712093287333521e-04
5.438397428464800498e+01 3.483681440634805418e-04
5.591070776755292115e+01 3.261750996998245681e-04
5.748030158125349942e+01 3.053958792650220372e-04
5.909395895340973937e+01 2.859404140839941341e-04
6.075291689016074059e+01 2.677243733716955405e-04
6.245844712439613744e+01 2.506687986966836122e-04
6.421185709064765490e+01 2.346997617314491001e-04
6.601449092734890201e+01 2.197480438060110349e-04
6.786773050723294887e+01 2.057488358757797887e-04
6.977299649665530978e+01 1.926414576031852579e-04
7.173174944465618807e+01 1.803690943354124409e-04
7.374549090259552031e+01 1.688785508381607746e-04
7.581576457522108115e+01 1.581200207179719723e-04
7.794415750404954224e+01 1.480468705336752413e-04
8.013230128396889995e+01 1.386154376611690520e-04
8.238187331399603863e+01 1.297848410353726956e-04
8.469459808314594795e+01 1.215168039489988920e-04
8.707224849239922548e+01 1.137754881400585672e-04
8.951664721378301692e+01 1.065273384489409566e-04
9.202966808760409378e+01 9.974093737172668405e-05
9.461323755890775544e+01 9.338686887928726165e-05
9.726933615426175095e+01 8.743759091188712650e-05
9.999999999999995737e+01 8.186731599660924421e-05
