1.000000000000000048e-04 1.982867191398506890e+01
1.028073223830865281e-04 2.036633048649528632e+01
1.056934553557988362e-04 2.091855373029075338e+01
1.086606113854597351e-04 2.148573664992516186e+01
1.117110650504824041e-04 2.206828567452811285e+01
1.148471547840289439e-04 2.266661373844727123e+01
1.180712846666190141e-04 2.328114402619887358e+01
1.213859262690628250e-04 2.391231836849624059e+01
1.247936205471311189e-04 2.456058911223438557e+01
1.282969797894147957e-04 2.522641136899537884e+01
1.318986896198670199e-04 2.591025534469458691e+01
1.356015110565633925e-04 2.661261068313045897e+01
1.394082826282578376e-04 2.733397911738215669e+01
1.433219225503574155e-04 2.807487398772758525e+01
1.473454309619835539e-04 2.883581905653164412e+01
1.514818922258346051e-04 2.961735089050460701e+01
1.557344772926134557e-04 3.042002335766127885e+01
1.601064461318317826e-04 3.124440622539935930e+01
1.646011502308550778e-04 3.209108500032424161e+01
1.692220351641037391e-04 3.296065924487083265e+01
1.739726432343801689e-04 3.385374202888375805e+01
1.788566161883461665e-04 3.477096528321165891e+01
1.838776980082327715e-04 3.571297966896944587e+01
1.890397377819221208e-04 3.668044702869819673e+01
1.943466926536020897e-04 3.767404446628852810e+01
1.998026308572550618e-04 3.869447288121354234e+01
2.054117348353064979e-04 3.974245384277885762e+01
2.111783044448243749e-04 4.081872861665956265e+01
2.171067602537265953e-04 4.192405127811494481e+01
2.232016469295233991e-04 4.305918545512130891e+01
2.294676367231936914e-04 4.422492823144082053e+01
2.359095330508635614e-04 4.542210897199261410e+01
2.425322741760353111e-04 4.665155653263280300e+01
2.493409369951879494e-04 4.791411370437739947e+01
2.563407409296515377e-04 4.921067153046186604e+01
2.635370519267394326e-04 5.054214406885697031e+01
2.709353865732051759e-04 5.190944474998226355e+01
2.785414163241767813e-04 5.331351508780122117e+01
2.863609718508116210e-04 5.475533490765014477e+01
2.944000475100034728e-04 5.623590130829885680e+01
3.026648059395691654e-04 5.775622806433992196e+01
3.111615827824361444e-04 5.931735567713454316e+01
3.198968915434537695e-04 6.092035375755393289e+01
3.288774285825511105e-04 6.256632948824680795e+01
3.381100782480684795e-04 6.425641258790071220e+01
3.476019181541978613e-04 6.599173583933607290e+01
3.573602246065787046e-04 6.777346907498740336e+01
3.673924781802075296e-04 6.960283314112730579e+01
3.777063694539367416e-04 7.148106713727477768e+01
3.883098049059605528e-04 7.340942669162132006e+01
3.992109129748052884e-04 7.538919754386583350e+01
4.104180502904709654e-04 7.742169752835187069e+01
4.219398080805026588e-04 7.950828159776166615e+01
4.337850187558990231e-04 8.165033481725676268e+01
4.459627626819093779e-04 8.384926327261683809e+01
4.584823751389095932e-04 8.610650846637521738e+01
4.713534534786909978e-04 8.842355257098712684e+01
4.845858644816496185e-04 9.080189383734618502e+01
4.981897519205162042e-04 9.324304811346510746e+01
5.121755443364240474e-04 9.574858992266423741e+01
5.265539630332758715e-04 9.832013840427512719e+01
5.413360302965379654e-04 1.009593171904694628e+02
5.565330778427647921e-04 1.036677776356000322e+02
5.721567555063251324e-04 1.064472163792009525e+02
5.882190401699957617e-04 1.092993614336417068e+02
6.047322449462647380e-04 1.122259660140550466e+02
6.217090286163829381e-04 1.152288169641134203e+02
6.391624053344003523e-04 1.183097347341241488e+02
6.571057546036271476e-04 1.214705628418562497e+02
6.755528315331644270e-04 1.247131752373256717e+02
6.945177773823697038e-04 1.280394961932670128e+02
7.140151304013400355e-04 1.314514768693309748e+02
7.340598369757211656e-04 1.349510610943364100e+02
7.546672630843890076e-04 1.385402297403495879e+02
7.758532060787837713e-04 1.422210174038870605e+02
7.976339067929278130e-04 1.459954748016196788e+02
8.200260619934130737e-04 1.498656644113137020e+02
8.430468371788971344e-04 1.538336737032836083e+02
8.667138797389231696e-04 1.579016176584540005e+02
8.910453324821514341e-04 1.620716440310103508e+02
9.160598475443706154e-04 1.663459192097999448e+02
9.417766006869523988e-04 1.707266026689825082e+02
9.682153059967085751e-04 1.752158781105906655e+02
9.953962309984236857e-04 1.798159633751027968e+02
1.023340212191642049e-03 1.845290746765756467e+02
1.052068671023622922e-03 1.893574235828250494e+02
1.081603630310709867e-03 1.943032576055925915e+02
1.111967731120699519e-03 1.993688440548775702e+02
1.143184250129150028e-03 2.045564130865164998e+02
1.175277117462945366e-03 2.098681993320046217e+02
1.208270935044776636e-03 2.153064858405278699e+02
1.242190995452617476e-03 2.208735319970047897e+02
1.277063301308643990e-03 2.265715338482531820e+02
1.312914585212465604e-03 2.324027695657977119e+02
1.349772330233942573e-03 2.383695806988012578e+02
1.387664790981308705e-03 2.444739362688600295e+02
1.426621015260737648e-03 2.507178182732913285e+02
1.466670866343968349e-03 2.571047651557513518e+02
1.507845045861051347e-03 2.636379177003394148e+02
1.550175117335769997e-03 2.703171442248707308e+02
1.593693530381775150e-03 2.771431473138643469e+02
1.638433645577984637e-03 2.841195249737142490e+02
1.684429760042315850e-03 2.912490558258584770e+02
1.731717133723354026e-03 2.985332740372542730e+02
1.780332016430114135e-03 3.059741318565535266e+02
1.830311675620612021e-03 3.135737674120912857e+02
1.881694424970556086e-03 3.213335762564902893e+02
1.934519653744045872e-03 3.292549625886728677e+02
1.988827856988810081e-03 3.373403951983726756e+02
2.044660666579116784e-03 3.455920182720530534e+02
2.102060883130158625e-03 3.540109355470334549e+02
2.161072508808377368e-03 3.625983233428577819e+02
2.221740781062885202e-03 3.713555759440469615e+02
2.284112207303824749e-03 3.802840570549209360e+02
2.348234600554276272e-03 3.893849989834742473e+02
2.414157116103019234e-03 3.986591218607974270e+02
2.481930289186255051e-03 4.081069543666066011e+02
2.551606073727184613e-03 4.177292007203548678e+02
2.623237882163122550e-03 4.275263450927547524e+02
2.696880626390694112e-03 4.374984402393070013e+02
2.772590759860483686e-03 4.476454374048628324e+02
2.850426320853435488e-03 4.579672101600930318e+02
2.930446976972143555e-03 4.684632701289795023e+02
3.012714070881164757e-03 4.791328056902951289e+02
3.097290667331408388e-03 4.899747934781340177e+02
3.184241601504654226e-03 5.009879557358977422e+02
3.273633528715246682e-03 5.121706763365358483e+02
3.365534975507094694e-03 5.235210859803167978e+02
3.460016392185110562e-03 5.350370919168047976e+02
3.557150206821386215e-03 5.467162359490862400e+02
3.657010880777490907e-03 5.585556647285432064e+02
3.759674965785466966e-03 5.705522528329721581e+02
3.865221162631264206e-03 5.827025645068481481e+02
3.973730381485608698e-03 5.950026920036905267e+02
4.085285803928562741e-03 6.074483386693236753e+02
4.199972946715305709e-03 6.200348870842719862e+02
4.317879727332022029e-03 6.327572558974799222e+02
4.439096531392168997e-03 6.456097728520974215e+02
4.563716281924761094e-03 6.585863387011701207e+02
4.691834510607797992e-03 6.716804329477824922e+02
4.823549431001468782e-03 6.848850113505092168e+02
4.958962013837215146e-03 6.981924875980100751e+02
5.098176064420424994e-03 7.115945807474496405e+02
5.241298302206058926e-03 7.250824474224011738e+02
5.388438442608223244e-03 7.386467708891252641e+02
5.539709281106404079e-03 7.522776226442956613e+02
5.695226779712823234e-03 7.659643219208091978e+02
5.855110155867242032e-03 7.796955942992875634e+02
6.019481973827276768e-03 7.934595617248802455e+02
6.188468238624385796e-03 8.072434898768843823e+02
6.362198492657489789e-03 8.210338876905121879e+02
6.540805914998253610e-03 8.348167792314376356e+02
6.724427423484249239e-03 8.485775222750492048e+02
6.913203779678128193e-03 8.623003909351028824e+02
7.107279696773417810e-03 8.759687974256274856e+02
7.306803950529504668e-03 8.895652513238419488e+02
7.511929493320966197e-03 9.030723564557881673e+02
7.722813571388646714e-03 9.164726121569277666e+02
7.939617845382279313e-03 9.297427112262120090e+02
8.162508514287231468e-03 9.428582185646325797e+02
8.391656442830155299e-03 9.558158899175647321e+02
8.627237292461452031e-03 9.686107825083496436e+02
8.869431656014713575e-03 9.811989096674008124e+02
9.118425196146570655e-03 9.935402570389745733e+02
9.374408787662998066e-03 1.005622290903579824e+03
9.637578663841087079e-03 1.017421263360483977e+03
9.908136566858672528e-03 1.028898205373029668e+03
1.018628990244687879e-02 1.040049159682712343e+03
1.047225189888434729e-02 1.050873879627667520e+03
1.076624177045493527e-02 1.061219529105530910e+03
1.106848488549412070e-02 1.070951269099492038e+03
1.137921293915315074e-02 1.080243180266606032e+03
1.169866413101306943e-02 1.089213122612489087e+03
1.202708334768511945e-02 1.097708330766871541e+03
1.236472235053715993e-02 1.105605992112212562e+03
1.271183996869028332e-02 1.112870540985272783e+03
1.306870229743346996e-02 1.119574614836426235e+03
1.343558290220825575e-02 1.125821797957359422e+03
1.381276302832009847e-02 1.131409699071992009e+03
1.420053181653682141e-02 1.136098396021867529e+03
1.459918652473978819e-02 1.139995384229406000e+03
1.500903275579736421e-02 1.143158439572319367e+03
1.543038469183564444e-02 1.145373762728654810e+03
1.586356533508591002e-02 1.146610297675619677e+03
1.630890675549331870e-02 1.147085301932827406e+03
1.676675034527700184e-02 1.146766760413919883e+03
1.723744708063620554e-02 1.145466256705276237e+03
1.772135779080359283e-02 1.143243422428628264e+03
1.821885343465167589e-02 1.140190059067791708e+03
1.873031538506437013e-02 1.136118124772800911e+03
1.925613572129198509e-02 1.130887321048144486e+03
1.979671752951332395e-02 1.124590998014904244e+03
2.035247521183577296e-02 1.117280333044058352e+03
2.092383480396978190e-02 1.108920390590005354e+03
2.151123430182166549e-02 1.099501250892352118e+03
2.211512399725490061e-02 1.089035476711212141e+03
2.273596682327716154e-02 1.077534133262110799e+03
2.337423870891815886e-02 1.065011349729031281e+03
2.403042894406967958e-02 1.051490665497749433e+03
2.470504055456825693e-02 1.037002242189736080e+03
2.539859068780726467e-02 1.021582767846691809e+03
2.611161100917459149e-02 1.005276942533607667e+03
2.684464810961964890e-02 9.881367153705601822e+02
2.759826392466179640e-02 9.702216520942325815e+02
2.837303616516213128e-02 9.515994054552568286e+02
2.916955876018797328e-02 9.323449190270190456e+02
2.998844231231028931e-02 9.125400741229441337e+02
3.083031456568277942e-02 8.922735003790738801e+02
3.169582088726115993e-02 8.716401734762044953e+02
3.258562476153226140e-02 8.507403135887574308e+02
3.350040829913133317e-02 8.296783359836679210e+02
3.444087275973822804e-02 8.085621900785736216e+02
3.540773908965272332e-02 7.875016618150835939e+02
3.640174847446139839e-02 7.666072179710816954e+02
3.742366290721982347e-02 7.459882502049661070e+02
3.847426577258503816e-02 7.257513565174613177e+02
3.955436244734702317e-02 7.059983187477087085e+02
4.066478091781854792e-02 6.868248911497537392e+02
4.180637241455758407e-02 6.683180715293959793e+02
4.298001206490798670e-02 6.505539311934730904e+02
4.418659956385941057e-02 6.335964751758419879e+02
4.542705986374045990e-02 6.174946257203692994e+02
4.670234388327333674e-02 6.022810483269933002e+02
4.801342923653453137e-02 5.879693740590425932e+02
4.936132098237919208e-02 5.745532631859681487e+02
5.074705239490467923e-02 5.620044486540010666e+02
5.217168575554350513e-02 5.502714773619237576e+02
5.363631316739241039e-02 5.392786703118412106e+02
5.514205739240302800e-02 5.289263661674699506e+02
5.669007271207433807e-02 5.190944229284249332e+02
5.828154581230844677e-02 5.096220805836289856e+02
5.991769669310622465e-02 5.004948282234566364e+02
6.159977960380166873e-02 4.912529043310058228e+02
6.332908400455118658e-02 4.818556317870944099e+02
6.510693555481457395e-02 4.721009755961107999e+02
6.693469712958663442e-02 4.618059805203878909e+02
6.881376986415664587e-02 4.508069327215249018e+02
7.074559422819878818e-02 4.389703046241069160e+02
7.273165113001461846e-02 4.262059968668411329e+02
7.477346305177587360e-02 4.124722366859505200e+02
7.687259521663733497e-02 3.977557148159051508e+02
7.903065678861345700e-02 3.821938476396998112e+02
8.124930210614052239e-02 3.659490252278815205e+02
8.353023195026774983e-02 3.492477355617608623e+02
8.587519484845174134e-02 3.323678113244355927e+02
8.828598841495152727e-02 3.156240152831997534e+02
9.076446072885357985e-02 2.993454084186791420e+02
9.331251175078249249e-02 2.838518258933650031e+02
9.593209477938241525e-02 2.694318091828682782e+02
9.862521794868782388e-02 2.563184271042556475e+02
1.013939457675292477e-01 2.446694551274563025e+02
1.042404007021556500e-01 2.345542782965056006e+02
1.071667648032863795e-01 2.259427972686122530e+02
1.101752813788386687e-01 2.187014585496669952e+02
1.132682567136154145e-01 2.125951754867719501e+02
1.164480618372685794e-01 2.073011315496239035e+02
1.197171343418966943e-01 2.024300837927432610e+02
1.230779802506665743e-01 1.975606723348295475e+02
1.265331759388942934e-01 1.922872548846868028e+02
1.300853701090571579e-01 1.862749027780899667e+02
1.337372858212496074e-01 1.793172571812210379e+02
1.374917225806419896e-01 1.713773336189104555e+02
1.413515584835395023e-01 1.626018458403318334e+02
1.453197524236895799e-01 1.533063810931177500e+02
1.493993463605258198e-01 1.439245703684319722e+02
1.535934676510897212e-01 1.349324572973118848e+02
1.579053314474175851e-01 1.267571709453273598e+02
1.623382431612278298e-01 1.197016022676481981e+02
1.668956009978024568e-01 1.138999119547013237e+02
1.715808985610006165e-01 1.092879223381176672e+02
1.763977275314044801e-01 1.056080900667542863e+02
1.813497804196496366e-01 1.024624548768473176e+02
1.864408533970486059e-01 9.939037163354755933e+01
1.916748492056815356e-01 9.596746102539560752e+01
1.970557801501798822e-01 9.192410353369407972e+01
2.025877711735017406e-01 8.722628901067469087e+01
2.082750630190516594e-01 8.207764797519038780e+01
2.141220154815729193e-01 7.685649942619117780e+01
2.201331107493031680e-01 7.198291301297543043e+01
2.263129568399529223e-01 6.777538727630088999e+01
2.326662911331459360e-01 6.435937184884076601e+01
2.391979840020238557e-01 6.162891142540806300e+01
2.459130425468044889e-01 5.929682385787924659e+01
2.528166144331501219e-01 5.700608841612699962e+01
2.599139918382933900e-01 5.447211932831169179e+01
2.672106155079435608e-01 5.160419220643653659e+01
2.747120789270811603e-01 4.853067309539073904e+01
2.824241326078435477e-01 4.552052357814140748e+01
2.903526884977813416e-01 4.282878345948986976e+01
2.985038245118734057e-01 4.057068007579456292e+01
3.068837891917643446e-01 3.867136445692235469e+01
3.154990064958086982e-01 3.692920223281937098e+01
3.243560807235809640e-01 3.514155019106083699e+01
3.334618015786366407e-01 3.322898148343189462e+01
3.428231493733970847e-01 3.126789833668312113e+01
3.524473003801584237e-01 2.941325339857636223e+01
3.623416323323152555e-01 2.777479878670141744e+01
3.725137300800212548e-01 2.634119924412646796e+01
3.829713914046279921e-01 2.500788148260892640e+01
3.937226329963477989e-01 2.367396966951700321e+01
4.047756965997323930e-01 2.232288543923074542e+01
4.161390553316708374e-01 2.101745784360474545e+01
4.278214201767614466e-01 1.982294476484451096e+01
4.398317466650228380e-01 1.874194821370665309e+01
4.521792417370701922e-01 1.772381211829964442e+01
4.648733708020256206e-01 1.672659180106614585e+01
4.779238649935594330e-01 1.575689540455031867e+01
4.913407286296365140e-01 1.484652694763590830e+01
5.051342468816764075e-01 1.400588217217818787e+01
5.193149936590210070e-01 1.321491150354066413e+01
5.338938397147356962e-01 1.245444653330216589e+01
5.488819609789672427e-01 1.172786365629699112e+01
5.642908471262538805e-01 1.104629254840350328e+01
5.801323103833373462e-01 1.040774199323832683e+01
5.964184945842465613e-01 9.801859908063519811e+00
6.131618844795774237e-01 9.225634083376686334e+00
6.303753153071274262e-01 8.682521686103422454e+00
6.480719826311974741e-01 8.171774897395865267e+00
6.662654524581153037e-01 7.688969729011208010e+00
6.849696716357442927e-01 7.231959458991267020e+00
7.041989785449285222e-01 6.801552047868116624e+00
7.239681140910878554e-01 6.395817261315808189e+00
7.442922330043759693e-01 6.012782527123887277e+00
7.651869154570819509e-01 5.651659374913323930e+00
7.866681790071589075e-01 5.311300559542957878e+00
8.087524908770455934e-01 4.990439350945030661e+00
8.314567805772061782e-01 4.688079674343237357e+00
8.547984528840417706e-01 4.403280411310679376e+00
8.787954011821322853e-01 4.135007597771376275e+00
9.034660211810530139e-01 3.882411685543035951e+00
9.288292250172494047e-01 3.644640787651837410e+00
9.549044557518088228e-01 3.420858520107964207e+00
9.817117022752195332e-01 3.210282074591390700e+00
1.009271514630570854e+00 3.012170982876224645e+00
1.037605019766912440e+00 2.825812129063348443e+00
1.066733937734857918e+00 2.650538655477868932e+00
1.096680598336868151e+00 2.485731961758379960e+00
1.127467958244945612e+00 2.330807021981464722e+00
1.159119618598886126e+00 2.185203258543686022e+00
1.191659843098559213e+00 2.048387879791329969e+00
1.225113576604118126e+00 1.919854897907411040e+00
1.259506464258359104e+00 1.799114523166352120e+00
1.294864871145904983e+00 1.685709545929201303e+00
1.331215902504307769e+00 1.579217373113302569e+00
1.368587424502517580e+00 1.479238570174536527e+00
1.407008085602686087e+00 1.385398235486660301e+00
1.446507338521646480e+00 1.297333472005318677e+00
1.487115462808953126e+00 1.214686008275345230e+00
1.528863588058731571e+00 1.137303654409868914e+00
1.571783717773163280e+00 1.064850993196623019e+00
1.615908753895917815e+00 9.970139753927045323e-01
1.661272522034291654e+00 9.334985584643367140e-01
1.707909797389428608e+00 8.740294320465860078e-01
1.755856331414468618e+00 8.183488245984932297e-01
1.805148879221108116e+00 7.662153860810039241e-01
1.855825227755520057e+00 7.174031418146218364e-01
1.907924224765265908e+00 6.717005129822334331e-01
1.961485808579430667e+00 6.289093995314305463e-01
2.016551038724745393e+00 5.888443215011304188e-01
2.073162127401231736e+00 5.513316150505365165e-01
2.131362471841438122e+00 5.162086797055908116e-01
2.191196687578147895e+00 4.833232735600763719e-01
2.252710642645982198e+00 4.525328533763869343e-01
2.315951492743154372e+00 4.237039567256013495e-01
2.380967717380357840e+00 3.967116234887219650e-01
2.447809157044444017e+00 3.714388542115498182e-01
2.516527051405392790e+00 3.477761029654107827e-01
2.587174078595922744e+00 3.256208025155142294e-01
2.659804395593756698e+00 3.048769197387693475e-01
2.734473679737583041e+00 2.854545393639935091e-01
2.811239171408464355e+00 2.672694742302195170e-01
2.890159717909508874e+00 2.502429003737480229e-01
2.971295818577336600e+00 2.343010153622142877e-01
3.054709671159970164e+00 2.193747183947025170e-01
3.140465219496751281e+00 2.053993107812890628e-01
3.228628202536729219e+00 1.923142155037284307e-01
3.319266204733191561e+00 1.800627146417068114e-01
3.412448707852890450e+00 1.685917035265245556e-01
3.508247144239789783e+00 1.578514605565769502e-01
3.606734951574031900e+00 1.477954316768876897e-01
3.707987629168172372e+00 1.383800285885125603e-01
3.812082795843888317e+00 1.295644398131426400e-01
3.919100249433401739e+00 1.213104537939589250e-01
4.029122027951350660e+00 1.135822932659603518e-01
4.142232472483896366e+00 1.063464601778372903e-01
4.258518291843413017e+00 9.957159049319631861e-02
4.378068629038172510e+00 9.322831824176669446e-02
4.500975129608047354e+00 8.728914823131217471e-02
4.627332011878690032e+00 8.172833686851242729e-02
4.757236139187885904e+00 7.652178057222677743e-02
4.890787094139594338e+00 7.164691129546293946e-02
5.028087254942479767e+00 6.708259870318587781e-02
5.169241873891597727e+00 6.280905858195237612e-02
5.314359158053243881e+00 5.880776708436862704e-02
5.463550352214879169e+00 5.506138043666010395e-02
5.616929824163807261e+00 5.155365976132206957e-02
5.774615152359817039e+00 4.826940068899176345e-02
5.936727216069127344e+00 4.519436745444137260e-02
6.103390288028621491e+00 4.231523119102836850e-02
6.274732129711575013e+00 3.961951215613737642e-02
6.450884089267698407e+00 3.709552563718769569e-02
6.631981202212673843e+00 3.473233130373324512e-02
6.818162294944477786e+00 3.251968578611959954e-02
7.009570091165615580e+00 3.044799827514831081e-02
7.206351321293055889e+00 2.850828895029301757e-02
7.408656834939563396e+00 2.669215005627295981e-02
7.616641716552886798e+00 2.499170945926832213e-02
7.830465404301192756e+00 2.339959652481036698e-02
8.050291812295983007e+00 2.190891016944256087e-02
8.276289456246344045e+00 2.051318894767112377e-02
8.508631582640587609e+00 1.920638304454570788e-02
8.747496301554422260e+00 1.798282805247073540e-02
8.993066723187620681e+00 1.683722041858180807e-02
9.245531098233566780e+00 1.576459445626284678e-02
9.505082962189515428e+00 1.476030082115930425e-02
9.771921283717999174e+00 1.381998635839081641e-02
1.004625061717340628e+01 1.293957523361013301e-02
1.032828125941029640e+01 1.211525126612009173e-02
1.061822941099384643e+01 1.134344138747073703e-02
1.091631734193614811e+01 1.062080015383715104e-02
1.122277356208507015e+01 9.944195245046243137e-03
1.153783299629661485e+01 9.310693887397343202e-03
1.186173716452478821e+01 8.717550141425757515e-03
1.219473436696737778e+01 8.162192999507543109e-03
1.253707987440921379e+01 7.642215241713996854e-03
1.288903612390893194e+01 7.155363001611139695e-03
1.325087291997952832e+01 6.699525996776639104e-03
1.362286764141645712e+01 6.272728381687939919e-03
1.400530545393221082e+01 5.873120183333058707e-03
1.439847952876007753e+01 5.498969282421282793e-03
1.480269126739508501e+01 5.148653905436013922e-03
1.521825053264387861e+01 4.820655594986221829e-03
1.564547588616096618e+01 4.513552627986166209e-03
1.608469483265355748e+01 4.226013853134234083e-03
1.653624407094179460e+01 3.956792920979140815e-03
1.700046975206718614e+01 3.704722881563478603e-03
1.747772774464680978e+01 3.468711126227865590e-03
1.796838390767719673e+01 3.247734651650713809e-03
1.847281437099635681e+01 3.040835625595383635e-03
1.899140582361934904e+01 2.847117235144285691e-03
1.952455581016860364e+01 2.665739799423885031e-03
2.007267303562567662e+01 2.495917129971070205e-03
2.063617767863859598e+01 2.336913122964722530e-03
2.121550171362450854e+01 2.188038568551365498e-03
2.181108924191518383e+01 2.048648163434777132e-03
2.242339683219847757e+01 1.918137713780505068e-03
2.305289387051708516e+01 1.795941516311148033e-03
2.370006292009328064e+01 1.681529906240649113e-03
2.436540009125468131e+01 1.574406961419011659e-03
2.504941542174504221e+01 1.474108352735953092e-03
2.575263326771200667e+01 1.380199331465980020e-03
2.647559270567065681e+01 1.292272844830938188e-03
2.721884794575180422e+01 1.209947771611863442e-03
2.798296875655116978e+01 1.132867270162315337e-03
2.876854090190592217e+01 1.060697231662584067e-03
2.957616658993256564e+01 9.931248319103350673e-04
3.040646493467068723e+01 9.298571753703604569e-04
3.126007243068703190e+01 8.706200256060150390e-04
3.213764344100275139e+01 8.151566165893342096e-04
3.303985069871860247e+01 7.632265397374063398e-04
3.396738582272208617e+01 7.146047018508080257e-04
3.492095984787270169e+01 6.690803494372438544e-04
3.590130377007073292e+01 6.264561551912743893e-04
3.690916910662779316e+01 5.865473626704436781e-04
3.794532847236938977e+01 5.491809854603610158e-04
3.901057617190990356e+01 5.141950573574899114e-04
4.010572880855499989e+01 4.814379303195231649e-04
4.123162591029752377e+01 4.507676171402814533e-04
4.238913057338778145e+01 4.220511759999305058e-04
4.357913012397032304e+01 3.951641342228230549e-04
4.480253679829492341e+01 3.699899487452181141e-04
4.606028844202401018e+01 3.464195009542513255e-04
4.735334922917113687e+01 3.243506237085137605e-04
4.868271040122284887e+01 3.036876584900894088e-04
5.004939102700954123e+01 2.843410407685069722e-04
5.145443878390924652e+01 2.662269117793477648e-04
5.289893076098154978e+01 2.492667550347477177e-04
5.438397428464800498e+01 2.333870559902309996e-04
5.591070776755292115e+01 2.185189833926877673e-04
5.748030158125349942e+01 2.045980909282838725e-04
5.909395895340973937e+01 1.915640378770820836e-04
6.075291689016074059e+01 1.793603275635409792e-04
6.245844712439613744e+01 1.679340624691928318e-04
6.421185709064765490e+01 1.572357149460258923e-04
6.601449092734890201e+01 1.472189125367184565e-04
6.786773050723294887e+01 1.378402369711852909e-04
6.977299649665530978e+01 1.290590359681788194e-04
7.173174944465618807e+01 1.208372470261899446e-04
7.374549090259552031e+01 1.131392324398632169e-04
7.581576457522108115e+01 1.059316248267974246e-04
7.794415750404954224e+01 9.918318249516074980e-05
8.013230128396889995e+01 9.286465402520501671e-05
8.238187331399603863e+01 8.694865147770180396e-05
8.469459808314594795e+01 8.140953167971667101e-05
8.707224849239922548e+01 7.622328507314958047e-05
8.951664721378301692e+01 7.136743164425051725e-05
9.202966808760409378e+01 6.682092348301241897e-05
9.461323755890775544e+01 6.256405355008052725e-05
9.726933615426175095e+01 5.857837025572459259e-05
9.999999999999995737e+01 5.484659748061260931e-05
