1.000000000000000048e-04 8.839985166849534437e+01
1.028073223830865281e-04 9.079667176249736826e+01
1.056934553557988362e-04 9.325842717864742326e+01
1.086606113854597351e-04 9.578687026385482284e+01
1.117110650504824041e-04 9.838378077934868315e+01
1.148471547840289439e-04 1.010510062220696739e+02
1.180712846666190141e-04 1.037904541728789809e+02
1.213859262690628250e-04 1.066040810823976841e+02
1.247936205471311189e-04 1.094938874707595460e+02
1.282969797894147957e-04 1.124619072910025750e+02
1.318986896198670199e-04 1.155102434126907553e+02
1.356015110565633925e-04 1.186410816457792805e+02
1.394082826282578376e-04 1.218566486233514468e+02
1.433219225503574155e-04 1.251592127015265845e+02
1.473454309619835539e-04 1.285511077096163604e+02
1.514818922258346051e-04 1.320347348050864298e+02
1.557344772926134557e-04 1.356125696598892603e+02
1.601064461318317826e-04 1.392871494111801098e+02
1.646011502308550778e-04 1.430610578828893722e+02
1.692220351641037391e-04 1.469369521212100835e+02
1.739726432343801689e-04 1.509175727377154317e+02
1.788566161883461665e-04 1.550057356565035604e+02
1.838776980082327715e-04 1.592043317318892548e+02
1.890397377819221208e-04 1.635163174773387880e+02
1.943466926536020897e-04 1.679447189779616281e+02
1.998026308572550618e-04 1.724926302498091388e+02
2.054117348353064979e-04 1.771632297274457812e+02
2.111783044448243749e-04 1.819597987601821387e+02
2.171067602537265953e-04 1.868857036929597939e+02
2.232016469295233991e-04 1.919443919459749566e+02
2.294676367231936914e-04 1.971393995835638009e+02
2.359095330508635614e-04 2.024743525353048312e+02
2.425322741760353111e-04 2.079529564421693522e+02
2.493409369951879494e-04 2.135790052669518673e+02
2.563407409296515377e-04 2.193563944534279244e+02
2.635370519267394326e-04 2.252891253566980367e+02
2.709353865732051759e-04 2.313813149139081133e+02
2.785414163241767813e-04 2.376371734583222803e+02
2.863609718508116210e-04 2.440609956176217850e+02
2.944000475100034728e-04 2.506571888602804279e+02
3.026648059395691654e-04 2.574302752583884057e+02
3.111615827824361444e-04 2.643848651616948473e+02
3.198968915434537695e-04 2.715256824919812857e+02
3.288774285825511105e-04 2.788576358139877129e+02
3.381100782480684795e-04 2.863857342881606769e+02
3.476019181541978613e-04 2.941149860477265179e+02
3.573602246065787046e-04 3.020505597589697686e+02
3.673924781802075296e-04 3.101978492488852339e+02
3.777063694539367416e-04 3.185623306344115235e+02
3.883098049059605528e-04 3.271495546930174214e+02
3.992109129748052884e-04 3.359652046806529029e+02
4.104180502904709654e-04 3.450150988307892135e+02
4.219398080805026588e-04 3.543051879989664030e+02
4.337850187558990231e-04 3.638415633967150029e+02
4.459627626819093779e-04 3.736304657525030848e+02
4.584823751389095932e-04 3.836782635218655741e+02
4.713534534786909978e-04 3.939914403602305129e+02
4.845858644816496185e-04 4.045766123633927691e+02
4.981897519205162042e-04 4.154405295776673483e+02
5.121755443364240474e-04 4.265900620099525895e+02
5.265539630332758715e-04 4.380322254994544551e+02
5.413360302965379654e-04 4.497742582343807953e+02
5.565330778427647921e-04 4.618235081199896968e+02
5.721567555063251324e-04 4.741872717690304739e+02
5.882190401699957617e-04 4.868730700215830325e+02
6.047322449462647380e-04 4.998887686401032511e+02
6.217090286163829381e-04 5.132422564554502742e+02
6.391624053344003523e-04 5.269414224034617291e+02
6.571057546036271476e-04 5.409943428342012339e+02
6.755528315331644270e-04 5.554092700441285615e+02
6.945177773823697038e-04 5.701945994948224552e+02
7.140151304013400355e-04 5.853588610840785122e+02
7.340598369757211656e-04 6.009106931293057414e+02
7.546672630843890076e-04 6.168588417861159314e+02
7.758532060787837713e-04 6.332121430585333428e+02
7.976339067929278130e-04 6.499795564491190589e+02
8.200260619934130737e-04 6.671701667992548437e+02
8.430468371788971344e-04 6.847931798619696337e+02
8.667138797389231696e-04 7.028579227165037082e+02
8.910453324821514341e-04 7.213738371441045274e+02
9.160598475443706154e-04 7.403504425603620120e+02
9.417766006869523988e-04 7.597972487638921848e+02
9.682153059967085751e-04 7.797239328514069712e+02
9.953962309984236857e-04 8.001404196248711287e+02
1.023340212191642049e-03 8.210565342454334541e+02
1.052068671023622922e-03 8.424819715456436597e+02
1.081603630310709867e-03 8.644266163658811593e+02
1.111967731120699519e-03 8.869005141039743876e+02
1.143184250129150028e-03 9.099138261726133123e+02
1.175277117462945366e-03 9.334767277774924423e+02
1.208270935044776636e-03 9.575992300551550898e+02
1.242190995452617476e-03 9.822913366831925259e+02
1.277063301308643990e-03 1.007563086616685496e+03
1.312914585212465604e-03 1.033424776963528984e+03
1.349772330233942573e-03 1.059886809864695351e+03
1.387664790981308705e-03 1.086957721467420015e+03
1.426621015260737648e-03 1.114646316780320376e+03
1.466670866343968349e-03 1.142970323243266648e+03
1.507845045861051347e-03 1.171945107752442709e+03
1.550175117335769997e-03 1.201566978039138121e+03
1.593693530381775150e-03 1.231837109822808316e+03
1.638433645577984637e-03 1.262773542887105805e+03
1.684429760042315850e-03 1.294389692571687874e+03
1.731717133723354026e-03 1.326691876899365525e+03
1.780332016430114135e-03 1.359688646115975416e+03
1.830311675620612021e-03 1.393389519164518106e+03
1.881694424970556086e-03 1.427799792277808137e+03
1.934519653744045872e-03 1.462924978651567471e+03
1.988827856988810081e-03 1.498777151788989840e+03
2.044660666579116784e-03 1.535366377411764233e+03
2.102060883130158625e-03 1.572696264158921622e+03
2.161072508808377368e-03 1.610771229296811725e+03
2.221740781062885202e-03 1.649597455589939500e+03
2.284112207303824749e-03 1.689181011517878915e+03
2.348234600554276272e-03 1.729527232183272417e+03
2.414157116103019234e-03 1.770638339893123657e+03
2.481930289186255051e-03 1.812515727693558802e+03
2.551606073727184613e-03 1.855162815394519157e+03
2.623237882163122550e-03 1.898581871558796138e+03
2.696880626390694112e-03 1.942772400955809644e+03
2.772590759860483686e-03 1.987734001007048619e+03
2.850426320853435488e-03 2.033466626048720855e+03
2.930446976972143555e-03 2.079968081135927605e+03
3.012714070881164757e-03 2.127234433876266394e+03
3.097290667331408388e-03 2.175261412751493936e+03
3.184241601504654226e-03 2.224043786460954834e+03
3.273633528715246682e-03 2.273574535825823205e+03
3.365534975507094694e-03 2.323845443952475307e+03
3.460016392185110562e-03 2.374847268630557210e+03
3.557150206821386215e-03 2.426569237968240486e+03
3.657010880777490907e-03 2.478998915297072017e+03
3.759674965785466966e-03 2.532122376051471292e+03
3.865221162631264206e-03 2.585924174331728409e+03
3.973730381485608698e-03 2.640387126641672239e+03
4.085285803928562741e-03 2.695492217009933938e+03
4.199972946715305709e-03 2.751218113556354183e+03
4.317879727332022029e-03 2.807541529583302236e+03
4.439096531392168997e-03 2.864437194968452786e+03
4.563716281924761094e-03 2.921878080480678364e+03
4.691834510607797992e-03 2.979835327721693375e+03
4.823549431001468782e-03 3.038277333986706253e+03
4.958962013837215146e-03 3.097169914056901234e+03
5.098176064420424994e-03 3.156476615480095916e+03
5.241298302206058926e-03 3.216158708996912537e+03
5.388438442608223244e-03 3.276174912686650714e+03
5.539709281106404079e-03 3.336481223014237003e+03
5.695226779712823234e-03 3.397030483942985484e+03
5.855110155867242032e-03 3.457772998944309165e+03
6.019481973827276768e-03 3.518656448814455416e+03
6.188468238624385796e-03 3.579624366622815160e+03
6.362198492657489789e-03 3.640616702199746669e+03
6.540805914998253610e-03 3.701571430662589592e+03
6.724427423484249239e-03 3.762423656608857527e+03
6.913203779678128193e-03 3.823103709227942090e+03
7.107279696773417810e-03 3.883538230552526784e+03
7.306803950529504668e-03 3.943650111981501595e+03
7.511929493320966197e-03 4.003362588710669115e+03
7.722813571388646714e-03 4.062598247098679167e+03
7.939617845382279313e-03 4.121253251410285884e+03
8.162508514287231468e-03 4.179218904097291670e+03
8.391656442830155299e-03 4.236484585517946471e+03
8.627237292461452031e-03 4.293031394836716572e+03
8.869431656014713575e-03 4.348658146079911603e+03
9.118425196146570655e-03 4.403183388991789798e+03
9.374408787662998066e-03 4.456556374340895673e+03
9.637578663841087079e-03 4.508674619090502347e+03
9.908136566858672528e-03 4.559364406333962506e+03
1.018628990244687879e-02 4.608608305273387487e+03
1.047225189888434729e-02 4.656405909910160517e+03
1.076624177045493527e-02 4.702078035053175881e+03
1.106848488549412070e-02 4.745025962163101212e+03
1.137921293915315074e-02 4.786026326338071158e+03
1.169866413101306943e-02 4.825604694488796667e+03
1.202708334768511945e-02 4.863080479570171519e+03
1.236472235053715993e-02 4.897908007006415573e+03
1.271183996869028332e-02 4.929931864117565965e+03
1.306870229743346996e-02 4.959475343360205443e+03
1.343558290220825575e-02 4.986998021650292685e+03
1.381276302832009847e-02 5.011603181968031095e+03
1.420053181653682141e-02 5.032227724416652563e+03
1.459918652473978819e-02 5.049347987988504428e+03
1.500903275579736421e-02 5.063219278442647010e+03
1.543038469183564444e-02 5.072892308046989456e+03
1.586356533508591002e-02 5.078230087338237354e+03
1.630890675549331870e-02 5.080198863401194103e+03
1.676675034527700184e-02 5.078657150589237972e+03
1.723744708063620554e-02 5.072768510679173232e+03
1.772135779080359283e-02 5.062798561918715677e+03
1.821885343465167589e-02 5.049155919365510272e+03
1.873031538506437013e-02 5.031006458392578679e+03
1.925613572129198509e-02 5.007727753643173855e+03
1.979671752951332395e-02 4.979734187305041814e+03
2.035247521183577296e-02 4.947253235897491322e+03
2.092383480396978190e-02 4.910130561997986661e+03
2.151123430182166549e-02 4.868322462591758267e+03
2.211512399725490061e-02 4.821884731133945934e+03
2.273596682327716154e-02 4.770866741814346824e+03
2.337423870891815886e-02 4.715331300813209054e+03
2.403042894406967958e-02 4.655382176916671597e+03
2.470504055456825693e-02 4.591153123818352469e+03
2.539859068780726467e-02 4.522807619407983111e+03
2.611161100917459149e-02 4.450542546513050183e+03
2.684464810961964890e-02 4.374587233945773733e+03
2.759826392466179640e-02 4.295207121329886832e+03
2.837303616516213128e-02 4.212701139705342939e+03
2.916955876018797328e-02 4.127400477541755208e+03
2.998844231231028931e-02 4.039668518758993287e+03
3.083031456568277942e-02 3.949897054037097405e+03
3.169582088726115993e-02 3.858505664768107636e+03
3.258562476153226140e-02 3.765938190160271461e+03
3.350040829913133317e-02 3.672657692497135940e+03
3.444087275973822804e-02 3.579141642649559344e+03
3.540773908965272332e-02 3.485875626902441127e+03
3.640174847446139839e-02 3.393347775602054753e+03
3.742366290721982347e-02 3.302043487149247994e+03
3.847426577258503816e-02 3.212433024634367939e+03
3.955436244734702317e-02 3.124967975951863082e+03
4.066478091781854792e-02 3.040071354635103944e+03
4.180637241455758407e-02 2.958126910836622756e+03
4.298001206490798670e-02 2.879473309765157865e+03
4.418659956385941057e-02 2.804392338403443318e+03
4.542705986374045990e-02 2.733100428384889710e+03
4.670234388327333674e-02 2.665741975292343795e+03
4.801342923653453137e-02 2.602377791808779421e+03
4.936132098237919208e-02 2.542979031939256856e+03
5.074705239490467923e-02 2.487420484398667668e+03
5.217168575554350513e-02 2.435474063135012329e+03
5.363631316739241039e-02 2.386805137807138181e+03
5.514205739240302800e-02 2.340971884291874176e+03
5.669007271207433807e-02 2.297443173851743268e+03
5.828154581230844677e-02 2.255507203256342109e+03
5.991769669310622465e-02 2.215099797724542441e+03
6.159977960380166873e-02 2.174184757502946468e+03
6.332908400455118658e-02 2.132584085881407191e+03
6.510693555481457395e-02 2.089402456398943286e+03
6.693469712958663442e-02 2.043829927292437333e+03
6.881376986415664587e-02 1.995142150859191361e+03
7.074559422819878818e-02 1.942749054232085427e+03
7.273165113001461846e-02 1.886250180301838327e+03
7.477346305177587360e-02 1.825462028150443075e+03
7.687259521663733497e-02 1.760324990108856355e+03
7.903065678861345700e-02 1.691448204154576842e+03
8.124930210614052239e-02 1.619548556016744669e+03
8.353023195026774983e-02 1.545630385138835891e+03
8.587519484845174134e-02 1.470922243715786180e+03
8.828598841495152727e-02 1.396817189611606409e+03
9.076446072885357985e-02 1.324771278566576029e+03
9.331251175078249249e-02 1.256199816015900524e+03
9.593209477938241525e-02 1.192380539513568465e+03
9.862521794868782388e-02 1.134344121149612874e+03
1.013939457675292477e-01 1.082788765915428712e+03
1.042404007021556500e-01 1.038021609477626043e+03
1.071667648032863795e-01 9.999096057596542551e+02
1.101752813788386687e-01 9.678611522906993514e+02
1.132682567136154145e-01 9.408360519923477341e+02
1.164480618372685794e-01 9.174056681935273900e+02
1.197171343418966943e-01 8.958477623415951712e+02
1.230779802506665743e-01 8.742968955506270277e+02
1.265331759388942934e-01 8.509582429285212584e+02
1.300853701090571579e-01 8.243495922329010455e+02
1.337372858212496074e-01 7.935580182498727027e+02
1.374917225806419896e-01 7.584192556269790657e+02
1.413515584835395023e-01 7.195828998678695143e+02
1.453197524236895799e-01 6.784456045972848415e+02
1.493993463605258198e-01 6.369263903329680261e+02
1.535934676510897212e-01 5.971318493732933348e+02
1.579053314474175851e-01 5.609522595668204303e+02
1.623382431612278298e-01 5.297280127349150689e+02
1.668956009978024568e-01 5.040527234510843755e+02
1.715808985610006165e-01 4.836423588655518984e+02
1.763977275314044801e-01 4.673574106126740162e+02
1.813497804196496366e-01 4.534363542204723672e+02
1.864408533970486059e-01 4.398408557089371698e+02
1.916748492056815356e-01 4.246927883623957314e+02
1.970557801501798822e-01 4.067991299819877327e+02
2.025877711735017406e-01 3.860092611154826159e+02
2.082750630190516594e-01 3.632242944465832579e+02
2.141220154815729193e-01 3.401186219641480761e+02
2.201331107493031680e-01 3.185509745670058237e+02
2.263129568399529223e-01 2.999309860022016778e+02
2.326662911331459360e-01 2.848136882323703389e+02
2.391979840020238557e-01 2.727302869042655402e+02
2.459130425468044889e-01 2.624098867850434544e+02
2.528166144331501219e-01 2.522724811903875946e+02
2.599139918382933900e-01 2.410585982670752117e+02
2.672106155079435608e-01 2.283669028227251943e+02
2.747120789270811603e-01 2.147654540457629651e+02
2.824241326078435477e-01 2.014443633029944749e+02
2.903526884977813416e-01 1.895324097066411184e+02
2.985038245118734057e-01 1.795394306009475258e+02
3.068837891917643446e-01 1.711342764128519605e+02
3.154990064958086982e-01 1.634245522993923885e+02
3.243560807235809640e-01 1.555135390108684135e+02
3.334618015786366407e-01 1.470497102993557803e+02
3.428231493733970847e-01 1.383711879110158520e+02
3.524473003801584237e-01 1.301637286141451284e+02
3.623416323323152555e-01 1.229129858092513672e+02
3.725137300800212548e-01 1.165687900589955603e+02
3.829713914046279921e-01 1.106683683140178829e+02
3.937226329963477989e-01 1.047653556769655268e+02
4.047756965997323930e-01 9.878632840492520018e+01
4.161390553316708374e-01 9.300934544780258761e+01
4.278214201767614466e-01 8.772320393530634419e+01
4.398317466650228380e-01 8.293943079902128090e+01
4.521792417370701922e-01 7.843383715057692029e+01
4.648733708020256206e-01 7.402076096562322505e+01
4.779238649935594330e-01 6.972953577526018876e+01
4.913407286296365140e-01 6.570084561125840139e+01
5.051342468816764075e-01 6.198070027755945688e+01
5.193149936590210070e-01 5.848038381504523642e+01
5.338938397147356962e-01 5.511506246765965500e+01
5.488819609789672427e-01 5.189969171444292328e+01
5.642908471262538805e-01 4.888350742387499537e+01
5.801323103833373462e-01 4.605770871672240929e+01
5.964184945842465613e-01 4.337647180306151284e+01
6.131618844795774237e-01 4.082647811128396143e+01
6.303753153071274262e-01 3.842302495730725553e+01
6.480719826311974741e-01 3.616279908092473505e+01
6.662654524581153037e-01 3.402622331019301072e+01
6.849696716357442927e-01 3.200379695008820136e+01
7.041989785449285222e-01 3.009910178978357109e+01
7.239681140910878554e-01 2.830359578947481225e+01
7.442922330043759693e-01 2.660853776137376414e+01
7.651869154570819509e-01 2.501044578631578830e+01
7.866681790071589075e-01 2.350424185200559890e+01
8.087524908770455934e-01 2.208432392295936353e+01
8.314567805772061782e-01 2.074628517323271026e+01
8.547984528840417706e-01 1.948595539348183792e+01
8.787954011821322853e-01 1.829875636378440618e+01
9.034660211810530139e-01 1.718093602972611578e+01
9.288292250172494047e-01 1.612872340282633843e+01
9.549044557518088228e-01 1.513841084041600737e+01
9.817117022752195332e-01 1.420654001202948358e+01
1.009271514630570854e+00 1.332983568465192725e+01
1.037605019766912440e+00 1.250513387660290121e+01
1.066733937734857918e+00 1.172949318544440622e+01
1.096680598336868151e+00 1.100017057137146637e+01
1.127467958244945612e+00 1.031457502953365335e+01
1.159119618598886126e+00 9.670229528268771801e+00
1.191659843098559213e+00 9.064777581983062049e+00
1.225113576604118126e+00 8.495977342242190034e+00
1.259506464258359104e+00 7.961661618288800923e+00
1.294864871145904983e+00 7.459807758496059371e+00
1.331215902504307769e+00 6.988544342069536341e+00
1.368587424502517580e+00 6.546104894787987405e+00
1.407008085602686087e+00 6.130831788683472006e+00
1.446507338521646480e+00 5.741117052101342821e+00
1.487115462808953126e+00 5.375374551247537269e+00
1.528863588058731571e+00 5.032931971945033389e+00
1.571783717773163280e+00 4.712304973864145374e+00
1.615908753895917815e+00 4.412103777775298497e+00
1.661272522034291654e+00 4.131027141457733975e+00
1.707909797389428608e+00 3.867856719377821051e+00
1.755856331414468618e+00 3.621451781688620031e+00
1.805148879221108116e+00 3.390744269659847099e+00
1.855825227755520057e+00 3.174734166105663391e+00
1.907924224765265908e+00 2.972485160743107979e+00
1.961485808579430667e+00 2.783120591692370915e+00
2.016551038724745393e+00 2.605819645527073014e+00
2.073162127401231736e+00 2.439813799403414585e+00
2.131362471841438122e+00 2.284383489846354642e+00
2.191196687578147895e+00 2.138854993753465550e+00
2.252710642645982198e+00 2.002597508096955803e+00
2.315951492743154372e+00 1.875020415665632934e+00
2.380967717380357840e+00 1.755570724994984788e+00
2.447809157044444017e+00 1.643730673388585029e+00
2.516527051405392790e+00 1.539015482640957666e+00
2.587174078595922744e+00 1.440971257733924205e+00
2.659804395593756698e+00 1.349173019398204998e+00
2.734473679737583041e+00 1.263222862012271408e+00
2.811239171408464355e+00 1.182748228853735872e+00
2.890159717909508874e+00 1.107400297227251640e+00
2.971295818577336600e+00 1.036852466469142087e+00
3.054709671159970164e+00 9.707989422749160324e-01
3.140465219496751281e+00 9.089534112133437205e-01
3.228628202536729219e+00 8.510477996816844248e-01
3.319266204733191561e+00 7.968311119226741956e-01
3.412448707852890450e+00 7.460683420665802368e-01
3.508247144239789783e+00 6.985394554824948532e-01
3.606734951574031900e+00 6.540384350234691446e-01
3.707987629168172372e+00 6.123723880313707291e-01
3.812082795843888317e+00 5.733607102307181069e-01
3.919100249433401739e+00 5.368343028873349132e-01
4.029122027951350660e+00 5.026348398385440674e-01
4.142232472483896366e+00 4.706140812177954658e-01
4.258518291843413017e+00 4.406332308990213442e-01
4.378068629038172510e+00 4.125623348755177999e-01
4.500975129608047354e+00 3.862797179655859114e-01
4.627332011878690032e+00 3.616714564032954549e-01
4.757236139187885904e+00 3.386308840282795107e-01
4.890787094139594338e+00 3.170581299341079240e-01
5.028087254942479767e+00 2.968596855711441163e-01
5.169241873891597727e+00 2.779479994274651200e-01
5.314359158053243881e+00 2.602410975309596419e-01
5.463550352214879169e+00 2.436622281276482616e-01
5.616929824163807261e+00 2.281395289960571338e-01
5.774615152359817039e+00 2.136057159555990181e-01
5.936727216069127344e+00 1.999977912187791140e-01
6.103390288028621491e+00 1.872567703230598735e-01
6.274732129711575013e+00 1.753274264587512676e-01
6.450884089267698407e+00 1.641580510847002183e-01
6.631981202212673843e+00 1.537002297941502393e-01
6.818162294944477786e+00 1.439086324592480648e-01
7.009570091165615580e+00 1.347408167445638127e-01
7.206351321293055889e+00 1.261570441379412655e-01
7.408656834939563396e+00 1.181201077012514478e-01
7.616641716552886798e+00 1.105951707944235335e-01
7.830465404301192756e+00 1.035496160736917720e-01
8.050291812295983007e+00 9.695290410953118221e-02
8.276289456246344045e+00 9.077644101145164457e-02
8.508631582640587609e+00 8.499345448586179130e-02
8.747496301554422260e+00 7.957887778976649451e-02
8.993066723187620681e+00 7.450924107728813806e-02
9.245531098233566780e+00 6.976256966804522675e-02
9.505082962189515428e+00 6.531828879642639918e-02
9.771921283717999174e+00 6.115713442888880830e-02
1.004625061717340628e+01 5.726106976271252980e-02
1.032828125941029640e+01 5.361320704426938283e-02
1.061822941099384643e+01 5.019773436792204779e-02
1.091631734193614811e+01 4.699984713825845067e-02
1.122277356208507015e+01 4.400568389857995727e-02
1.153783299629661485e+01 4.120226624748753175e-02
1.186173716452478821e+01 3.857744258313029750e-02
1.219473436696737778e+01 3.611983543127229856e-02
1.253707987440921379e+01 3.381879212886721581e-02
1.288903612390893194e+01 3.166433864937586579e-02
1.325087291997952832e+01 2.964713636967914942e-02
1.362286764141645712e+01 2.775844159118975168e-02
1.400530545393221082e+01 2.599006763970411471e-02
1.439847952876007753e+01 2.433434937971398065e-02
1.480269126739508501e+01 2.278410998936236664e-02
1.521825053264387861e+01 2.133262985202785678e-02
1.564547588616096618e+01 1.997361742969561149e-02
1.608469483265355748e+01 1.870118199186383834e-02
1.653624407094179460e+01 1.750980808177730885e-02
1.700046975206718614e+01 1.639433160931009700e-02
1.747772774464680978e+01 1.534991746687051559e-02
1.796838390767719673e+01 1.437203857130299467e-02
1.847281437099635681e+01 1.345645624094242952e-02
1.899140582361934904e+01 1.259920182276423259e-02
1.952455581016860364e+01 1.179655948999155587e-02
2.007267303562567662e+01 1.104505013559492141e-02
2.063617767863859598e+01 1.034141629186940969e-02
2.121550171362450854e+01 9.682608010722411340e-03
2.181108924191518383e+01 9.065769643469038033e-03
2.242339683219847757e+01 8.488227462831340192e-03
2.305289387051708516e+01 7.947478073488096692e-03
2.370006292009328064e+01 7.441177560939861609e-03
2.436540009125468131e+01 6.967131331654356427e-03
2.504941542174504221e+01 6.523284600453589481e-03
2.575263326771200667e+01 6.107713483909684750e-03
2.647559270567065681e+01 5.718616661143109160e-03
2.721884794575180422e+01 5.354307565876504499e-03
2.798296875655116978e+01 5.013207075900020203e-03
2.876854090190592217e+01 4.693836668260175336e-03
2.957616658993256564e+01 4.394812010502951484e-03
3.040646493467068723e+01 4.114836960191903606e-03
3.126007243068703190e+01 3.852697946691836881e-03
3.213764344100275139e+01 3.607258710865484871e-03
3.303985069871860247e+01 3.377455379882062132e-03
3.396738582272208617e+01 3.162291855789121225e-03
3.492095984787270169e+01 2.960835497859159483e-03
3.590130377007073292e+01 2.772213079995832809e-03
3.690916910662779316e+01 2.595607005676864570e-03
3.794532847236938977e+01 2.430251764027080777e-03
3.901057617190990356e+01 2.275430611660172759e-03
4.010572880855499989e+01 2.130472465906414151e-03
4.123162591029752377e+01 1.994748995959814801e-03
4.238913057338778145e+01 1.867671899336096914e-03
4.357913012397032304e+01 1.748690351836113205e-03
4.480253679829492341e+01 1.637288619961413567e-03
4.606028844202401018e+01 1.532983825432797766e-03
4.735334922917113687e+01 1.435323852122027738e-03
4.868271040122284887e+01 1.343885386324141906e-03
5.004939102700954123e+01 1.258272081875808166e-03
5.145443878390924652e+01 1.178112842166292038e-03
5.289893076098154978e+01 1.103060211594307288e-03
5.438397428464800498e+01 1.032788869498405546e-03
5.591070776755292115e+01 9.669942200327473307e-04
5.748030158125349942e+01 9.053910718759783328e-04
5.909395895340973937e+01 8.477124020503168985e-04
6.075291689016074059e+01 7.937081984925462496e-04
6.245844712439613744e+01 7.431443763599561653e-04
6.421185709064765490e+01 6.958017633738913495e-04
6.601449092734890201e+01 6.514751498028077377e-04
6.786773050723294887e+01 6.099723989669273870e-04
6.977299649665530978e+01 5.711136144089112724e-04
7.173174944465618807e+01 5.347303601205985685e-04
7.374549090259552031e+01 5.006649304458316583e-04
7.581576457522108115e+01 4.687696664947105067e-04
7.794415750404954224e+01 4.389063161062305217e-04
8.013230128396889995e+01 4.109454345850171325e-04
8.238187331399603863e+01 3.847658236146110481e-04
8.469459808314594795e+01 3.602540059152359222e-04
8.707224849239922548e+01 3.373037333689178998e-04
8.951664721378301692e+01 3.158155264798910935e-04
9.202966808760409378e+01 2.956962431740510142e-04
9.461323755890775544e+01 2.768586750683862800e-04
9.726933615426175095e+01 2.592211694603931095e-04
9.999999999999995737e+01 2.427072753989594075e-04
