1.000000000000000048e-04 2.196268741794994028e+01
1.028073223830865281e-04 2.255820298379633471e+01
1.056934553557988362e-04 2.316985636443750707e+01
1.086606113854597351e-04 2.379808322741687832e+01
1.117110650504824041e-04 2.444332476634778217e+01
1.148471547840289439e-04 2.510604095909416600e+01
1.180712846666190141e-04 2.578670717625166020e+01
1.213859262690628250e-04 2.648580792401448392e+01
1.247936205471311189e-04 2.720383935833666555e+01
1.282969797894147957e-04 2.794131028394358651e+01
1.318986896198670199e-04 2.869874443003708819e+01
1.356015110565633925e-04 2.947668178649883686e+01
1.394082826282578376e-04 3.027567759819219262e+01
1.433219225503574155e-04 3.109630175669749619e+01
1.473454309619835539e-04 3.193913239916713565e+01
1.514818922258346051e-04 3.280476124279705630e+01
1.557344772926134557e-04 3.369380545124580806e+01
1.601064461318317826e-04 3.460689962542846843e+01
1.646011502308550778e-04 3.554468976255617463e+01
1.692220351641037391e-04 3.650783694822646197e+01
1.739726432343801689e-04 3.749701834249444232e+01
1.788566161883461665e-04 3.851293565604235170e+01
1.838776980082327715e-04 3.955631404866778666e+01
1.890397377819221208e-04 4.062788423083512868e+01
1.943466926536020897e-04 4.172839153960703129e+01
1.998026308572550618e-04 4.285861604265750913e+01
2.054117348353064979e-04 4.401935964799972822e+01
2.111783044448243749e-04 4.521143570060549166e+01
2.171067602537265953e-04 4.643567855431698632e+01
2.232016469295233991e-04 4.769294641678101243e+01
2.294676367231936914e-04 4.898411763811481734e+01
2.359095330508635614e-04 5.031009179289141287e+01
2.425322741760353111e-04 5.167179804850309210e+01
2.493409369951879494e-04 5.307019212438573419e+01
2.563407409296515377e-04 5.450624850610937244e+01
2.635370519267394326e-04 5.598096306890625584e+01
2.709353865732051759e-04 5.749535221878572600e+01
2.785414163241767813e-04 5.905046341240798569e+01
2.863609718508116210e-04 6.064738013516951298e+01
2.944000475100034728e-04 6.228720394117829784e+01
3.026648059395691654e-04 6.397105567753973077e+01
3.111615827824361444e-04 6.570009837444021628e+01
3.198968915434537695e-04 6.747552759073208506e+01
3.288774285825511105e-04 6.929854287327064810e+01
3.381100782480684795e-04 7.117037584285789364e+01
3.476019181541978613e-04 7.309231945766127581e+01
3.573602246065787046e-04 7.506568357420431425e+01
3.673924781802075296e-04 7.709177703363420164e+01
3.777063694539367416e-04 7.917196653262998041e+01
3.883098049059605528e-04 8.130767712979771034e+01
3.992109129748052884e-04 8.350033080121542639e+01
4.104180502904709654e-04 8.575136609734219917e+01
4.219398080805026588e-04 8.806228341868217058e+01
4.337850187558990231e-04 9.043462102144108883e+01
4.459627626819093779e-04 9.286993291680803964e+01
4.584823751389095932e-04 9.536981366975723517e+01
4.713534534786909978e-04 9.793590766433636929e+01
4.845858644816496185e-04 1.005698781622031532e+02
4.981897519205162042e-04 1.032734071971373311e+02
5.121755443364240474e-04 1.060482282001569700e+02
5.265539630332758715e-04 1.088961183137245996e+02
5.413360302965379654e-04 1.118188750512778142e+02
5.565330778427647921e-04 1.148183313255120481e+02
5.721567555063251324e-04 1.178963681279403346e+02
5.882190401699957617e-04 1.210548967966553846e+02
6.047322449462647380e-04 1.242958498048003690e+02
6.217090286163829381e-04 1.276212042581580732e+02
6.391624053344003523e-04 1.310329831620641983e+02
6.571057546036271476e-04 1.345332364141474102e+02
6.755528315331644270e-04 1.381240410999142796e+02
6.945177773823697038e-04 1.418074902564324873e+02
7.140151304013400355e-04 1.455857169891395415e+02
7.340598369757211656e-04 1.494609233239743276e+02
7.546672630843890076e-04 1.534353256673936130e+02
7.758532060787837713e-04 1.575111258022136269e+02
7.976339067929278130e-04 1.616905769144446197e+02
8.200260619934130737e-04 1.659759876978140198e+02
8.430468371788971344e-04 1.703696772439416520e+02
8.667138797389231696e-04 1.748739804117590495e+02
8.910453324821514341e-04 1.794912534360210827e+02
9.160598475443706154e-04 1.842238773909766110e+02
9.417766006869523988e-04 1.890742571341301925e+02
9.682153059967085751e-04 1.940448188301794517e+02
9.953962309984236857e-04 1.991380053049717844e+02
1.023340212191642049e-03 2.043562729131962499e+02
1.052068671023622922e-03 2.097020891062443866e+02
1.081603630310709867e-03 2.151779297417625685e+02
1.111967731120699519e-03 2.207862778842115290e+02
1.143184250129150028e-03 2.265296120011673224e+02
1.175277117462945366e-03 2.324104199928880519e+02
1.208270935044776636e-03 2.384312136450622290e+02
1.242190995452617476e-03 2.445944901067606736e+02
1.277063301308643990e-03 2.509027082857150788e+02
1.312914585212465604e-03 2.573583966732007866e+02
1.349772330233942573e-03 2.639641280199658127e+02
1.387664790981308705e-03 2.707220813088403588e+02
1.426621015260737648e-03 2.776344641924451366e+02
1.466670866343968349e-03 2.847052137518072641e+02
1.507845045861051347e-03 2.919378219521831284e+02
1.550175117335769997e-03 2.993321327850017042e+02
1.593693530381775150e-03 3.068889124232750873e+02
1.638433645577984637e-03 3.146121402388675961e+02
1.684429760042315850e-03 3.225048996361549030e+02
1.731717133723354026e-03 3.305689072041309942e+02
1.780332016430114135e-03 3.388063322046869530e+02
1.830311675620612021e-03 3.472195414912366687e+02
1.881694424970556086e-03 3.558100732880313330e+02
1.934519653744045872e-03 3.645794824221816270e+02
1.988827856988810081e-03 3.735305338765137435e+02
2.044660666579116784e-03 3.826656153863359577e+02
2.102060883130158625e-03 3.919859152373704774e+02
2.161072508808377368e-03 4.014927115022459247e+02
2.221740781062885202e-03 4.111875413802667367e+02
2.284112207303824749e-03 4.210719177266262818e+02
2.348234600554276272e-03 4.311472091935889921e+02
2.414157116103019234e-03 4.414141889755604211e+02
2.481930289186255051e-03 4.518734123143049146e+02
2.551606073727184613e-03 4.625256483500139666e+02
2.623237882163122550e-03 4.733714257806901742e+02
2.696880626390694112e-03 4.844107952059205786e+02
2.772590759860483686e-03 4.956437212990170451e+02
2.850426320853435488e-03 5.070701037590875444e+02
2.930446976972143555e-03 5.186893248388588518e+02
3.012714070881164757e-03 5.305003615674758066e+02
3.097290667331408388e-03 5.425021777963893328e+02
3.184241601504654226e-03 5.546935079611683932e+02
3.273633528715246682e-03 5.670725779088434138e+02
3.365534975507094694e-03 5.796372663455031216e+02
3.460016392185110562e-03 5.923851347074019031e+02
3.557150206821386215e-03 6.053134764637864009e+02
3.657010880777490907e-03 6.184193044876201384e+02
3.759674965785466966e-03 6.316991485390158232e+02
3.865221162631264206e-03 6.451490857201678182e+02
3.973730381485608698e-03 6.587648301761345238e+02
4.085285803928562741e-03 6.725416912620585208e+02
4.199972946715305709e-03 6.864744826685417820e+02
4.317879727332022029e-03 7.005575361110670656e+02
4.439096531392168997e-03 7.147846551701569524e+02
4.563716281924761094e-03 7.291491113329169593e+02
4.691834510607797992e-03 7.436436178379470903e+02
4.823549431001468782e-03 7.582602757799072606e+02
4.958962013837215146e-03 7.729906022692588294e+02
5.098176064420424994e-03 7.878255816046746531e+02
5.241298302206058926e-03 8.027555988467591988e+02
5.388438442608223244e-03 8.177702428169006907e+02
5.539709281106404079e-03 8.328584215012406275e+02
5.695226779712823234e-03 8.480083297638227577e+02
5.855110155867242032e-03 8.632074851995611198e+02
6.019481973827276768e-03 8.784427056894589896e+02
6.188468238624385796e-03 8.936999872000221785e+02
6.362198492657489789e-03 9.089645360716018558e+02
6.540805914998253610e-03 9.242207270226508626e+02
6.724427423484249239e-03 9.394521664929969802e+02
6.913203779678128193e-03 9.546416031475880573e+02
7.107279696773417810e-03 9.697707904173551015e+02
7.306803950529504668e-03 9.848202367884515525e+02
7.511929493320966197e-03 9.997706672158113861e+02
7.722813571388646714e-03 1.014602849253949216e+03
7.939617845382279313e-03 1.029290921315960304e+03
8.162508514287231468e-03 1.043807677184825479e+03
8.391656442830155299e-03 1.058149750937212730e+03
8.627237292461452031e-03 1.072311895359081291e+03
8.869431656014713575e-03 1.086245039816200233e+03
9.118425196146570655e-03 1.099904633880397114e+03
9.374408787662998066e-03 1.113277096509005787e+03
9.637578663841087079e-03 1.126336306162790152e+03
9.908136566858672528e-03 1.139039051150522482e+03
1.018628990244687879e-02 1.151380869634751662e+03
1.047225189888434729e-02 1.163361422795342605e+03
1.076624177045493527e-02 1.174811536052449355e+03
1.106848488549412070e-02 1.185582012622580351e+03
1.137921293915315074e-02 1.195865699121963189e+03
1.169866413101306943e-02 1.205793116500726910e+03
1.202708334768511945e-02 1.215194988174659329e+03
1.236472235053715993e-02 1.223935284370105819e+03
1.271183996869028332e-02 1.231974704781117680e+03
1.306870229743346996e-02 1.239393790295501503e+03
1.343558290220825575e-02 1.246307334455877026e+03
1.381276302832009847e-02 1.252491126139989092e+03
1.420053181653682141e-02 1.257679380153729426e+03
1.459918652473978819e-02 1.261991255124654799e+03
1.500903275579736421e-02 1.265490804233938661e+03
1.543038469183564444e-02 1.267941143554263590e+03
1.586356533508591002e-02 1.269307897942362388e+03
1.630890675549331870e-02 1.269831851221923444e+03
1.676675034527700184e-02 1.269477439621470467e+03
1.723744708063620554e-02 1.268035743608681514e+03
1.772135779080359283e-02 1.265573016068148490e+03
1.821885343465167589e-02 1.262191222318781229e+03
1.873031538506437013e-02 1.257681991948842324e+03
1.925613572129198509e-02 1.251889810221552125e+03
1.979671752951332395e-02 1.244918086392076930e+03
2.035247521183577296e-02 1.236823532977575042e+03
2.092383480396978190e-02 1.227567482318467228e+03
2.151123430182166549e-02 1.217138999034272047e+03
2.211512399725490061e-02 1.205552058667763731e+03
2.273596682327716154e-02 1.192818926168055441e+03
2.337423870891815886e-02 1.178955179329669591e+03
2.403042894406967958e-02 1.163986632691216300e+03
2.470504055456825693e-02 1.147946733745217216e+03
2.539859068780726467e-02 1.130876530993339429e+03
2.611161100917459149e-02 1.112825324542247245e+03
2.684464810961964890e-02 1.093850369755767360e+03
2.759826392466179640e-02 1.074017796510514245e+03
2.837303616516213128e-02 1.053402501804954682e+03
2.916955876018797328e-02 1.032087300328542824e+03
2.998844231231028931e-02 1.010162756785150918e+03
3.083031456568277942e-02 9.877273511343785231e+02
3.169582088726115993e-02 9.648860360801668321e+02
3.258562476153226140e-02 9.417495824710065335e+02
3.350040829913133317e-02 9.184337787878332620e+02
3.444087275973822804e-02 8.950580399417099215e+02
3.540773908965272332e-02 8.717441282930486750e+02
3.640174847446139839e-02 8.486139011434527220e+02
3.742366290721982347e-02 8.257888172093624917e+02
3.847426577258503816e-02 8.033867315629780705e+02
3.955436244734702317e-02 7.815201257649857780e+02
4.066478091781854792e-02 7.602953773452748010e+02
4.180637241455758407e-02 7.398084672368865995e+02
4.298001206490798670e-02 7.201436651793114834e+02
4.418659956385941057e-02 7.013718387543646031e+02
4.542705986374045990e-02 6.835473554095553936e+02
4.670234388327333674e-02 6.667061690952776871e+02
4.801342923653453137e-02 6.508634147376503734e+02
4.936132098237919208e-02 6.360119761006639010e+02
5.074705239490467923e-02 6.221206307918768061e+02
5.217168575554350513e-02 6.091323149955055669e+02
5.363631316739241039e-02 5.969635355053532066e+02
5.514205739240302800e-02 5.855036891247956419e+02
5.669007271207433807e-02 5.746197326694700678e+02
5.828154581230844677e-02 5.641341371214590481e+02
5.991769669310622465e-02 5.540304380956097248e+02
6.159977960380166873e-02 5.437996784880904215e+02
6.332908400455118658e-02 5.333971849200398765e+02
6.510693555481457395e-02 5.225990502355543867e+02
6.693469712958663442e-02 5.112026855065461177e+02
6.881376986415664587e-02 4.990269689557292168e+02
7.074559422819878818e-02 4.859242283912359426e+02
7.273165113001461846e-02 4.717944800745088401e+02
7.477346305177587360e-02 4.565916616465042921e+02
7.687259521663733497e-02 4.403009162605677034e+02
7.903065678861345700e-02 4.230743677770281579e+02
8.124930210614052239e-02 4.050918031000499013e+02
8.353023195026774983e-02 3.866040510498015124e+02
8.587519484845174134e-02 3.679186926141472895e+02
8.828598841495152727e-02 3.493838576481135192e+02
9.076446072885357985e-02 3.313639846417673880e+02
9.331251175078249249e-02 3.142130393155399588e+02
9.593209477938241525e-02 2.982506875808874724e+02
9.862521794868782388e-02 2.837346436567572709e+02
1.013939457675292477e-01 2.708396482888419428e+02
1.042404007021556500e-01 2.596425406144003887e+02
1.071667648032863795e-01 2.501099085183415411e+02
1.101752813788386687e-01 2.420939859254487203e+02
1.132682567136154145e-01 2.353345484817988336e+02
1.164480618372685794e-01 2.294742456460728590e+02
1.197171343418966943e-01 2.240821817915038707e+02
1.230779802506665743e-01 2.186918755181845597e+02
1.265331759388942934e-01 2.128543780048638325e+02
1.300853701090571579e-01 2.061989582125021627e+02
1.337372858212496074e-01 1.984971479045677540e+02
1.374917225806419896e-01 1.897079614578579765e+02
1.413515584835395023e-01 1.799937953453172383e+02
1.453197524236895799e-01 1.697040313655058128e+02
1.493993463605258198e-01 1.593187685601777446e+02
1.535934676510897212e-01 1.493648427365474447e+02
1.579053314474175851e-01 1.403151229885884561e+02
1.623382431612278298e-01 1.325048986503160791e+02
1.668956009978024568e-01 1.260826467056488127e+02
1.715808985610006165e-01 1.209773298602387541e+02
1.763977275314044801e-01 1.169039083749726728e+02
1.813497804196496366e-01 1.134218161935510238e+02
1.864408533970486059e-01 1.100211624031736619e+02
1.916748492056815356e-01 1.062321186290816968e+02
1.970557801501798822e-01 1.017562816205686715e+02
2.025877711735017406e-01 9.655598358675037218e+01
2.082750630190516594e-01 9.085663880226736921e+01
2.141220154815729193e-01 8.507705968175734768e+01
2.201331107493031680e-01 7.968217021484144880e+01
2.263129568399529223e-01 7.502461463993152790e+01
2.326662911331459360e-01 7.124320749485534066e+01
2.391979840020238557e-01 6.822069965324143936e+01
2.459130425468044889e-01 6.563918515958296496e+01
2.528166144331501219e-01 6.310343884239185286e+01
2.599139918382933900e-01 6.029842130089256358e+01
2.672106155079435608e-01 5.712373669715214675e+01
2.747120789270811603e-01 5.372149445439149673e+01
2.824241326078435477e-01 5.038937095571612446e+01
2.903526884977813416e-01 4.740973189195977966e+01
2.985038245118734057e-01 4.491009228907520878e+01
3.068837891917643446e-01 4.280762683609567176e+01
3.154990064958086982e-01 4.087912648410676297e+01
3.243560807235809640e-01 3.890026839749045706e+01
3.334618015786366407e-01 3.678312741670811192e+01
3.428231493733970847e-01 3.461229019312053623e+01
3.524473003801584237e-01 3.255927140463770542e+01
3.623416323323152555e-01 3.074557246733093763e+01
3.725137300800212548e-01 2.915863287898893219e+01
3.829713914046279921e-01 2.768270275694356997e+01
3.937226329963477989e-01 2.620611879657488075e+01
4.047756965997323930e-01 2.471052722475518237e+01
4.161390553316708374e-01 2.326546466685215364e+01
4.278214201767614466e-01 2.194318969454480950e+01
4.398317466650228380e-01 2.074657676812357465e+01
4.521792417370701922e-01 1.961954035348588832e+01
4.648733708020256206e-01 1.851565292476334079e+01
4.779238649935594330e-01 1.744223923357498407e+01
4.913407286296365140e-01 1.643449979741911093e+01
5.051342468816764075e-01 1.550393817343786829e+01
5.193149936590210070e-01 1.462836705414086502e+01
5.338938397147356962e-01 1.378656278803775592e+01
5.488819609789672427e-01 1.298226540357304870e+01
5.642908471262538805e-01 1.222779494403869194e+01
5.801323103833373462e-01 1.152094721076788097e+01
5.964184945842465613e-01 1.085025765173124235e+01
6.131618844795774237e-01 1.021239928701127653e+01
6.303753153071274262e-01 9.611196003413477129e+00
6.480719826311974741e-01 9.045821324022755405e+00
6.662654524581153037e-01 8.511374579973068677e+00
6.849696716357442927e-01 8.005483240540550938e+00
7.041989785449285222e-01 7.529039876986544755e+00
7.239681140910878554e-01 7.079908355421329347e+00
7.442922330043759693e-01 6.655905114734412820e+00
7.651869154570819509e-01 6.256155436797694591e+00
7.866681790071589075e-01 5.879392158441687499e+00
8.087524908770455934e-01 5.524212469052036667e+00
8.314567805772061782e-01 5.189512712431305630e+00
8.547984528840417706e-01 4.874251491381759394e+00
8.787954011821322853e-01 4.577284233746632403e+00
9.034660211810530139e-01 4.297669870783764168e+00
9.288292250172494047e-01 4.034467562781767214e+00
9.549044557518088228e-01 3.786749802602970227e+00
9.817117022752195332e-01 3.553650367290654977e+00
1.009271514630570854e+00 3.334350312164464203e+00
1.037605019766912440e+00 3.128058511640132711e+00
1.066733937734857918e+00 2.934037735737345276e+00
1.096680598336868151e+00 2.751603738897873797e+00
1.127467958244945612e+00 2.580108118277801399e+00
1.159119618598886126e+00 2.418930584370225123e+00
1.191659843098559213e+00 2.267481668768779990e+00
1.225113576604118126e+00 2.125200654191869098e+00
1.259506464258359104e+00 1.991546206027823285e+00
1.294864871145904983e+00 1.866011425262004808e+00
1.331215902504307769e+00 1.748128926036161879e+00
1.368587424502517580e+00 1.637456568545718971e+00
1.407008085602686087e+00 1.533579138621352200e+00
1.446507338521646480e+00 1.436095363578369755e+00
1.487115462808953126e+00 1.344607787283174538e+00
1.528863588058731571e+00 1.258948498460138676e+00
1.571783717773163280e+00 1.178746201505708635e+00
1.615908753895917815e+00 1.103653254492625635e+00
1.661272522034291654e+00 1.033344162294011381e+00
1.707909797389428608e+00 9.675141657041586019e-01
1.755856331414468618e+00 9.058779204404848739e-01
1.805148879221108116e+00 8.481682603006980292e-01
1.855825227755520057e+00 7.941350391139992970e-01
1.907924224765265908e+00 7.435440464666891458e-01
1.961485808579430667e+00 6.961759925023209838e-01
2.016551038724745393e+00 6.518255573959524929e-01
2.073162127401231736e+00 6.103005013823824543e-01
2.131362471841438122e+00 5.714208314807329714e-01
2.191196687578147895e+00 5.350180213034934074e-01
2.252710642645982198e+00 5.009342805682379662e-01
2.315951492743154372e+00 4.690218711456696221e-01
2.380967717380357840e+00 4.391424666793569687e-01
2.447809157044444017e+00 4.111665530013964287e-01
2.516527051405392790e+00 3.849728667450625919e-01
2.587174078595922744e+00 3.604478697210771743e-01
2.659804395593756698e+00 3.374852567791492008e-01
2.734473679737583041e+00 3.159854950215791880e-01
2.811239171408464355e+00 2.958553923716210066e-01
2.890159717909508874e+00 2.770076936265324363e-01
2.971295818577336600e+00 2.593607022443822907e-01
3.054709671159970164e+00 2.428379262252232107e-01
3.140465219496751281e+00 2.273677465516819318e-01
3.228628202536729219e+00 2.128831067517997777e-01
3.319266204733191561e+00 1.993212222385151167e-01
3.412448707852890450e+00 1.866233081659010029e-01
3.508247144239789783e+00 1.747343246225335767e-01
3.606734951574031900e+00 1.636027380575157397e-01
3.707987629168172372e+00 1.531802979050425895e-01
3.812082795843888317e+00 1.434218274392729253e-01
3.919100249433401739e+00 1.342850279529547997e-01
4.029122027951350660e+00 1.257302954110041115e-01
4.142232472483896366e+00 1.177205487843109022e-01
4.258518291843413017e+00 1.102210693196735980e-01
4.378068629038172510e+00 1.031993500491682619e-01
4.500975129608047354e+00 9.662495488664075982e-02
4.627332011878690032e+00 9.046938670056683951e-02
4.757236139187885904e+00 8.470596379143360832e-02
4.890787094139594338e+00 7.930970423822610027e-02
5.028087254942479767e+00 7.425721761271092403e-02
5.169241873891597727e+00 6.952660359214625496e-02
5.314359158053243881e+00 6.509735703094800263e-02
5.463550352214879169e+00 6.095027907983992937e-02
5.616929824163807261e+00 5.706739396722743107e-02
5.774615152359817039e+00 5.343187108207905073e-02
5.936727216069127344e+00 5.002795202057867124e-02
6.103390288028621491e+00 4.684088228032792095e-02
6.274732129711575013e+00 4.385684730602248255e-02
6.450884089267698407e+00 4.106291260938874088e-02
6.631981202212673843e+00 3.844696770382651646e-02
6.818162294944477786e+00 3.599767361073910599e-02
7.009570091165615580e+00 3.370441371001366149e-02
7.206351321293055889e+00 3.155724772160998365e-02
7.408656834939563396e+00 2.954686861878823637e-02
7.616641716552886798e+00 2.766456228621300834e-02
7.830465404301192756e+00 2.590216974806944933e-02
8.050291812295983007e+00 2.425205180246668701e-02
8.276289456246344045e+00 2.270705590883423386e-02
8.508631582640587609e+00 2.126048518478262234e-02
8.747496301554422260e+00 1.990606937804325488e-02
8.993066723187620681e+00 1.863793768766349931e-02
9.245531098233566780e+00 1.745059331664871802e-02
9.505082962189515428e+00 1.633888964574818289e-02
9.771921283717999174e+00 1.529800792510847829e-02
1.004625061717340628e+01 1.432343638709760412e-02
1.032828125941029640e+01 1.341095068976288530e-02
1.061822941099384643e+01 1.255659560615369000e-02
1.091631734193614811e+01 1.175666788014010852e-02
1.122277356208507015e+01 1.100770017441512170e-02
1.153783299629661485e+01 1.030644604110179767e-02
1.186173716452478821e+01 9.649865849819706451e-03
1.219473436696737778e+01 9.035113612214842188e-03
1.253707987440921379e+01 8.459524645843144106e-03
1.288903612390893194e+01 7.920604023935977692e-03
1.325087291997952832e+01 7.416015760982279555e-03
1.362286764141645712e+01 6.943572687251675125e-03
1.400530545393221082e+01 6.501226968368988002e-03
1.439847952876007753e+01 6.087061228846651212e-03
1.480269126739508501e+01 5.699280241099426159e-03
1.521825053264387861e+01 5.336203143916927287e-03
1.564547588616096618e+01 4.996256156664422021e-03
1.608469483265355748e+01 4.677965757631161875e-03
1.653624407094179460e+01 4.379952296957361803e-03
1.700046975206718614e+01 4.100924016454642919e-03
1.747772774464680978e+01 3.839671450398490869e-03
1.796838390767719673e+01 3.595062183022604014e-03
1.847281437099635681e+01 3.366035939991145545e-03
1.899140582361934904e+01 3.151599992572600654e-03
1.952455581016860364e+01 2.950824854594316649e-03
2.007267303562567662e+01 2.762840253525919356e-03
2.063617767863859598e+01 2.586831358228003190e-03
2.121550171362450854e+01 2.422035247015036797e-03
2.181108924191518383e+01 2.267737600723076889e-03
2.242339683219847757e+01 2.123269606448187786e-03
2.305289387051708516e+01 1.988005058534621748e-03
2.370006292009328064e+01 1.861357644246806843e-03
2.436540009125468131e+01 1.742778402359726865e-03
2.504941542174504221e+01 1.631753343651776850e-03
2.575263326771200667e+01 1.527801222985986302e-03
2.647559270567065681e+01 1.430471453322542481e-03
2.721884794575180422e+01 1.339342152620777004e-03
2.798296875655116978e+01 1.254018315164785735e-03
2.876854090190592217e+01 1.174130099386175730e-03
2.957616658993256564e+01 1.099331224762404701e-03
3.040646493467068723e+01 1.029297470841959153e-03
3.126007243068703190e+01 9.637252718903078141e-04
3.213764344100275139e+01 9.023304010650316787e-04
3.303985069871860247e+01 8.448467384166035874e-04
3.396738582272208617e+01 7.910251173746402770e-04
3.492095984787270169e+01 7.406322447196493500e-04
3.590130377007073292e+01 6.934496893588173788e-04
3.690916910662779316e+01 6.492729355226285488e-04
3.794532847236938977e+01 6.079104962783282457e-04
3.901057617190990356e+01 5.691830835177075221e-04
4.010572880855499989e+01 5.329228308214604753e-04
4.123162591029752377e+01 4.989725658315763424e-04
4.238913057338778145e+01 4.671851289778160103e-04
4.357913012397032304e+01 4.374227356052494842e-04
4.480253679829492341e+01 4.095563787379577101e-04
4.606028844202401018e+01 3.834652698901378962e-04
4.735334922917113687e+01 3.590363155007749970e-04
4.868271040122284887e+01 3.361636267224505747e-04
5.004939102700954123e+01 3.147480604394380164e-04
5.145443878390924652e+01 2.946967895255991942e-04
5.289893076098154978e+01 2.759229004793367721e-04
5.438397428464800498e+01 2.583450166915258138e-04
5.591070776755292115e+01 2.418869457134562983e-04
5.748030158125349942e+01 2.264773489958468364e-04
5.909395895340973937e+01 2.120494326673917033e-04
6.075291689016074059e+01 1.985406580125029176e-04
6.245844712439613744e+01 1.858924703932927870e-04
6.421185709064765490e+01 1.740500454407937895e-04
6.601449092734890201e+01 1.629620514152648706e-04
6.786773050723294887e+01 1.525804267055198013e-04
6.977299649665530978e+01 1.428601715028346908e-04
7.173174944465618807e+01 1.337591527464316644e-04
7.374549090259552031e+01 1.252379214950629207e-04
7.581576457522108115e+01 1.172595419330806017e-04
7.794415750404954224e+01 1.097894312698085634e-04
8.013230128396889995e+01 1.027952098382493639e-04
8.238187331399603863e+01 9.624656074337038358e-05
8.469459808314594795e+01 9.011509845160547028e-05
8.707224849239922548e+01 8.437424575196485503e-05
8.951664721378301692e+01 7.899911855543369297e-05
9.202966808760409378e+01 7.396641803331479486e-05
9.461323755890775544e+01 6.925432962698252687e-05
9.726933615426175095e+01 6.484242849129909702e-05
9.999999999999995737e+01 6.071159096183185376e-05
