1.000000000000000048e-04 2.905121032687258094e+02
1.028073223830865281e-04 2.983885876038580136e+02
1.056934553557988362e-04 3.064783742676921179e+02
1.086606113854597351e-04 3.147872289231673903e+02
1.117110650504824041e-04 3.233210923456904879e+02
1.148471547840289439e-04 3.320860213976022237e+02
1.180712846666190141e-04 3.410882210223742845e+02
1.213859262690628250e-04 3.503341061723308485e+02
1.247936205471311189e-04 3.598302619958830064e+02
1.282969797894147957e-04 3.695834109599222757e+02
1.318986896198670199e-04 3.796004710835072729e+02
1.356015110565633925e-04 3.898885774843736840e+02
1.394082826282578376e-04 4.004550177294312334e+02
1.433219225503574155e-04 4.113072399097061975e+02
1.473454309619835539e-04 4.224529245212509636e+02
1.514818922258346051e-04 4.338999767765979527e+02
1.557344772926134557e-04 4.456565175667275867e+02
1.601064461318317826e-04 4.577308632912260009e+02
1.646011502308550778e-04 4.701314918765535822e+02
1.692220351641037391e-04 4.828671281483524353e+02
1.739726432343801689e-04 4.959467779927169317e+02
1.788566161883461665e-04 5.093796629246209022e+02
1.838776980082327715e-04 5.231752222411868161e+02
1.890397377819221208e-04 5.373431383401239145e+02
1.943466926536020897e-04 5.518933521787309928e+02
1.998026308572550618e-04 5.668360984150525610e+02
2.054117348353064979e-04 5.821818609922809173e+02
2.111783044448243749e-04 5.979413180156517456e+02
2.171067602537265953e-04 6.141254629895470316e+02
2.232016469295233991e-04 6.307456535772878397e+02
2.294676367231936914e-04 6.478134661329050914e+02
2.359095330508635614e-04 6.653407044835886381e+02
2.425322741760353111e-04 6.833395450638201964e+02
2.493409369951879494e-04 7.018225058505532843e+02
2.563407409296515377e-04 7.208023654573017893e+02
2.635370519267394326e-04 7.402922139033843223e+02
2.709353865732051759e-04 7.603054864995962134e+02
2.785414163241767813e-04 7.808559508970943170e+02
2.863609718508116210e-04 8.019577042587061442e+02
2.944000475100034728e-04 8.236251688359961918e+02
3.026648059395691654e-04 8.458731110338338794e+02
3.111615827824361444e-04 8.687167578921578297e+02
3.198968915434537695e-04 8.921717257784796402e+02
3.288774285825511105e-04 9.162537908544156835e+02
3.381100782480684795e-04 9.409791075313037254e+02
3.476019181541978613e-04 9.663644133895600135e+02
3.573602246065787046e-04 9.924267908675741410e+02
3.673924781802075296e-04 1.019183578312493296e+03
3.777063694539367416e-04 1.046652593485700891e+03
3.883098049059605528e-04 1.074852151829438071e+03
3.992109129748052884e-04 1.103800945909163374e+03
4.104180502904709654e-04 1.133518041914411242e+03
4.219398080805026588e-04 1.164022783365794112e+03
4.337850187558990231e-04 1.195334986828890806e+03
4.459627626819093779e-04 1.227475164665694820e+03
4.584823751389095932e-04 1.260464148065595282e+03
4.713534534786909978e-04 1.294322918781655517e+03
4.845858644816496185e-04 1.329073113485042995e+03
4.981897519205162042e-04 1.364737038768388402e+03
5.121755443364240474e-04 1.401337181607255843e+03
5.265539630332758715e-04 1.438896351115487960e+03
5.413360302965379654e-04 1.477437985035015572e+03
5.565330778427647921e-04 1.516986042083580287e+03
5.721567555063251324e-04 1.557564912387830873e+03
5.882190401699957617e-04 1.599199383607310438e+03
6.047322449462647380e-04 1.641914589408883103e+03
6.217090286163829381e-04 1.685736165320822693e+03
6.391624053344003523e-04 1.730690255684125759e+03
6.571057546036271476e-04 1.776803377902871489e+03
6.755528315331644270e-04 1.824102487841016909e+03
6.945177773823697038e-04 1.872615140246475448e+03
7.140151304013400355e-04 1.922369313180581230e+03
7.340598369757211656e-04 1.973393140435328633e+03
7.546672630843890076e-04 2.025715211735925550e+03
7.758532060787837713e-04 2.079364666719035540e+03
7.976339067929278130e-04 2.134371053992579164e+03
8.200260619934130737e-04 2.190764300516828371e+03
8.430468371788971344e-04 2.248574628173101246e+03
8.667138797389231696e-04 2.307832587430124022e+03
8.910453324821514341e-04 2.368569066559518433e+03
9.160598475443706154e-04 2.430815364036805022e+03
9.417766006869523988e-04 2.494603265260430817e+03
9.682153059967085751e-04 2.559964630108428537e+03
9.953962309984236857e-04 2.626931104722093096e+03
1.023340212191642049e-03 2.695534966822533079e+03
1.052068671023622922e-03 2.765809166464105147e+03
1.081603630310709867e-03 2.837786545730854414e+03
1.111967731120699519e-03 2.911499880045844748e+03
1.143184250129150028e-03 2.986981793251533873e+03
1.175277117462945366e-03 3.064265178136031864e+03
1.208270935044776636e-03 3.143383769053974447e+03
1.242190995452617476e-03 3.224370702522412557e+03
1.277063301308643990e-03 3.307257683708541208e+03
1.312914585212465604e-03 3.392078575530322723e+03
1.349772330233942573e-03 3.478868997172681247e+03
1.387664790981308705e-03 3.567655898596533007e+03
1.426621015260737648e-03 3.658466195771165985e+03
1.466670866343968349e-03 3.751360915087891499e+03
1.507845045861051347e-03 3.846392782452370284e+03
1.550175117335769997e-03 3.943544078486324906e+03
1.593693530381775150e-03 4.042815257272773124e+03
1.638433645577984637e-03 4.144269390100163946e+03
1.684429760042315850e-03 4.247951715000852346e+03
1.731717133723354026e-03 4.353880507994205800e+03
1.780332016430114135e-03 4.462083914672084575e+03
1.830311675620612021e-03 4.572594501163063796e+03
1.881694424970556086e-03 4.685427461862215750e+03
1.934519653744045872e-03 4.800598661468813589e+03
1.988827856988810081e-03 4.918149998420002703e+03
2.044660666579116784e-03 5.038116134449272067e+03
2.102060883130158625e-03 5.160507405162092255e+03
2.161072508808377368e-03 5.285336675567597013e+03
2.221740781062885202e-03 5.412623001800150632e+03
2.284112207303824749e-03 5.542386709006741512e+03
2.348234600554276272e-03 5.674646465778427228e+03
2.414157116103019234e-03 5.809408454209317824e+03
2.481930289186255051e-03 5.946675575784041030e+03
2.551606073727184613e-03 6.086458592602616591e+03
2.623237882163122550e-03 6.228764984282111072e+03
2.696880626390694112e-03 6.373593615725733798e+03
2.772590759860483686e-03 6.520943260172601185e+03
2.850426320853435488e-03 6.670813304023894489e+03
2.930446976972143555e-03 6.823195718659891099e+03
3.012714070881164757e-03 6.978076868059470144e+03
3.097290667331408388e-03 7.135444059449406268e+03
3.184241601504654226e-03 7.295281350656725408e+03
3.273633528715246682e-03 7.457563661381659585e+03
3.365534975507094694e-03 7.622262555214824715e+03
3.460016392185110562e-03 7.789348798313180851e+03
3.557150206821386215e-03 7.958787211128154013e+03
3.657010880777490907e-03 8.130535801400345918e+03
3.759674965785466966e-03 8.304548884224990616e+03
3.865221162631264206e-03 8.480776303638740501e+03
3.973730381485608698e-03 8.659159857624246797e+03
4.085285803928562741e-03 8.839635241835629131e+03
4.199972946715305709e-03 9.022133672146563185e+03
4.317879727332022029e-03 9.206579753617890674e+03
4.439096531392168997e-03 9.392889747682371308e+03
4.563716281924761094e-03 9.580974136801374698e+03
4.691834510607797992e-03 9.770737654879012553e+03
4.823549431001468782e-03 9.962076082349967692e+03
4.958962013837215146e-03 1.015487697928800844e+04
5.098176064420424994e-03 1.034902191032919654e+04
5.241298302206058926e-03 1.054438507271652998e+04
5.388438442608223244e-03 1.074083043243438442e+04
5.539709281106404079e-03 1.093821281970888776e+04
5.695226779712823234e-03 1.113637716933583943e+04
5.855110155867242032e-03 1.133516048073136699e+04
6.019481973827276768e-03 1.153439157669957058e+04
6.188468238624385796e-03 1.173388577517634803e+04
6.362198492657489789e-03 1.193344661178032766e+04
6.540805914998253610e-03 1.213287051921130660e+04
6.724427423484249239e-03 1.233194441920127065e+04
6.913203779678128193e-03 1.253044013966657985e+04
7.107279696773417810e-03 1.272811755582860496e+04
7.306803950529504668e-03 1.292472425126544476e+04
7.511929493320966197e-03 1.312000944745169727e+04
7.722813571388646714e-03 1.331372069959596047e+04
7.939617845382279313e-03 1.350551698116985426e+04
8.162508514287231468e-03 1.369504069845120648e+04
8.391656442830155299e-03 1.388226114516901725e+04
8.627237292461452031e-03 1.406712012236520786e+04
8.869431656014713575e-03 1.424895228161977866e+04
9.118425196146570655e-03 1.442715934695461328e+04
9.374408787662998066e-03 1.460158095745048013e+04
9.637578663841087079e-03 1.477188393106522381e+04
9.908136566858672528e-03 1.493749650111829578e+04
1.018628990244687879e-02 1.509836350988585036e+04
1.047225189888434729e-02 1.525448808017480223e+04
1.076624177045493527e-02 1.540364265980951677e+04
1.106848488549412070e-02 1.554386266951760444e+04
1.137921293915315074e-02 1.567769696493936499e+04
1.169866413101306943e-02 1.580687171134415985e+04
1.202708334768511945e-02 1.592915813660184358e+04
1.236472235053715993e-02 1.604276764081404690e+04
1.271183996869028332e-02 1.614718864661896259e+04
1.306870229743346996e-02 1.624348307829490477e+04
1.343558290220825575e-02 1.633316220537292611e+04
1.381276302832009847e-02 1.641328816232095778e+04
1.420053181653682141e-02 1.648037660907359532e+04
1.459918652473978819e-02 1.653598924213071950e+04
1.500903275579736421e-02 1.658096416553179006e+04
1.543038469183564444e-02 1.661219354788548299e+04
1.586356533508591002e-02 1.662923037606179787e+04
1.630890675549331870e-02 1.663524100211363839e+04
1.676675034527700184e-02 1.662976316805242459e+04
1.723744708063620554e-02 1.661005864069063682e+04
1.772135779080359283e-02 1.657700009949408923e+04
1.821885343465167589e-02 1.653192779066781441e+04
1.873031538506437013e-02 1.647210749620292700e+04
1.925613572129198509e-02 1.639549989679220744e+04
1.979671752951332395e-02 1.630346616682896638e+04
2.035247521183577296e-02 1.619675429958899258e+04
2.092383480396978190e-02 1.607485978381527275e+04
2.151123430182166549e-02 1.593763818552757220e+04
2.211512399725490061e-02 1.578527034503979485e+04
2.273596682327716154e-02 1.561792281394977181e+04
2.337423870891815886e-02 1.543580595710148737e+04
2.403042894406967958e-02 1.523925459918726847e+04
2.470504055456825693e-02 1.502870415527216574e+04
2.539859068780726467e-02 1.480469332725045570e+04
2.611161100917459149e-02 1.456787049769909208e+04
2.684464810961964890e-02 1.431898655132200292e+04
2.759826392466179640e-02 1.405890470658343656e+04
2.837303616516213128e-02 1.378860783439817533e+04
2.916955876018797328e-02 1.350918101061089692e+04
2.998844231231028931e-02 1.322180612650608055e+04
3.083031456568277942e-02 1.292777373356554381e+04
3.169582088726115993e-02 1.262845747430394658e+04
3.258562476153226140e-02 1.232530661626880101e+04
3.350040829913133317e-02 1.201983695918268859e+04
3.444087275973822804e-02 1.171360877090779650e+04
3.540773908965272332e-02 1.140821137907556476e+04
3.640174847446139839e-02 1.110524473272960495e+04
3.742366290721982347e-02 1.080629410613372056e+04
3.847426577258503816e-02 1.051290030013987234e+04
3.955436244734702317e-02 1.022653717783714455e+04
4.066478091781854792e-02 9.948588795236977603e+03
4.180637241455758407e-02 9.680315400233745095e+03
4.298001206490798670e-02 9.422817223535206722e+03
4.418659956385941057e-02 9.177020072773831998e+03
4.542705986374045990e-02 8.943632826385852240e+03
4.670234388327333674e-02 8.723122861815909346e+03
4.801342923653453137e-02 8.515692084050546327e+03
4.936132098237919208e-02 8.321244618117538266e+03
5.074705239490467923e-02 8.139367251387586293e+03
5.217168575554350513e-02 7.969316929284734215e+03
5.363631316739241039e-02 7.809995754372852389e+03
5.514205739240302800e-02 7.659959478554068482e+03
5.669007271207433807e-02 7.517467068556025879e+03
5.828154581230844677e-02 7.380192398516368485e+03
5.991769669310622465e-02 7.247920865517197853e+03
6.159977960380166873e-02 7.113995400428935682e+03
6.332908400455118658e-02 6.977828246903808576e+03
6.510693555481457395e-02 6.836492556308172425e+03
6.693469712958663442e-02 6.687336154400955820e+03
6.881376986415664587e-02 6.527992832472905320e+03
7.074559422819878818e-02 6.356527589135883318e+03
7.273165113001461846e-02 6.171632961396739120e+03
7.477346305177587360e-02 5.972707511839884319e+03
7.687259521663733497e-02 5.759557131489546919e+03
7.903065678861345700e-02 5.534171889638166249e+03
8.124930210614052239e-02 5.298903336082971691e+03
8.353023195026774983e-02 5.057030330658503772e+03
8.587519484845174134e-02 4.812577612471588509e+03
8.828598841495152727e-02 4.570100481937731274e+03
9.076446072885357985e-02 4.334363042998899800e+03
9.331251175078249249e-02 4.109996897378005997e+03
9.593209477938241525e-02 3.901179838601410211e+03
9.862521794868782388e-02 3.711284834628991575e+03
1.013939457675292477e-01 3.542597697731593598e+03
1.042404007021556500e-01 3.396120332533081637e+03
1.071667648032863795e-01 3.271417608061436113e+03
1.101752813788386687e-01 3.166554810974967950e+03
1.132682567136154145e-01 3.078128300786811451e+03
1.164480618372685794e-01 3.001463242361606262e+03
1.197171343418966943e-01 2.930924422799470904e+03
1.230779802506665743e-01 2.860410499036451256e+03
1.265331759388942934e-01 2.784046930092975344e+03
1.300853701090571579e-01 2.696986985679513964e+03
1.337372858212496074e-01 2.596241507465034374e+03
1.374917225806419896e-01 2.481275075561389258e+03
1.413515584835395023e-01 2.354211686689092858e+03
1.453197524236895799e-01 2.219621215619325540e+03
1.493993463605258198e-01 2.083782250925238259e+03
1.535934676510897212e-01 1.953586453568301295e+03
1.579053314474175851e-01 1.835217440480458436e+03
1.623382431612278298e-01 1.733061304760292387e+03
1.668956009978024568e-01 1.649059289594020356e+03
1.715808985610006165e-01 1.582282802168725311e+03
1.763977275314044801e-01 1.529002452523861621e+03
1.813497804196496366e-01 1.483456859819133115e+03
1.864408533970486059e-01 1.438976234284267775e+03
1.916748492056815356e-01 1.389416695173781591e+03
1.970557801501798822e-01 1.330874598837518306e+03
2.025877711735017406e-01 1.262857598624885213e+03
2.082750630190516594e-01 1.188313677276455110e+03
2.141220154815729193e-01 1.112720751839353852e+03
2.201331107493031680e-01 1.042159812182457472e+03
2.263129568399529223e-01 9.812423186829747692e+02
2.326662911331459360e-01 9.317845569181604333e+02
2.391979840020238557e-01 8.922523737374455095e+02
2.459130425468044889e-01 8.584879577025725439e+02
2.528166144331501219e-01 8.253222867468523418e+02
2.599139918382933900e-01 7.886349329936510912e+02
2.672106155079435608e-01 7.471130666941234040e+02
2.747120789270811603e-01 7.026147685564399126e+02
2.824241326078435477e-01 6.590337881931784523e+02
2.903526884977813416e-01 6.200630849279873473e+02
2.985038245118734057e-01 5.873704353020849567e+02
3.068837891917643446e-01 5.598721869098610568e+02
3.154990064958086982e-01 5.346493421072544834e+02
3.243560807235809640e-01 5.087679575068039526e+02
3.334618015786366407e-01 4.810780671642546054e+02
3.428231493733970847e-01 4.526858868207291948e+02
3.524473003801584237e-01 4.258346077910752001e+02
3.623416323323152555e-01 4.021134517963813551e+02
3.725137300800212548e-01 3.813581212350980536e+02
3.829713914046279921e-01 3.620546167111810973e+02
3.937226329963477989e-01 3.427426275314288660e+02
4.047756965997323930e-01 3.231820136409552333e+02
4.161390553316708374e-01 3.042823406075535786e+02
4.278214201767614466e-01 2.869885579833598968e+02
4.398317466650228380e-01 2.713382656983495167e+02
4.521792417370701922e-01 2.565980247682658728e+02
4.648733708020256206e-01 2.421605482691547877e+02
4.779238649935594330e-01 2.281216307609108753e+02
4.913407286296365140e-01 2.149416558778650597e+02
5.051342468816764075e-01 2.027710398519146509e+02
5.193149936590210070e-01 1.913196663507870312e+02
5.338938397147356962e-01 1.803099448265978992e+02
5.488819609789672427e-01 1.697907434177286916e+02
5.642908471262538805e-01 1.599232531465274292e+02
5.801323103833373462e-01 1.506785750338364949e+02
5.964184945842465613e-01 1.419068213819442974e+02
6.131618844795774237e-01 1.335644734766922284e+02
6.303753153071274262e-01 1.257015144412577854e+02
6.480719826311974741e-01 1.183071287976380432e+02
6.662654524581153037e-01 1.113172324586892188e+02
6.849696716357442927e-01 1.047008706368108903e+02
7.041989785449285222e-01 9.846962143228790865e+01
7.239681140910878554e-01 9.259557901369224453e+01
7.442922330043759693e-01 8.705016519647647044e+01
7.651869154570819509e-01 8.182197968933972732e+01
7.866681790071589075e-01 7.689441538179070790e+01
8.087524908770455934e-01 7.224913405967372171e+01
8.314567805772061782e-01 6.787171222993451636e+01
8.547984528840417706e-01 6.374852323246267360e+01
8.787954011821322853e-01 5.986459460428368828e+01
9.034660211810530139e-01 5.620761591989812445e+01
9.288292250172494047e-01 5.276527559765800390e+01
9.549044557518088228e-01 4.952546591702711964e+01
9.817117022752195332e-01 4.647684349824937300e+01
1.009271514630570854e+00 4.360868813133671296e+01
1.037605019766912440e+00 4.091067697276637460e+01
1.066733937734857918e+00 3.837314371594182205e+01
1.096680598336868151e+00 3.598715135355340777e+01
1.127467958244945612e+00 3.374421879699760751e+01
1.159119618598886126e+00 3.163623492738777898e+01
1.191659843098559213e+00 2.965549554960403000e+01
1.225113576604118126e+00 2.779465876895696397e+01
1.259506464258359104e+00 2.604663727056810885e+01
1.294864871145904983e+00 2.440482113646331896e+01
1.331215902504307769e+00 2.286307851477522135e+01
1.368587424502517580e+00 2.141562838376793465e+01
1.407008085602686087e+00 2.005705571866555559e+01
1.446507338521646480e+00 1.878210073228735055e+01
1.487115462808953126e+00 1.758557265149330817e+01
1.528863588058731571e+00 1.646527030649609458e+01
1.571783717773163280e+00 1.541633767854358616e+01
1.615908753895917815e+00 1.443422810526934086e+01
1.661272522034291654e+00 1.351468457290761549e+01
1.707909797389428608e+00 1.265372126400789377e+01
1.755856331414468618e+00 1.184760628066639754e+01
1.805148879221108116e+00 1.109284546838729213e+01
1.855825227755520057e+00 1.038616727045720012e+01
1.907924224765265908e+00 9.724508547183353002e+00
1.961485808579430667e+00 9.105001298528025089e+00
2.016551038724745393e+00 8.524960232587675435e+00
2.073162127401231736e+00 7.981871126031625963e+00
2.131362471841438122e+00 7.473379926047902799e+00
2.191196687578147895e+00 6.997282546557923588e+00
2.252710642645982198e+00 6.551515314471155982e+00
2.315951492743154372e+00 6.134146024568393862e+00
2.380967717380357840e+00 5.743365564240548338e+00
2.447809157044444017e+00 5.377480071779852544e+00
2.516527051405392790e+00 5.034903594233119506e+00
2.587174078595922744e+00 4.714151212992051754e+00
2.659804395593756698e+00 4.413832607323102231e+00
2.734473679737583041e+00 4.132646027937565414e+00
2.811239171408464355e+00 3.869372654479993123e+00
2.890159717909508874e+00 3.622871312477124128e+00
2.971295818577336600e+00 3.392073526847629861e+00
3.054709671159970164e+00 3.175978890531780952e+00
3.140465219496751281e+00 2.973650728166123525e+00
3.228628202536729219e+00 2.784212036007053914e+00
3.319266204733191561e+00 2.606841680504681236e+00
3.412448707852890450e+00 2.440770839049433594e+00
3.508247144239789783e+00 2.285279667463633313e+00
3.606734951574031900e+00 2.139694179793059092e+00
3.707987629168172372e+00 2.003383326873776848e+00
3.812082795843888317e+00 1.875756261011100268e+00
3.919100249433401739e+00 1.756259774914271654e+00
4.029122027951350660e+00 1.644375903785760595e+00
4.142232472483896366e+00 1.539619680171304017e+00
4.258518291843413017e+00 1.441537031838933114e+00
4.378068629038172510e+00 1.349702813575228033e+00
4.500975129608047354e+00 1.263718964367492870e+00
4.627332011878690032e+00 1.183212781984052997e+00
4.757236139187885904e+00 1.107835307473727715e+00
4.890787094139594338e+00 1.037259812582002283e+00
5.028087254942479767e+00 9.711803835275087948e-01
5.169241873891597727e+00 9.093105950001064697e-01
5.314359158053243881e+00 8.513822686329278744e-01
5.463550352214879169e+00 7.971443105669149265e-01
5.616929824163807261e+00 7.463616230691910713e-01
5.774615152359817039e+00 6.988140854876191410e-01
5.936727216069127344e+00 6.542956001244263353e-01
6.103390288028621491e+00 6.126131988931813321e-01
6.274732129711575013e+00 5.735862068868676777e-01
6.450884089267698407e+00 5.370454592314962694e-01
6.631981202212673843e+00 5.028325678306546642e-01
6.818162294944477786e+00 4.707992348226551771e-01
7.009570091165615580e+00 4.408066097744212652e-01
7.206351321293055889e+00 4.127246878258276630e-01
7.408656834939563396e+00 3.864317461757156291e-01
7.616641716552886798e+00 3.618138164669972845e-01
7.830465404301192756e+00 3.387641907838694344e-01
8.050291812295983007e+00 3.171829591198538911e-01
8.276289456246344045e+00 2.969765763117879764e-01
8.508631582640587609e+00 2.780574565626174888e-01
8.747496301554422260e+00 2.603435937954239887e-01
8.993066723187620681e+00 2.437582061930902988e-01
9.245531098233566780e+00 2.282294033828363711e-01
9.505082962189515428e+00 2.136898748230203482e-01
9.771921283717999174e+00 2.000765980414955236e-01
1.004625061717340628e+01 1.873305654608664883e-01
1.032828125941029640e+01 1.753965286265503354e-01
1.061822941099384643e+01 1.642227587289855073e-01
1.091631734193614811e+01 1.537608223819555142e-01
1.122277356208507015e+01 1.439653716851266307e-01
1.153783299629661485e+01 1.347939476608115972e-01
1.186173716452478821e+01 1.262067962129446996e-01
1.219473436696737778e+01 1.181666958105309362e-01
1.253707987440921379e+01 1.106387961486527544e-01
1.288903612390893194e+01 1.035904670877006717e-01
1.325087291997952832e+01 9.699115721604555096e-02
1.362286764141645712e+01 9.081226142308412852e-02
1.400530545393221082e+01 8.502699690864465309e-02
1.439847952876007753e+01 7.961028709130830994e-02
1.480269126739508501e+01 7.453865291243948199e-02
1.521825053264387861e+01 6.979011106477615856e-02
1.564547588616096618e+01 6.534407870444551569e-02
1.608469483265355748e+01 6.118128423337342026e-02
1.653624407094179460e+01 5.728368376536880496e-02
1.700046975206718614e+01 5.363438291379989120e-02
1.747772774464680978e+01 5.021756356184626374e-02
1.796838390767719673e+01 4.701841529790811575e-02
1.847281437099635681e+01 4.402307121897494624e-02
1.899140582361934904e+01 4.121854782368995079e-02
1.952455581016860364e+01 3.859268873457245147e-02
2.007267303562567662e+01 3.613411200545935814e-02
2.063617767863859598e+01 3.383216078576616742e-02
2.121550171362450854e+01 3.167685712771906026e-02
2.181108924191518383e+01 2.965885873633247738e-02
2.242339683219847757e+01 2.776941847466246616e-02
2.305289387051708516e+01 2.600034644880884135e-02
2.370006292009328064e+01 2.434397450832118462e-02
2.436540009125468131e+01 2.279312300813368664e-02
2.504941542174504221e+01 2.134106968795626211e-02
2.575263326771200667e+01 1.998152053422789717e-02
2.647559270567065681e+01 1.870858249833148856e-02
2.721884794575180422e+01 1.751673795281565721e-02
2.798296875655116978e+01 1.640082077490250673e-02
2.876854090190592217e+01 1.535599395361374533e-02
2.957616658993256564e+01 1.437772862345199250e-02
3.040646493467068723e+01 1.346178443375743196e-02
3.126007243068703190e+01 1.260419116864958111e-02
3.213764344100275139e+01 1.180123153788474252e-02
3.303985069871860247e+01 1.104942506403501327e-02
3.396738582272208617e+01 1.034551299614689356e-02
3.492095984787270169e+01 9.686444184486766792e-03
3.590130377007073292e+01 9.069361855146543597e-03
3.690916910662779316e+01 8.491591227183162630e-03
3.794532847236938977e+01 7.950627918617645534e-03
3.901057617190990356e+01 7.444127091038891739e-03
4.010572880855499989e+01 6.969893285758742632e-03
4.123162591029752377e+01 6.525870907462588168e-03
4.238913057338778145e+01 6.110135314106256675e-03
4.357913012397032304e+01 5.720884474437849115e-03
4.480253679829492341e+01 5.356431156983519105e-03
4.606028844202401018e+01 5.015195616639872046e-03
4.735334922917113687e+01 4.695698747172598851e-03
4.868271040122284887e+01 4.396555669940408612e-03
5.004939102700954123e+01 4.116469731054204356e-03
5.145443878390924652e+01 3.854226880951824169e-03
5.289893076098154978e+01 3.608690412026259800e-03
5.438397428464800498e+01 3.378796031497305081e-03
5.591070776755292115e+01 3.163547248169667602e-03
5.748030158125349942e+01 2.962011053081188387e-03
5.909395895340973937e+01 2.773313875318669016e-03
6.075291689016074059e+01 2.596637795471534293e-03
6.245844712439613744e+01 2.431217000310329727e-03
6.421185709064765490e+01 2.276334463322631646e-03
6.601449092734890201e+01 2.131318836717957608e-03
6.786773050723294887e+01 1.995541541429873139e-03
6.977299649665530978e+01 1.868414042501744627e-03
7.173174944465618807e+01 1.749385298046119037e-03
7.374549090259552031e+01 1.637939370720101900e-03
7.581576457522108115e+01 1.533593191363515724e-03
7.794415750404954224e+01 1.435894465106203827e-03
8.013230128396889995e+01 1.344419710868365384e-03
8.238187331399603863e+01 1.258772425756020299e-03
8.469459808314594795e+01 1.178581366395064405e-03
8.707224849239922548e+01 1.103498939754252563e-03
8.951664721378301692e+01 1.033199696482032257e-03
9.202966808760409378e+01 9.673789202265063985e-04
9.461323755890775544e+01 9.057513068238459480e-04
9.726933615426175095e+01 8.480497276300129079e-04
9.999999999999995737e+01 7.940240716353826837e-04
