1.000000000000000048e-04 3.976030735435191446e+02
1.028073223830865281e-04 4.083829161397782741e+02
1.056934553557988362e-04 4.194547222360198475e+02
1.086606113854597351e-04 4.308263620063783605e+02
1.117110650504824041e-04 4.425058892622846543e+02
1.148471547840289439e-04 4.545015958351369250e+02
1.180712846666190141e-04 4.668220197802372127e+02
1.213859262690628250e-04 4.794759831145740918e+02
1.247936205471311189e-04 4.924725027170935050e+02
1.282969797894147957e-04 5.058206840807670233e+02
1.318986896198670199e-04 5.195299665556897253e+02
1.356015110565633925e-04 5.336102140699290430e+02
1.394082826282578376e-04 5.480714277929610034e+02
1.433219225503574155e-04 5.629237519356089479e+02
1.473454309619835539e-04 5.781776550429774488e+02
1.514818922258346051e-04 5.938439296852160396e+02
1.557344772926134557e-04 6.099337244803151634e+02
1.601064461318317826e-04 6.264584636292607911e+02
1.646011502308550778e-04 6.434297591232066225e+02
1.692220351641037391e-04 6.608595136074351331e+02
1.739726432343801689e-04 6.787599544616005005e+02
1.788566161883461665e-04 6.971437277243895778e+02
1.838776980082327715e-04 7.160238861454397465e+02
1.890397377819221208e-04 7.354136724020407883e+02
1.943466926536020897e-04 7.553266031660637054e+02
1.998026308572550618e-04 7.757766149852735680e+02
2.054117348353064979e-04 7.967780461079360066e+02
2.111783044448243749e-04 8.183456537638342070e+02
2.171067602537265953e-04 8.404945007089000910e+02
2.232016469295233991e-04 8.632399076723112330e+02
2.294676367231936914e-04 8.865977047008734644e+02
2.359095330508635614e-04 9.105842380556059652e+02
2.425322741760353111e-04 9.352161579924579655e+02
2.493409369951879494e-04 9.605104789872403899e+02
2.563407409296515377e-04 9.864846753456907891e+02
2.635370519267394326e-04 1.013156664857878923e+03
2.709353865732051759e-04 1.040544793947498420e+03
2.785414163241767813e-04 1.068667917022913571e+03
2.863609718508116210e-04 1.097545433870126544e+03
2.944000475100034728e-04 1.127197050771991826e+03
3.026648059395691654e-04 1.157642812380023315e+03
3.111615827824361444e-04 1.188903534140481270e+03
3.198968915434537695e-04 1.221000648223559892e+03
3.288774285825511105e-04 1.253955796808567584e+03
3.381100782480684795e-04 1.287791064251729040e+03
3.476019181541978613e-04 1.322529125577143532e+03
3.573602246065787046e-04 1.358193370479381656e+03
3.673924781802075296e-04 1.394807989248475906e+03
3.777063694539367416e-04 1.432397264761343877e+03
3.883098049059605528e-04 1.470985606580819649e+03
3.992109129748052884e-04 1.510598562244563709e+03
4.104180502904709654e-04 1.551262562720045025e+03
4.219398080805026588e-04 1.593004335755160582e+03
4.337850187558990231e-04 1.635851045114826320e+03
4.459627626819093779e-04 1.679830256546708597e+03
4.584823751389095932e-04 1.724970271033139397e+03
4.713534534786909978e-04 1.771300277035732961e+03
4.845858644816496185e-04 1.818849904575532037e+03
4.981897519205162042e-04 1.867649219708285045e+03
5.121755443364240474e-04 1.917729119641183161e+03
5.265539630332758715e-04 1.969121205717839302e+03
5.413360302965379654e-04 2.021857347087551034e+03
5.565330778427647921e-04 2.075970034136675167e+03
5.721567555063251324e-04 2.131492706976228419e+03
5.882190401699957617e-04 2.188459356768550606e+03
6.047322449462647380e-04 2.246904343198270453e+03
6.217090286163829381e-04 2.306862774878145501e+03
6.391624053344003523e-04 2.368370528848005961e+03
6.571057546036271476e-04 2.431463948044160588e+03
6.755528315331644270e-04 2.496179930749212872e+03
6.945177773823697038e-04 2.562556105750295046e+03
7.140151304013400355e-04 2.630630622508542274e+03
7.340598369757211656e-04 2.700441771904039797e+03
7.546672630843890076e-04 2.772028714702687012e+03
7.758532060787837713e-04 2.845431817675558250e+03
7.976339067929278130e-04 2.920691666778479430e+03
8.200260619934130737e-04 2.997848971823854299e+03
8.430468371788971344e-04 3.076945082738898691e+03
8.667138797389231696e-04 3.158021900734998326e+03
8.910453324821514341e-04 3.241121456019870493e+03
9.160598475443706154e-04 3.326286353503629925e+03
9.417766006869523988e-04 3.413560303657402983e+03
9.682153059967085751e-04 3.502987177270601023e+03
9.953962309984236857e-04 3.594610474954239635e+03
1.023340212191642049e-03 3.688474152397432590e+03
1.052068671023622922e-03 3.784622704508139577e+03
1.081603630310709867e-03 3.883101128274355688e+03
1.111967731120699519e-03 3.983954697246658270e+03
1.143184250129150028e-03 4.087228089999342046e+03
1.175277117462945366e-03 4.192966105639850866e+03
1.208270935044776636e-03 4.301214374764443164e+03
1.242190995452617476e-03 4.412018239103894302e+03
1.277063301308643990e-03 4.525422139191085989e+03
1.312914585212465604e-03 4.641472123415453098e+03
1.349772330233942573e-03 4.760215204279626050e+03
1.387664790981308705e-03 4.881688581456897737e+03
1.426621015260737648e-03 5.005930532441847390e+03
1.466670866343968349e-03 5.133024347316578314e+03
1.507845045861051347e-03 5.263041584009767575e+03
1.550175117335769997e-03 5.395958253541122758e+03
1.593693530381775150e-03 5.531774832853693624e+03
1.638433645577984637e-03 5.670576443046335044e+03
1.684429760042315850e-03 5.812425022046861159e+03
1.731717133723354026e-03 5.957346966540277208e+03
1.780332016430114135e-03 6.105380379618966799e+03
1.830311675620612021e-03 6.256568455440918115e+03
1.881694424970556086e-03 6.410932431609153355e+03
1.934519653744045872e-03 6.568494870073658603e+03
1.988827856988810081e-03 6.729312931808972280e+03
2.044660666579116784e-03 6.893433458561322368e+03
2.102060883130158625e-03 7.060869654494847964e+03
2.161072508808377368e-03 7.231638908557917603e+03
2.221740781062885202e-03 7.405767961293466215e+03
2.284112207303824749e-03 7.583285254089877526e+03
2.348234600554276272e-03 7.764216672314482821e+03
2.414157116103019234e-03 7.948569523492301414e+03
2.481930289186255051e-03 8.136346523929343675e+03
2.551606073727184613e-03 8.327562859239033060e+03
2.623237882163122550e-03 8.522229380253744239e+03
2.696880626390694112e-03 8.720344700823805397e+03
2.772590759860483686e-03 8.921906732763160107e+03
2.850426320853435488e-03 9.126913745375650251e+03
2.930446976972143555e-03 9.335355456040875652e+03
3.012714070881164757e-03 9.547214517471771615e+03
3.097290667331408388e-03 9.762471598145159078e+03
3.184241601504654226e-03 9.981102817278368093e+03
3.273633528715246682e-03 1.020307606211377060e+04
3.365534975507094694e-03 1.042835402574618638e+04
3.460016392185110562e-03 1.065689522775317164e+04
3.557150206821386215e-03 1.088865073376833607e+04
3.657010880777490907e-03 1.112356343365190696e+04
3.759674965785466966e-03 1.136157017098501092e+04
3.865221162631264206e-03 1.160260126805887376e+04
3.973730381485608698e-03 1.184657821922208313e+04
4.085285803928562741e-03 1.209341417357448699e+04
4.199972946715305709e-03 1.234301299642776758e+04
4.317879727332022029e-03 1.259527074602285211e+04
4.439096531392168997e-03 1.285007587727630926e+04
4.563716281924761094e-03 1.310730545413306390e+04
4.691834510607797992e-03 1.336682444685392875e+04
4.823549431001468782e-03 1.362849166692502513e+04
4.958962013837215146e-03 1.389215814341551777e+04
5.098176064420424994e-03 1.415765981205489697e+04
5.241298302206058926e-03 1.442482092567533618e+04
5.388438442608223244e-03 1.469345632098944589e+04
5.539709281106404079e-03 1.496336903246759903e+04
5.695226779712823234e-03 1.523434777714769916e+04
5.855110155867242032e-03 1.550616866497109731e+04
6.019481973827276768e-03 1.577859490368525258e+04
6.188468238624385796e-03 1.605137499254617069e+04
6.362198492657489789e-03 1.632424329714751912e+04
6.540805914998253610e-03 1.659691911072155563e+04
6.724427423484249239e-03 1.686910822044193628e+04
6.913203779678128193e-03 1.714050216270201781e+04
7.107279696773417810e-03 1.741077481461099887e+04
7.306803950529504668e-03 1.767957748944286141e+04
7.511929493320966197e-03 1.794656521561119371e+04
7.722813571388646714e-03 1.821139351650052777e+04
7.939617845382279313e-03 1.847359808511468873e+04
8.162508514287231468e-03 1.873269197689896464e+04
8.391656442830155299e-03 1.898862969213084943e+04
8.627237292461452031e-03 1.924132833319080964e+04
8.869431656014713575e-03 1.948988417582604961e+04
9.118425196146570655e-03 1.973348245290411796e+04
9.374408787662998066e-03 1.997189694639772279e+04
9.637578663841087079e-03 2.020466979955365605e+04
9.908136566858672528e-03 2.043102401580289006e+04
1.018628990244687879e-02 2.065088577732018166e+04
1.047225189888434729e-02 2.086425805829867750e+04
1.076624177045493527e-02 2.106809218164945923e+04
1.106848488549412070e-02 2.125970043861939121e+04
1.137921293915315074e-02 2.144257371842702923e+04
1.169866413101306943e-02 2.161907552774189753e+04
1.202708334768511945e-02 2.178615319428922157e+04
1.236472235053715993e-02 2.194135849650724776e+04
1.271183996869028332e-02 2.208399384433224623e+04
1.306870229743346996e-02 2.221551416520345447e+04
1.343558290220825575e-02 2.233798855308795464e+04
1.381276302832009847e-02 2.244739773521541065e+04
1.420053181653682141e-02 2.253897471570434573e+04
1.459918652473978819e-02 2.261485747053327214e+04
1.500903275579736421e-02 2.267619362806209392e+04
1.543038469183564444e-02 2.271873105074038176e+04
1.586356533508591002e-02 2.274185770657068861e+04
1.630890675549331870e-02 2.274990500345680994e+04
1.676675034527700184e-02 2.274224226878693298e+04
1.723744708063620554e-02 2.271512638283720298e+04
1.772135779080359283e-02 2.266975133963892222e+04
1.821885343465167589e-02 2.260794989369574978e+04
1.873031538506437013e-02 2.252598224088382631e+04
1.925613572129198509e-02 2.242106029125873829e+04
1.979671752951332395e-02 2.229504914691902741e+04
2.035247521183577296e-02 2.214897105880504387e+04
2.092383480396978190e-02 2.198213048048510245e+04
2.151123430182166549e-02 2.179433334396539431e+04
2.211512399725490061e-02 2.158583512354940831e+04
2.273596682327716154e-02 2.135685801731727406e+04
2.337423870891815886e-02 2.110768308251224153e+04
2.403042894406967958e-02 2.083877700024869046e+04
2.470504055456825693e-02 2.055073803200952534e+04
2.539859068780726467e-02 2.024429469845933636e+04
2.611161100917459149e-02 1.992033588934058207e+04
2.684464810961964890e-02 1.957989321136460421e+04
2.759826392466179640e-02 1.922414625402589809e+04
2.837303616516213128e-02 1.885443666040970493e+04
2.916955876018797328e-02 1.847224870966996605e+04
2.998844231231028931e-02 1.807920187224608162e+04
3.083031456568277942e-02 1.767705646994075141e+04
3.169582088726115993e-02 1.726769102618110992e+04
3.258562476153226140e-02 1.685308812659743853e+04
3.350040829913133317e-02 1.643531900862116163e+04
3.444087275973822804e-02 1.601651991149537935e+04
3.540773908965272332e-02 1.559886359515986624e+04
3.640174847446139839e-02 1.518453686628190917e+04
3.742366290721982347e-02 1.477570651981991796e+04
3.847426577258503816e-02 1.437447828893033511e+04
3.955436244734702317e-02 1.398287049052961629e+04
4.066478091781854792e-02 1.360277082062036061e+04
4.180637241455758407e-02 1.323590623590550786e+04
4.298001206490798670e-02 1.288377811780775119e+04
4.418659956385941057e-02 1.254765294836863904e+04
4.542705986374045990e-02 1.222849876126095114e+04
4.670234388327333674e-02 1.192695854222493836e+04
4.801342923653453137e-02 1.164330012323368646e+04
4.936132098237919208e-02 1.137739508365975780e+04
5.074705239490467923e-02 1.112868574463273035e+04
5.217168575554350513e-02 1.089614323241471538e+04
5.363631316739241039e-02 1.067827795028346009e+04
5.514205739240302800e-02 1.047310952457950043e+04
5.669007271207433807e-02 1.027825540261178867e+04
5.828154581230844677e-02 1.009053634461034926e+04
5.991769669310622465e-02 9.909662509425323151e+03
6.159977960380166873e-02 9.726528484804324762e+03
6.332908400455118658e-02 9.540329627023627836e+03
6.510693555481457395e-02 9.347067034269004580e+03
6.693469712958663442e-02 9.143114988016895950e+03
6.881376986415664587e-02 8.925235091518987247e+03
7.074559422819878818e-02 8.690784097037692845e+03
7.273165113001461846e-02 8.437973475348469947e+03
7.477346305177587360e-02 8.165982971225471374e+03
7.687259521663733497e-02 7.874544450454222897e+03
7.903065678861345700e-02 7.566379453099158127e+03
8.124930210614052239e-02 7.244704214653325835e+03
8.353023195026774983e-02 6.913999617474110892e+03
8.587519484845174134e-02 6.579771799380100674e+03
8.828598841495152727e-02 6.248245705125355926e+03
9.076446072885357985e-02 5.925936268715850929e+03
9.331251175078249249e-02 5.619174292721462734e+03
9.593209477938241525e-02 5.333671858713727488e+03
9.862521794868782388e-02 5.074041811339589913e+03
1.013939457675292477e-01 4.843406384947514198e+03
1.042404007021556500e-01 4.643138800816996991e+03
1.071667648032863795e-01 4.472641085203316834e+03
1.101752813788386687e-01 4.329267952908207917e+03
1.132682567136154145e-01 4.208367425868478676e+03
1.164480618372685794e-01 4.103548041612007182e+03
1.197171343418966943e-01 4.007104353162775624e+03
1.230779802506665743e-01 3.910694187181532925e+03
1.265331759388942934e-01 3.806288308279106786e+03
1.300853701090571579e-01 3.687258194437776638e+03
1.337372858212496074e-01 3.549518228553550216e+03
1.374917225806419896e-01 3.392335792878050142e+03
1.413515584835395023e-01 3.218615119714913817e+03
1.453197524236895799e-01 3.034604417879987977e+03
1.493993463605258198e-01 2.848886904377176052e+03
1.535934676510897212e-01 2.670884699191598429e+03
1.579053314474175851e-01 2.509052624361989729e+03
1.623382431612278298e-01 2.369385887265873862e+03
1.668956009978024568e-01 2.254539790471254037e+03
1.715808985610006165e-01 2.163243917047685045e+03
1.763977275314044801e-01 2.090399721909718210e+03
1.813497804196496366e-01 2.028130111761572834e+03
1.864408533970486059e-01 1.967316985979993206e+03
1.916748492056815356e-01 1.899559544694476926e+03
1.970557801501798822e-01 1.819521904381481363e+03
2.025877711735017406e-01 1.726530987764673455e+03
2.082750630190516594e-01 1.624616614925844033e+03
2.141220154815729193e-01 1.521268333343947234e+03
2.201331107493031680e-01 1.424799646899798972e+03
2.263129568399529223e-01 1.341515254855191188e+03
2.326662911331459360e-01 1.273897725109217163e+03
2.391979840020238557e-01 1.219850643032700191e+03
2.459130425468044889e-01 1.173688927132985327e+03
2.528166144331501219e-01 1.128345845422789580e+03
2.599139918382933900e-01 1.078188372839102158e+03
2.672106155079435608e-01 1.021420890172723944e+03
2.747120789270811603e-01 9.605845975193931281e+02
2.824241326078435477e-01 9.010023022317614050e+02
2.903526884977813416e-01 8.477231333034143290e+02
2.985038245118734057e-01 8.030268255711148413e+02
3.068837891917643446e-01 7.654323916392553429e+02
3.154990064958086982e-01 7.309486108076508799e+02
3.243560807235809640e-01 6.955645160597191534e+02
3.334618015786366407e-01 6.577080727255879538e+02
3.428231493733970847e-01 6.188913734723821563e+02
3.524473003801584237e-01 5.821815944162153755e+02
3.623416323323152555e-01 5.497509630980325710e+02
3.725137300800212548e-01 5.213752151067876639e+02
3.829713914046279921e-01 4.949842054438081504e+02
3.937226329963477989e-01 4.685816576014560155e+02
4.047756965997323930e-01 4.418392497480508609e+02
4.161390553316708374e-01 4.160004886972570830e+02
4.278214201767614466e-01 3.923571895242010896e+02
4.398317466650228380e-01 3.709608047357506280e+02
4.521792417370701922e-01 3.508086107544385186e+02
4.648733708020256206e-01 3.310703478250786702e+02
4.779238649935594330e-01 3.118769313633575848e+02
4.913407286296365140e-01 2.938578744312459321e+02
5.051342468816764075e-01 2.772188022432724779e+02
5.193149936590210070e-01 2.615630307970179160e+02
5.338938397147356962e-01 2.465110221819913932e+02
5.488819609789672427e-01 2.321296819457429308e+02
5.642908471262538805e-01 2.186392839299620618e+02
5.801323103833373462e-01 2.060003787241757891e+02
5.964184945842465613e-01 1.940080775901628272e+02
6.131618844795774237e-01 1.826028065353271757e+02
6.303753153071274262e-01 1.718529307585326080e+02
6.480719826311974741e-01 1.617437334236528841e+02
6.662654524581153037e-01 1.521874861178358174e+02
6.849696716357442927e-01 1.431418926156317752e+02
7.041989785449285222e-01 1.346228154822834426e+02
7.239681140910878554e-01 1.265920788536901114e+02
7.442922330043759693e-01 1.190106800616212155e+02
7.651869154570819509e-01 1.118629811038665736e+02
7.866681790071589075e-01 1.051262399044529587e+02
8.087524908770455934e-01 9.877542508973385793e+01
8.314567805772061782e-01 9.279083603694670046e+01
8.547984528840417706e-01 8.715381979476792651e+01
8.787954011821322853e-01 8.184389694381779634e+01
9.034660211810530139e-01 7.684425832214785146e+01
9.288292250172494047e-01 7.213806837269135031e+01
9.549044557518088228e-01 6.770875124044822257e+01
9.817117022752195332e-01 6.354081952929506372e+01
1.009271514630570854e+00 5.961962291398135960e+01
1.037605019766912440e+00 5.593102142240828556e+01
1.066733937734857918e+00 5.246183823661447576e+01
1.096680598336868151e+00 4.919982805963554995e+01
1.127467958244945612e+00 4.613340867689088753e+01
1.159119618598886126e+00 4.325148152800191781e+01
1.191659843098559213e+00 4.054350216260630191e+01
1.225113576604118126e+00 3.799946050866052616e+01
1.259506464258359104e+00 3.560965482965448103e+01
1.294864871145904983e+00 3.336503806529614025e+01
1.331215902504307769e+00 3.125724470961910484e+01
1.368587424502517580e+00 2.927837022648250453e+01
1.407008085602686087e+00 2.742099664351850308e+01
1.446507338521646480e+00 2.567793861111700338e+01
1.487115462808953126e+00 2.404210555635307500e+01
1.528863588058731571e+00 2.251048451890037327e+01
1.571783717773163280e+00 2.107643659112681789e+01
1.615908753895917815e+00 1.973374580217561913e+01
1.661272522034291654e+00 1.847659217444898161e+01
1.707909797389428608e+00 1.729952649654947905e+01
1.755856331414468618e+00 1.619744670333086844e+01
1.805148879221108116e+00 1.516557576067605773e+01
1.855825227755520057e+00 1.419944095914257609e+01
1.907924224765265908e+00 1.329485452672241763e+01
1.961485808579430667e+00 1.244789547668112206e+01
2.016551038724745393e+00 1.165489261179439140e+01
2.073162127401231736e+00 1.091240861131302253e+01
2.131362471841438122e+00 1.021722513168012192e+01
2.191196687578147895e+00 9.566328856418717663e+00
2.252710642645982198e+00 8.956898434722145197e+00
2.315951492743154372e+00 8.386292252131681835e+00
2.380967717380357840e+00 7.852036980292675494e+00
2.447809157044444017e+00 7.351816856157377345e+00
2.516527051405392790e+00 6.883463644164491413e+00
2.587174078595922744e+00 6.444947237885871871e+00
2.659804395593756698e+00 6.034366860402658794e+00
2.734473679737583041e+00 5.649942825268271740e+00
2.811239171408464355e+00 5.290008822345672712e+00
2.890159717909508874e+00 4.953004695081368425e+00
2.971295818577336600e+00 4.637469677908797827e+00
3.054709671159970164e+00 4.342036064468181245e+00
3.140465219496751281e+00 4.065423279197363904e+00
3.228628202536729219e+00 3.806432326596574267e+00
3.319266204733191561e+00 3.563940594107080084e+00
3.412448707852890450e+00 3.336896986076515415e+00
3.508247144239789783e+00 3.124317367718722593e+00
3.606734951574031900e+00 2.925280299319680033e+00
3.707987629168172372e+00 2.738923042199160829e+00
3.812082795843888317e+00 2.564437819115708006e+00
3.919100249433401739e+00 2.401068312905423330e+00
4.029122027951350660e+00 2.248106388177693482e+00
4.142232472483896366e+00 2.104889021857841325e+00
4.258518291843413017e+00 1.970795429271945620e+00
4.378068629038172510e+00 1.845244373316661246e+00
4.500975129608047354e+00 1.727691645050471347e+00
4.627332011878690032e+00 1.617627704785833398e+00
4.757236139187885904e+00 1.514575473457383525e+00
4.890787094139594338e+00 1.418088264692748846e+00
5.028087254942479767e+00 1.327747848622398807e+00
5.169241873891597727e+00 1.243162639035992445e+00
5.314359158053243881e+00 1.163965996027343630e+00
5.463550352214879169e+00 1.089814636770709111e+00
5.616929824163807261e+00 1.020387147539807859e+00
5.774615152359817039e+00 9.553825905198283230e-01
5.936727216069127344e+00 8.945191993735581715e-01
6.103390288028621491e+00 8.375331579074914989e-01
6.274732129711575013e+00 7.841774565439585398e-01
6.450884089267698407e+00 7.342208216425906153e-01
6.631981202212673843e+00 6.874467130301924467e-01
6.818162294944477786e+00 6.436523853937544670e-01
7.009570091165615580e+00 6.026480094681533339e-01
7.206351321293055889e+00 5.642558492092731859e-01
7.408656834939563396e+00 5.283094913859546216e-01
7.616641716552886798e+00 4.946531242513862447e-01
7.830465404301192756e+00 4.631408621672972736e-01
8.050291812295983007e+00 4.336361132534913843e-01
8.276289456246344045e+00 4.060109873217584986e-01
8.508631582640587609e+00 3.801457415278174934e-01
8.747496301554422260e+00 3.559282613384333049e-01
8.993066723187620681e+00 3.332535745639277347e-01
9.245531098233566780e+00 3.120233963496262253e-01
9.505082962189515428e+00 2.921457031539798632e-01
9.771921283717999174e+00 2.735343338667416968e-01
1.004625061717340628e+01 2.561086163382199077e-01
1.032828125941029640e+01 2.397930177007758512e-01
1.061822941099384643e+01 2.245168169668627922e-01
1.091631734193614811e+01 2.102137984844613394e-01
1.122277356208507015e+01 1.968219649211749300e-01
1.153783299629661485e+01 1.842832685328966436e-01
1.186173716452478821e+01 1.725433595522148089e-01
1.219473436696737778e+01 1.615513506059307880e-01
1.253707987440921379e+01 1.512595961405421852e-01
1.288903612390893194e+01 1.416234858995971957e-01
1.325087291997952832e+01 1.326012515577348339e-01
1.362286764141645712e+01 1.241537856732537887e-01
1.400530545393221082e+01 1.162444721744491372e-01
1.439847952876007753e+01 1.088390276449485161e-01
1.480269126739508501e+01 1.019053527200894926e-01
1.521825053264387861e+01 9.541339295020639932e-02
1.564547588616096618e+01 8.933500852772968681e-02
1.608469483265355748e+01 8.364385231342169602e-02
1.653624407094179460e+01 7.831525563304606030e-02
1.700046975206718614e+01 7.332612134944904714e-02
1.747772774464680978e+01 6.865482374656713127e-02
1.796838390767719673e+01 6.428111479140188878e-02
1.847281437099635681e+01 6.018603636764848636e-02
1.899140582361934904e+01 5.635183810054934100e-02
1.952455581016860364e+01 5.276190041677925741e-02
2.007267303562567662e+01 4.940066250586053892e-02
2.063617767863859598e+01 4.625355487085212186e-02
2.121550171362450854e+01 4.330693617594958550e-02
2.181108924191518383e+01 4.054803411725788065e-02
2.242339683219847757e+01 3.796489006043748254e-02
2.305289387051708516e+01 3.554630720525242538e-02
2.370006292009328064e+01 3.328180205233603750e-02
2.436540009125468131e+01 3.116155896180421506e-02
2.504941542174504221e+01 2.917638760674749754e-02
2.575263326771200667e+01 2.731768313718159133e-02
2.647559270567065681e+01 2.557738888178439154e-02
2.721884794575180422e+01 2.394796142574787817e-02
2.798296875655116978e+01 2.242233791337257254e-02
2.876854090190592217e+01 2.099390543367572401e-02
2.957616658993256564e+01 1.965647235631310177e-02
3.040646493467068723e+01 1.840424149356817071e-02
3.126007243068703190e+01 1.723178497207767876e-02
3.213764344100275139e+01 1.613402070537345301e-02
3.303985069871860247e+01 1.510619036525927099e-02
3.396738582272208617e+01 1.414383875653827533e-02
3.492095984787270169e+01 1.324279450568943521e-02
3.590130377007073292e+01 1.239915197978690327e-02
3.690916910662779316e+01 1.160925435728866681e-02
3.794532847236938977e+01 1.086967777731378225e-02
3.901057617190990356e+01 1.017721649870224204e-02
4.010572880855499989e+01 9.528869004528458045e-03
4.123162591029752377e+01 8.921824991837558338e-03
4.238913057338778145e+01 8.353453190210609683e-03
4.357913012397032304e+01 7.821289956357653159e-03
4.480253679829492341e+01 7.323028595301054634e-03
4.606028844202401018e+01 6.856509361861162777e-03
4.735334922917113687e+01 6.419710099105121158e-03
4.868271040122284887e+01 6.010737473180568884e-03
5.004939102700954123e+01 5.627818766541085524e-03
5.145443878390924652e+01 5.269294193990587370e-03
5.289893076098154978e+01 4.933609708240097036e-03
5.438397428464800498e+01 4.619310263792119828e-03
5.591070776755292115e+01 4.325033509954491658e-03
5.748030158125349942e+01 4.049503885645702912e-03
5.909395895340973937e+01 3.791527090395235399e-03
6.075291689016074059e+01 3.549984907573122076e-03
6.245844712439613744e+01 3.323830357409698465e-03
6.421185709064765490e+01 3.112083158795998783e-03
6.601449092734890201e+01 2.913825480193690896e-03
6.786773050723294887e+01 2.728197961236597177e-03
6.977299649665530978e+01 2.554395987779186240e-03
7.173174944465618807e+01 2.391666204245999211e-03
7.374549090259552031e+01 2.239303248164565066e-03
7.581576457522108115e+01 2.096646692727443303e-03
7.794415750404954224e+01 1.963078184130723734e-03
8.013230128396889995e+01 1.838018761280608504e-03
8.238187331399603863e+01 1.720926346250168954e-03
8.469459808314594795e+01 1.611293394608507516e-03
8.707224849239922548e+01 1.508644695437530220e-03
8.951664721378301692e+01 1.412535311500358413e-03
9.202966808760409378e+01 1.322548650632917764e-03
9.461323755890775544e+01 1.238294659999023993e-03
9.726933615426175095e+01 1.159408135381854174e-03
9.999999999999995737e+01 1.085547138183319896e-03
