1.000000000000000048e-04 2.445810358206141544e+01
1.028073223830865281e-04 2.512128227113727874e+01
1.056934553557988362e-04 2.580242805105443438e+01
1.086606113854597351e-04 2.650202679053553467e+01
1.117110650504824041e-04 2.722057732885649983e+01
1.148471547840289439e-04 2.795859037423054971e+01
1.180712846666190141e-04 2.871658975661324575e+01
1.213859262690628250e-04 2.949511451669595630e+01
1.247936205471311189e-04 3.029471946137326910e+01
1.282969797894147957e-04 3.111597671429323952e+01
1.318986896198670199e-04 3.195946989974103758e+01
1.356015110565633925e-04 3.282579207673634869e+01
1.394082826282578376e-04 3.371555877832763315e+01
1.433219225503574155e-04 3.462940788689799376e+01
1.473454309619835539e-04 3.556798805155919041e+01
1.514818922258346051e-04 3.653196197623842778e+01
1.557344772926134557e-04 3.752201129260162560e+01
1.601064461318317826e-04 3.853883685490181676e+01
1.646011502308550778e-04 3.958316004932943599e+01
1.692220351641037391e-04 4.065572078845014659e+01
1.739726432343801689e-04 4.175727709971032198e+01
1.788566161883461665e-04 4.288860719787249565e+01
1.838776980082327715e-04 4.405050990992771176e+01
1.890397377819221208e-04 4.524380332318532538e+01
1.943466926536020897e-04 4.646932649835594020e+01
1.998026308572550618e-04 4.772794269114775290e+01
2.054117348353064979e-04 4.902053843382520881e+01
2.111783044448243749e-04 5.034802320125159980e+01
2.171067602537265953e-04 5.171132819100363065e+01
2.232016469295233991e-04 5.311140571904072516e+01
2.294676367231936914e-04 5.454923436486541277e+01
2.359095330508635614e-04 5.602581997854615992e+01
2.425322741760353111e-04 5.754219582417452017e+01
2.493409369951879494e-04 5.909942199405007557e+01
2.563407409296515377e-04 6.069858240023835805e+01
2.635370519267394326e-04 6.234078570838364897e+01
2.709353865732051759e-04 6.402716351721809929e+01
2.785414163241767813e-04 6.575888329920181263e+01
2.863609718508116210e-04 6.753715464596618290e+01
2.944000475100034728e-04 6.936320496944360059e+01
3.026648059395691654e-04 7.123827997459602557e+01
3.111615827824361444e-04 7.316366574967554470e+01
3.198968915434537695e-04 7.514068630240127789e+01
3.288774285825511105e-04 7.717069925985785517e+01
3.381100782480684795e-04 7.925509052731756299e+01
3.476019181541978613e-04 8.139526383352439609e+01
3.573602246065787046e-04 8.359266325800396658e+01
3.673924781802075296e-04 8.584878264890903665e+01
3.777063694539367416e-04 8.816514445811149869e+01
3.883098049059605528e-04 9.054329963235964840e+01
3.992109129748052884e-04 9.298484265167520846e+01
4.104180502904709654e-04 9.549140595222387162e+01
4.219398080805026588e-04 9.806463899421662234e+01
4.337850187558990231e-04 1.007062311732864544e+02
4.459627626819093779e-04 1.034179361098152725e+02
4.584823751389095932e-04 1.062015384617480009e+02
4.713534534786909978e-04 1.090588396306197012e+02
4.845858644816496185e-04 1.119916816152528014e+02
4.981897519205162042e-04 1.150019506210283993e+02
5.121755443364240474e-04 1.180915816602157236e+02
5.265539630332758715e-04 1.212625529959513102e+02
5.413360302965379654e-04 1.245168665331921147e+02
5.565330778427647921e-04 1.278565604115933354e+02
5.721567555063251324e-04 1.312837158810807523e+02
5.882190401699957617e-04 1.348004582931502853e+02
6.047322449462647380e-04 1.384089572541630559e+02
6.217090286163829381e-04 1.421114071457804471e+02
6.391624053344003523e-04 1.459100279227467922e+02
6.571057546036271476e-04 1.498071003172583175e+02
6.755528315331644270e-04 1.538049538113711492e+02
6.945177773823697038e-04 1.579059271983871611e+02
7.140151304013400355e-04 1.621123902718786667e+02
7.340598369757211656e-04 1.664267570267312237e+02
7.546672630843890076e-04 1.708514813480500720e+02
7.758532060787837713e-04 1.753890544471053374e+02
7.976339067929278130e-04 1.800419942205352868e+02
8.200260619934130737e-04 1.848128430247945175e+02
8.430468371788971344e-04 1.897041692347640947e+02
8.667138797389231696e-04 1.947185703205738605e+02
8.910453324821514341e-04 1.998586761017704134e+02
9.160598475443706154e-04 2.051271446376686640e+02
9.417766006869523988e-04 2.105266518359211432e+02
9.682153059967085751e-04 2.160598910399087345e+02
9.953962309984236857e-04 2.217295659285088902e+02
1.023340212191642049e-03 2.275383979689467822e+02
1.052068671023622922e-03 2.334891265555948507e+02
1.081603630310709867e-03 2.395845176024471357e+02
1.111967731120699519e-03 2.458273511170820882e+02
1.143184250129150028e-03 2.522203722798225556e+02
1.175277117462945366e-03 2.587663406692117292e+02
1.208270935044776636e-03 2.654680902607357780e+02
1.242190995452617476e-03 2.723284199847532818e+02
1.277063301308643990e-03 2.793500326138175751e+02
1.312914585212465604e-03 2.865357157022648380e+02
1.349772330233942573e-03 2.938883232938431433e+02
1.387664790981308705e-03 3.014103012315263186e+02
1.426621015260737648e-03 3.091041512772203532e+02
1.466670866343968349e-03 3.169743231613374519e+02
1.507845045861051347e-03 3.250247299392876812e+02
1.550175117335769997e-03 3.332550585277695632e+02
1.593693530381775150e-03 3.416660911556976430e+02
1.638433645577984637e-03 3.502623823932291316e+02
1.684429760042315850e-03 3.590474230090867991e+02
1.731717133723354026e-03 3.680230869376586043e+02
1.780332016430114135e-03 3.771917964002610688e+02
1.830311675620612021e-03 3.865562097112211859e+02
1.881694424970556086e-03 3.961179628774334560e+02
1.934519653744045872e-03 4.058787269767349244e+02
1.988827856988810081e-03 4.158417075008500206e+02
2.044660666579116784e-03 4.260096242929039931e+02
2.102060883130158625e-03 4.363836605587058557e+02
2.161072508808377368e-03 4.469651958676795402e+02
2.221740781062885202e-03 4.577560318094242007e+02
2.284112207303824749e-03 4.687579045515887515e+02
2.348234600554276272e-03 4.799723376452491834e+02
2.414157116103019234e-03 4.914000581091796676e+02
2.481930289186255051e-03 5.030415544735768663e+02
2.551606073727184613e-03 5.148977543670389423e+02
2.623237882163122550e-03 5.269693340324677138e+02
2.696880626390694112e-03 5.392563796238865734e+02
2.772590759860483686e-03 5.517588011643443906e+02
2.850426320853435488e-03 5.644763626141613031e+02
2.930446976972143555e-03 5.774084053311948992e+02
3.012714070881164757e-03 5.905539104056294946e+02
3.097290667331408388e-03 6.039117252819287387e+02
3.184241601504654226e-03 6.174803896108006711e+02
3.273633528715246682e-03 6.312578623505640962e+02
3.365534975507094694e-03 6.452417816592968620e+02
3.460016392185110562e-03 6.594295670971459913e+02
3.557150206821386215e-03 6.738182504225793537e+02
3.657010880777490907e-03 6.884044306546027201e+02
3.759674965785466966e-03 7.031842252150293007e+02
3.865221162631264206e-03 7.181532976018287400e+02
3.973730381485608698e-03 7.333069452591870458e+02
4.085285803928562741e-03 7.486399748980477398e+02
4.199972946715305709e-03 7.641464452814724382e+02
4.317879727332022029e-03 7.798199607538813325e+02
4.439096531392168997e-03 7.956537911616956080e+02
4.563716281924761094e-03 8.116405033011744763e+02
4.691834510607797992e-03 8.277718793044485892e+02
4.823549431001468782e-03 8.440390920394348768e+02
4.958962013837215146e-03 8.604327153707979505e+02
5.098176064420424994e-03 8.769426891334658194e+02
5.241298302206058926e-03 8.935582908984262076e+02
5.388438442608223244e-03 9.102679907870954139e+02
5.539709281106404079e-03 9.270594839163529741e+02
5.695226779712823234e-03 9.439195993772974589e+02
5.855110155867242032e-03 9.608344359964853538e+02
6.019481973827276768e-03 9.777893512800911822e+02
6.188468238624385796e-03 9.947687680812184681e+02
6.362198492657489789e-03 1.011756216885276785e+03
6.540805914998253610e-03 1.028734317057026374e+03
6.724427423484249239e-03 1.045684820760633556e+03
6.913203779678128193e-03 1.062588459818041201e+03
7.107279696773417810e-03 1.079424905464930589e+03
7.306803950529504668e-03 1.096172569446492162e+03
7.511929493320966197e-03 1.112810008950308656e+03
7.722813571388646714e-03 1.129315705688591379e+03
7.939617845382279313e-03 1.145660931190257088e+03
8.162508514287231468e-03 1.161815550636689295e+03
8.391656442830155299e-03 1.177775711884595694e+03
8.627237292461452031e-03 1.193535450058236393e+03
8.869431656014713575e-03 1.209040349956693262e+03
9.118425196146570655e-03 1.224240925153148055e+03
9.374408787662998066e-03 1.239121789685782005e+03
9.637578663841087079e-03 1.253653748233063652e+03
9.908136566858672528e-03 1.267788827418271694e+03
1.018628990244687879e-02 1.281522228952176647e+03
1.047225189888434729e-02 1.294853718992436598e+03
1.076624177045493527e-02 1.307594823175033071e+03
1.106848488549412070e-02 1.319579278571475470e+03
1.137921293915315074e-02 1.331021937819069990e+03
1.169866413101306943e-02 1.342068233520141348e+03
1.202708334768511945e-02 1.352529614366452051e+03
1.236472235053715993e-02 1.362254602553985251e+03
1.271183996869028332e-02 1.371199515718649081e+03
1.306870229743346996e-02 1.379454090505145814e+03
1.343558290220825575e-02 1.387146180950296184e+03
1.381276302832009847e-02 1.394026158055455653e+03
1.420053181653682141e-02 1.399798077257018349e+03
1.459918652473978819e-02 1.404594538886371538e+03
1.500903275579736421e-02 1.408486928409591883e+03
1.543038469183564444e-02 1.411211875377877959e+03
1.586356533508591002e-02 1.412730998651088612e+03
1.630890675549331870e-02 1.413311698601473154e+03
1.676675034527700184e-02 1.412914559925020285e+03
1.723744708063620554e-02 1.411307690987054002e+03
1.772135779080359283e-02 1.408564727574796507e+03
1.821885343465167589e-02 1.404798814340488434e+03
1.873031538506437013e-02 1.399777990952707114e+03
1.925613572129198509e-02 1.393329221158715200e+03
1.979671752951332395e-02 1.385567700974696891e+03
2.035247521183577296e-02 1.376556671602181723e+03
2.092383480396978190e-02 1.366253210864274706e+03
2.151123430182166549e-02 1.354644974234369784e+03
2.211512399725490061e-02 1.341747210532009376e+03
2.273596682327716154e-02 1.327573773589514303e+03
2.337423870891815886e-02 1.312142281324959868e+03
2.403042894406967958e-02 1.295481297588528605e+03
2.470504055456825693e-02 1.277627971347636503e+03
2.539859068780726467e-02 1.258628119570979379e+03
2.611161100917459149e-02 1.238536446974792170e+03
2.684464810961964890e-02 1.217416590686071231e+03
2.759826392466179640e-02 1.195342452728295484e+03
2.837303616516213128e-02 1.172397242343596190e+03
2.916955876018797328e-02 1.148673082490341812e+03
2.998844231231028931e-02 1.124271043809808361e+03
3.083031456568277942e-02 1.099300329928003066e+03
3.169582088726115993e-02 1.073878051535553141e+03
3.258562476153226140e-02 1.048127457364392512e+03
3.350040829913133317e-02 1.022176983161250860e+03
3.444087275973822804e-02 9.961603037372358358e+02
3.540773908965272332e-02 9.702121321349543450e+02
3.640174847446139839e-02 9.444686753947521538e+02
3.742366290721982347e-02 9.190648590713890371e+02
3.847426577258503816e-02 8.941316281781231510e+02
3.955436244734702317e-02 8.697947685962902824e+02
4.066478091781854792e-02 8.461721778393679188e+02
4.180637241455758407e-02 8.233707174362500609e+02
4.298001206490798670e-02 8.014844163520863276e+02
4.418659956385941057e-02 7.805919354562336139e+02
4.542705986374045990e-02 7.607538170778530002e+02
4.670234388327333674e-02 7.420098895624910256e+02
4.801342923653453137e-02 7.243775624507736666e+02
4.936132098237919208e-02 7.078483058458140249e+02
5.074705239490467923e-02 6.923877611548350615e+02
5.217168575554350513e-02 6.779322358256594043e+02
5.363631316739241039e-02 6.643885627100805777e+02
5.514205739240302800e-02 6.516342725478049260e+02
5.669007271207433807e-02 6.395208303795691336e+02
5.828154581230844677e-02 6.278505521171528017e+02
5.991769669310622465e-02 6.166055547231915170e+02
6.159977960380166873e-02 6.052191295313340333e+02
6.332908400455118658e-02 5.936415697361786670e+02
6.510693555481457395e-02 5.816236432074679215e+02
6.693469712958663442e-02 5.689399691174038480e+02
6.881376986415664587e-02 5.553889890213678200e+02
7.074559422819878818e-02 5.408062806296190956e+02
7.273165113001461846e-02 5.250805303499757883e+02
7.477346305177587360e-02 5.081604902522756788e+02
7.687259521663733497e-02 4.900296968888631000e+02
7.903065678861345700e-02 4.708575508594338999e+02
8.124930210614052239e-02 4.508438995759050272e+02
8.353023195026774983e-02 4.302679846449020715e+02
8.587519484845174134e-02 4.094722066320351246e+02
8.828598841495152727e-02 3.888438806279611413e+02
9.076446072885357985e-02 3.687888893225855327e+02
9.331251175078249249e-02 3.497008338932083120e+02
9.593209477938241525e-02 3.319355068402825850e+02
9.862521794868782388e-02 3.157799086325246094e+02
1.013939457675292477e-01 3.014286269630309789e+02
1.042404007021556500e-01 2.889668233327175244e+02
1.071667648032863795e-01 2.783575867552530099e+02
1.101752813788386687e-01 2.694362694369948485e+02
1.132682567136154145e-01 2.619133950048617976e+02
1.164480618372685794e-01 2.553912056112442883e+02
1.197171343418966943e-01 2.493901171047575360e+02
1.230779802506665743e-01 2.433910483011267729e+02
1.265331759388942934e-01 2.368942204392459985e+02
1.300853701090571579e-01 2.294870771497166686e+02
1.337372858212496074e-01 2.209154158642520258e+02
1.374917225806419896e-01 2.111335448118419151e+02
1.413515584835395023e-01 2.003222658679827077e+02
1.453197524236895799e-01 1.888704035024625512e+02
1.493993463605258198e-01 1.773121924154030467e+02
1.535934676510897212e-01 1.662340781430392838e+02
1.579053314474175851e-01 1.561622694647655862e+02
1.623382431612278298e-01 1.474699428184621013e+02
1.668956009978024568e-01 1.403223533969739378e+02
1.715808985610006165e-01 1.346404529836982249e+02
1.763977275314044801e-01 1.301070038267936297e+02
1.813497804196496366e-01 1.262316080436471708e+02
1.864408533970486059e-01 1.224468788513993189e+02
1.916748492056815356e-01 1.182298966576396850e+02
1.970557801501798822e-01 1.132485569835136516e+02
2.025877711735017406e-01 1.074609365725487891e+02
2.082750630190516594e-01 1.011179118118427027e+02
2.141220154815729193e-01 9.468558270588769687e+01
2.201331107493031680e-01 8.868140355072902992e+01
2.263129568399529223e-01 8.349783537913650378e+01
2.326662911331459360e-01 7.928935563025873989e+01
2.391979840020238557e-01 7.592547990695678095e+01
2.459130425468044889e-01 7.305241979187766788e+01
2.528166144331501219e-01 7.023028359921292463e+01
2.599139918382933900e-01 6.710847476387380084e+01
2.672106155079435608e-01 6.357523712413066619e+01
2.747120789270811603e-01 5.978874248812739012e+01
2.824241326078435477e-01 5.608028968000769510e+01
2.903526884977813416e-01 5.276412976083344830e+01
2.985038245118734057e-01 4.998218810873033391e+01
3.068837891917643446e-01 4.764227336805357993e+01
3.154990064958086982e-01 4.549596478870933680e+01
3.243560807235809640e-01 4.329361638064807494e+01
3.334618015786366407e-01 4.093737276801719105e+01
3.428231493733970847e-01 3.852135957846440562e+01
3.524473003801584237e-01 3.623647762678257322e+01
3.623416323323152555e-01 3.421793800053637824e+01
3.725137300800212548e-01 3.245177690089399647e+01
3.829713914046279921e-01 3.080915353701479731e+01
3.937226329963477989e-01 2.916580381894880247e+01
4.047756965997323930e-01 2.750130106746562575e+01
4.161390553316708374e-01 2.589303648674187386e+01
4.278214201767614466e-01 2.442142375376736751e+01
4.398317466650228380e-01 2.308966473718722412e+01
4.521792417370701922e-01 2.183534477473560997e+01
4.648733708020256206e-01 2.060678823480009569e+01
4.779238649935594330e-01 1.941214404749453948e+01
4.913407286296365140e-01 1.829059328774766513e+01
5.051342468816764075e-01 1.725493281686681257e+01
5.193149936590210070e-01 1.628047668070749765e+01
5.338938397147356962e-01 1.534359862657315077e+01
5.488819609789672427e-01 1.444846618573273744e+01
5.642908471262538805e-01 1.360878496332806264e+01
5.801323103833373462e-01 1.282210635728615422e+01
5.964184945842465613e-01 1.207567109965446583e+01
6.131618844795774237e-01 1.136577424943995496e+01
6.303753153071274262e-01 1.069666888642825242e+01
6.480719826311974741e-01 1.006744393348999189e+01
6.662654524581153037e-01 9.472636225370132834e+00
6.849696716357442927e-01 8.909609782649067000e+00
7.041989785449285222e-01 8.379358460777330819e+00
7.239681140910878554e-01 7.879503876280116614e+00
7.442922330043759693e-01 7.407612010499952326e+00
7.651869154570819509e-01 6.962715873975883873e+00
7.866681790071589075e-01 6.543402548318010048e+00
8.087524908770455934e-01 6.148109184240929892e+00
8.314567805772061782e-01 5.775608741347562969e+00
8.547984528840417706e-01 5.424742540945138636e+00
8.787954011821322853e-01 5.094235869991229571e+00
9.034660211810530139e-01 4.783042330734089020e+00
9.288292250172494047e-01 4.490113960143788496e+00
9.549044557518088228e-01 4.214419994903568778e+00
9.817117022752195332e-01 3.954995046286037041e+00
1.009271514630570854e+00 3.710926807695985818e+00
1.037605019766912440e+00 3.481336921822977271e+00
1.066733937734857918e+00 3.265403406425991584e+00
1.096680598336868151e+00 3.062365884672726857e+00
1.127467958244945612e+00 2.871501807812565144e+00
1.159119618598886126e+00 2.692120576276382238e+00
1.191659843098559213e+00 2.523567210578268494e+00
1.225113576604118126e+00 2.365217557831031492e+00
1.259506464258359104e+00 2.216468139763392742e+00
1.294864871145904983e+00 2.076755950231534253e+00
1.331215902504307769e+00 1.945559825178524660e+00
1.368587424502517580e+00 1.822388142829447721e+00
1.407008085602686087e+00 1.706779386874254234e+00
1.446507338521646480e+00 1.598285505635694825e+00
1.487115462808953126e+00 1.496465686612662882e+00
1.528863588058731571e+00 1.401132365470846963e+00
1.571783717773163280e+00 1.311872315638378694e+00
1.615908753895917815e+00 1.228298635411267048e+00
1.661272522034291654e+00 1.150049070910543536e+00
1.707909797389428608e+00 1.076784445876517893e+00
1.755856331414468618e+00 1.008187191494012813e+00
1.805148879221108116e+00 9.439599698760391400e-01
1.855825227755520057e+00 8.838243852393401490e-01
1.907924224765265908e+00 8.275197771853373130e-01
1.961485808579430667e+00 7.748020908558987951e-01
2.016551038724745393e+00 7.254428190665718201e-01
2.073162127401231736e+00 6.792280118319046212e-01
2.131362471841438122e+00 6.359573489896040988e-01
2.191196687578147895e+00 5.954432719037746624e-01
2.252710642645982198e+00 5.575101704835685457e-01
2.315951492743154372e+00 5.219936219933420940e-01
2.380967717380357840e+00 4.887396783549058932e-01
2.447809157044444017e+00 4.576041988526509674e-01
2.516527051405392790e+00 4.284522253491283017e-01
2.587174078595922744e+00 4.011573973029262663e-01
2.659804395593756698e+00 3.756014040532167364e-01
2.734473679737583041e+00 3.516734719968697132e-01
2.811239171408464355e+00 3.292698844352841547e-01
2.890159717909508874e+00 3.082935320096887311e-01
2.971295818577336600e+00 2.886534917762559327e-01
3.054709671159970164e+00 2.702646330965078336e-01
3.140465219496751281e+00 2.530472486347326577e-01
3.228628202536729219e+00 2.369267088629496421e-01
3.319266204733191561e+00 2.218331385758605945e-01
3.412448707852890450e+00 2.077011140136272305e-01
3.508247144239789783e+00 1.944693792796390874e-01
3.606734951574031900e+00 1.820805808240723855e-01
3.707987629168172372e+00 1.704810188423463990e-01
3.812082795843888317e+00 1.596204145109033079e-01
3.919100249433401739e+00 1.494516920513842551e-01
4.029122027951350660e+00 1.399307746785489193e-01
4.142232472483896366e+00 1.310163935474658037e-01
4.258518291843413017e+00 1.226699088718462144e-01
4.378068629038172510e+00 1.148551424381511615e-01
4.500975129608047354e+00 1.075382207894963055e-01
4.627332011878690032e+00 1.006874283996283259e-01
4.757236139187885904e+00 9.427307020054860598e-02
4.890787094139594338e+00 8.826734286790437201e-02
5.028087254942479767e+00 8.264421430622770348e-02
5.169241873891597727e+00 7.737931081164595160e-02
5.314359158053243881e+00 7.244981142296504084e-02
5.463550352214879169e+00 6.783434900318602301e-02
5.616929824163807261e+00 6.351291762268779229e-02
5.774615152359817039e+00 5.946678584262470729e-02
5.936727216069127344e+00 5.567841552266163813e-02
6.103390288028621491e+00 5.213138580111528753e-02
6.274732129711575013e+00 4.881032191798996556e-02
6.450884089267698407e+00 4.570082857238837865e-02
6.631981202212673843e+00 4.278942752543187650e-02
6.818162294944477786e+00 4.006349917822726175e-02
7.009570091165615580e+00 3.751122787164740124e-02
7.206351321293055889e+00 3.512155067082479987e-02
7.408656834939563396e+00 3.288410941236247914e-02
7.616641716552886798e+00 3.078920580640842619e-02
7.830465404301192756e+00 2.882775939898167203e-02
8.050291812295983007e+00 2.699126821233579013e-02
8.276289456246344045e+00 2.527177189275360558e-02
8.508631582640587609e+00 2.366181720603568323e-02
8.747496301554422260e+00 2.215442573112121408e-02
8.993066723187620681e+00 2.074306361180777020e-02
9.245531098233566780e+00 1.942161323545748067e-02
9.505082962189515428e+00 1.818434671592969107e-02
9.771921283717999174e+00 1.702590106580061102e-02
1.004625061717340628e+01 1.594125495025296851e-02
1.032828125941029640e+01 1.492570692187415379e-02
1.061822941099384643e+01 1.397485504202082215e-02
1.091631734193614811e+01 1.308457780041766272e-02
1.122277356208507015e+01 1.225101625028559432e-02
1.153783299629661485e+01 1.147055728156325463e-02
1.186173716452478821e+01 1.073981795971877713e-02
1.219473436696737778e+01 1.005563086226778785e-02
1.253707987440921379e+01 9.415030349438078747e-03
1.288903612390893194e+01 8.815239709470502200e-03
1.325087291997952832e+01 8.253659122836869144e-03
1.362286764141645712e+01 7.727854393205166490e-03
1.400530545393221082e+01 7.235546396305994783e-03
1.439847952876007753e+01 6.774601200965814189e-03
1.480269126739508501e+01 6.343020819486224968e-03
1.521825053264387861e+01 5.938934547276346516e-03
1.564547588616096618e+01 5.560590854199559847e-03
1.608469483265355748e+01 5.206349792487287471e-03
1.653624407094179460e+01 4.874675888311569456e-03
1.700046975206718614e+01 4.564131486204633763e-03
1.747772774464680978e+01 4.273370517476557558e-03
1.796838390767719673e+01 4.001132665619944705e-03
1.847281437099635681e+01 3.746237903411282332e-03
1.899140582361934904e+01 3.507581378029826693e-03
1.952455581016860364e+01 3.284128622023317276e-03
2.007267303562567662e+01 3.074911069362240394e-03
2.063617767863859598e+01 2.879021857146770932e-03
2.121550171362450854e+01 2.695611894768714083e-03
2.181108924191518383e+01 2.523886183490041662e-03
2.242339683219847757e+01 2.363100370485077435e-03
2.305289387051708516e+01 2.212557522409664117e-03
2.370006292009328064e+01 2.071605104512214655e-03
2.436540009125468131e+01 1.939632152192455198e-03
2.504941542174504221e+01 1.816066622747865072e-03
2.575263326771200667e+01 1.700372915828831299e-03
2.647559270567065681e+01 1.592049551854823669e-03
2.721884794575180422e+01 1.490626998328579197e-03
2.798296875655116978e+01 1.395665634626357685e-03
2.876854090190592217e+01 1.306753846442556362e-03
2.957616658993256564e+01 1.223506241628977750e-03
3.040646493467068723e+01 1.145561979695210392e-03
3.126007243068703190e+01 1.072583207729284295e-03
3.213764344100275139e+01 1.004253595959013349e-03
3.303985069871860247e+01 9.402769666063584119e-04
3.396738582272208617e+01 8.803760100915174538e-04
3.492095984787270169e+01 8.242910830220674103e-04
3.590130377007073292e+01 7.717790827569933135e-04
3.690916910662779316e+01 7.226123936673470652e-04
3.794532847236938977e+01 6.765779005260574071e-04
3.901057617190990356e+01 6.334760647503860469e-04
4.010572880855499989e+01 5.931200594929569338e-04
4.123162591029752377e+01 5.553349598323787176e-04
4.238913057338778145e+01 5.199569845532963329e-04
4.357913012397032304e+01 4.868327862293422956e-04
4.480253679829492341e+01 4.558187865318136700e-04
4.606028844202401018e+01 4.267805538829430676e-04
4.735334922917113687e+01 3.995922207561735870e-04
4.868271040122284887e+01 3.741359380976992340e-04
5.004939102700954123e+01 3.503013645044360399e-04
5.145443878390924652e+01 3.279851879442434860e-04
5.289893076098154978e+01 3.070906779452709282e-04
5.438397428464800498e+01 2.875272663133728165e-04
5.591070776755292115e+01 2.692101545601942119e-04
5.748030158125349942e+01 2.520599463403060928e-04
5.909395895340973937e+01 2.360023033041720286e-04
6.075291689016074059e+01 2.209676228752257903e-04
6.245844712439613744e+01 2.068907365543701412e-04
6.421185709064765490e+01 1.937106274441839171e-04
6.601449092734890201e+01 1.813701657684334647e-04
6.786773050723294887e+01 1.698158612404860994e-04
6.977299649665530978e+01 1.589976312072546730e-04
7.173174944465618807e+01 1.488685835636834043e-04
7.374549090259552031e+01 1.393848134968075610e-04
7.581576457522108115e+01 1.305052131783655562e-04
7.794415750404954224e+01 1.221912935810666933e-04
8.013230128396889995e+01 1.144070176461698621e-04
8.238187331399603863e+01 1.071186440792303252e-04
8.469459808314594795e+01 1.002945810969399748e-04
8.707224849239922548e+01 9.390524949112056933e-05
8.951664721378301692e+01 8.792295441631438877e-05
9.202966808760409378e+01 8.232176534522991365e-05
9.461323755890775544e+01 7.707740367170402189e-05
9.726933615426175095e+01 7.216713747399073004e-05
9.999999999999995737e+01 6.756968298222306682e-05
