1.000000000000000048e-04 3.221936422887977614e+01
1.028073223830865281e-04 3.309297897505619090e+01
1.056934553557988362e-04 3.399026176011442146e+01
1.086606113854597351e-04 3.491185233170616442e+01
1.117110650504824041e-04 3.585840295819865275e+01
1.148471547840289439e-04 3.683058780241969998e+01
1.180712846666190141e-04 3.782910162007581789e+01
1.213859262690628250e-04 3.885465810710218904e+01
1.247936205471311189e-04 3.990798729316911420e+01
1.282969797894147957e-04 4.098983114381029225e+01
1.318986896198670199e-04 4.210095575109512112e+01
1.356015110565633925e-04 4.324215609423766438e+01
1.394082826282578376e-04 4.441424479570948591e+01
1.433219225503574155e-04 4.561805228029236048e+01
1.473454309619835539e-04 4.685443161873583762e+01
1.514818922258346051e-04 4.812425919047609568e+01
1.557344772926134557e-04 4.942843585123048911e+01
1.601064461318317826e-04 5.076788572547587819e+01
1.646011502308550778e-04 5.214355463116260836e+01
1.692220351641037391e-04 5.355641331803838767e+01
1.739726432343801689e-04 5.500745902944667165e+01
1.788566161883461665e-04 5.649771983642950346e+01
1.838776980082327715e-04 5.802825387583754235e+01
1.890397377819221208e-04 5.960013573741078829e+01
1.943466926536020897e-04 6.121446420827680157e+01
1.998026308572550618e-04 6.287237858629418241e+01
2.054117348353064979e-04 6.457504925860462208e+01
2.111783044448243749e-04 6.632367027865680598e+01
2.171067602537265953e-04 6.811946466227291808e+01
2.232016469295233991e-04 6.996368597077659501e+01
2.294676367231936914e-04 7.185762669803075653e+01
2.359095330508635614e-04 7.380261802339435917e+01
2.425322741760353111e-04 7.580001526463385630e+01
2.493409369951879494e-04 7.785120412605499496e+01
2.563407409296515377e-04 7.995761262633922684e+01
2.635370519267394326e-04 8.212070515235569701e+01
2.709353865732051759e-04 8.434197665281875800e+01
2.785414163241767813e-04 8.662296234577762277e+01
2.863609718508116210e-04 8.896524185935875551e+01
2.944000475100034728e-04 9.137043255033920275e+01
3.026648059395691654e-04 9.384018928128369907e+01
3.111615827824361444e-04 9.637620220864978648e+01
3.198968915434537695e-04 9.898020113693200983e+01
3.288774285825511105e-04 1.016539636251522296e+02
3.381100782480684795e-04 1.043993104392930462e+02
3.476019181541978613e-04 1.072181003455869615e+02
3.573602246065787046e-04 1.101122447519523604e+02
3.673924781802075296e-04 1.130837142316108981e+02
3.777063694539367416e-04 1.161345018418265767e+02
3.883098049059605528e-04 1.192666256397060920e+02
3.992109129748052884e-04 1.224821848586323085e+02
4.104180502904709654e-04 1.257833402988235321e+02
4.219398080805026588e-04 1.291722589471873732e+02
4.337850187558990231e-04 1.326511570221068155e+02
4.459627626819093779e-04 1.362223419805946492e+02
4.584823751389095932e-04 1.398881584943861753e+02
4.713534534786909978e-04 1.436509658827010298e+02
4.845858644816496185e-04 1.475131959634742032e+02
4.981897519205162042e-04 1.514773542067799212e+02
5.121755443364240474e-04 1.555459594844905098e+02
5.265539630332758715e-04 1.597215673885144724e+02
5.413360302965379654e-04 1.640068290995583027e+02
5.565330778427647921e-04 1.684044534861827458e+02
5.721567555063251324e-04 1.729171672874709884e+02
5.882190401699957617e-04 1.775477464037110735e+02
6.047322449462647380e-04 1.822990237034151733e+02
6.217090286163829381e-04 1.871738885547400457e+02
6.391624053344003523e-04 1.921752852887168501e+02
6.571057546036271476e-04 1.973061952135051911e+02
6.755528315331644270e-04 2.025696435506643809e+02
6.945177773823697038e-04 2.079687097024731486e+02
7.140151304013400355e-04 2.135065251528643842e+02
7.340598369757211656e-04 2.191862677300988196e+02
7.546672630843890076e-04 2.250111548596205751e+02
7.758532060787837713e-04 2.309844346393215631e+02
7.976339067929278130e-04 2.371094045875455549e+02
8.200260619934130737e-04 2.433894112765132718e+02
8.430468371788971344e-04 2.498278292141837085e+02
8.667138797389231696e-04 2.564280695277173550e+02
8.910453324821514341e-04 2.631936013786985882e+02
9.160598475443706154e-04 2.701279174038375572e+02
9.417766006869523988e-04 2.772344733625572530e+02
9.682153059967085751e-04 2.845167925348821996e+02
9.953962309984236857e-04 2.919785135147476467e+02
1.023340212191642049e-03 2.996232348047992105e+02
1.052068671023622922e-03 3.074545017134798854e+02
1.081603630310709867e-03 3.154759416653686799e+02
1.111967731120699519e-03 3.236912307171066345e+02
1.143184250129150028e-03 3.321039832929913587e+02
1.175277117462945366e-03 3.407178258344075061e+02
1.208270935044776636e-03 3.495364788611630047e+02
1.242190995452617476e-03 3.585636238884428053e+02
1.277063301308643990e-03 3.678028317055981802e+02
1.312914585212465604e-03 3.772578144569303049e+02
1.349772330233942573e-03 3.869323939660908422e+02
1.387664790981308705e-03 3.968297551592427794e+02
1.426621015260737648e-03 4.069531237094565768e+02
1.466670866343968349e-03 4.173084885479320292e+02
1.507845045861051347e-03 4.279011245781065327e+02
1.550175117335769997e-03 4.387304649818632356e+02
1.593693530381775150e-03 4.497974334100848068e+02
1.638433645577984637e-03 4.611081219600852137e+02
1.684429760042315850e-03 4.726671854562472390e+02
1.731717133723354026e-03 4.844770842025415050e+02
1.780332016430114135e-03 4.965410026920448558e+02
1.830311675620612021e-03 5.088624454783123952e+02
1.881694424970556086e-03 5.214436045541087879e+02
1.934519653744045872e-03 5.342866884829325045e+02
1.988827856988810081e-03 5.473957843703003618e+02
2.044660666579116784e-03 5.607744290813525367e+02
2.102060883130158625e-03 5.744243612015575309e+02
2.161072508808377368e-03 5.883473928484733051e+02
2.221740781062885202e-03 6.025456646730929151e+02
2.284112207303824749e-03 6.170214033636070781e+02
2.348234600554276272e-03 6.317766653686539939e+02
2.414157116103019234e-03 6.468123674420706948e+02
2.481930289186255051e-03 6.621291048300265629e+02
2.551606073727184613e-03 6.777281489614794054e+02
2.623237882163122550e-03 6.936103471842234285e+02
2.696880626390694112e-03 7.097755566584237386e+02
2.772590759860483686e-03 7.262236560827672065e+02
2.850426320853435488e-03 7.429546312967117956e+02
2.930446976972143555e-03 7.599676084702201706e+02
3.012714070881164757e-03 7.772610556642680422e+02
3.097290667331408388e-03 7.948334989255744176e+02
3.184241601504654226e-03 8.126831318514529130e+02
3.273633528715246682e-03 8.308073044605800987e+02
3.365534975507094694e-03 8.492029471628064812e+02
3.460016392185110562e-03 8.678667351367328138e+02
3.557150206821386215e-03 8.867947188390301108e+02
3.657010880777490907e-03 9.059822588814400888e+02
3.759674965785466966e-03 9.254243211656622634e+02
3.865221162631264206e-03 9.451153955099911173e+02
3.973730381485608698e-03 9.650491553851659319e+02
4.085285803928562741e-03 9.852185736163590946e+02
4.199972946715305709e-03 1.005615933249212617e+03
4.317879727332022029e-03 1.026232915260304935e+03
4.439096531392168997e-03 1.047060616023434022e+03
4.563716281924761094e-03 1.068089152507988956e+03
4.691834510607797992e-03 1.089307583196947917e+03
4.823549431001468782e-03 1.110704394162483595e+03
4.958962013837215146e-03 1.132267387408328432e+03
5.098176064420424994e-03 1.153983131486080993e+03
5.241298302206058926e-03 1.175837284467937479e+03
5.388438442608223244e-03 1.197814899985266720e+03
5.539709281106404079e-03 1.219899974214064514e+03
5.695226779712823234e-03 1.242075070352780813e+03
5.855110155867242032e-03 1.264321800087081101e+03
6.019481973827276768e-03 1.286620872244688599e+03
6.188468238624385796e-03 1.308951998584046578e+03
6.362198492657489789e-03 1.331293787540597577e+03
6.540805914998253610e-03 1.353623018078708810e+03
6.724427423484249239e-03 1.375915276532364942e+03
6.913203779678128193e-03 1.398145588493031255e+03
7.107279696773417810e-03 1.420287493956485378e+03
7.306803950529504668e-03 1.442312318896231773e+03
7.511929493320966197e-03 1.464191773583228496e+03
7.722813571388646714e-03 1.485897765873491835e+03
7.939617845382279313e-03 1.507392429226567629e+03
8.162508514287231468e-03 1.528635925752496632e+03
8.391656442830155299e-03 1.549623668663702801e+03
8.627237292461452031e-03 1.570348235793213917e+03
8.869431656014713575e-03 1.590737205453139268e+03
9.118425196146570655e-03 1.610724943780141984e+03
9.374408787662998066e-03 1.630291918827748304e+03
9.637578663841087079e-03 1.649400054998277028e+03
9.908136566858672528e-03 1.667985939951786804e+03
1.018628990244687879e-02 1.686043229492046294e+03
1.047225189888434729e-02 1.703571753687622277e+03
1.076624177045493527e-02 1.720323346917547724e+03
1.106848488549412070e-02 1.736079104403612973e+03
1.137921293915315074e-02 1.751122191939201230e+03
1.169866413101306943e-02 1.765644273993966635e+03
1.202708334768511945e-02 1.779396953270934546e+03
1.236472235053715993e-02 1.792180826941211990e+03
1.271183996869028332e-02 1.803938662186896181e+03
1.306870229743346996e-02 1.814788514980074524e+03
1.343558290220825575e-02 1.824898439172567805e+03
1.381276302832009847e-02 1.833940172604076452e+03
1.420053181653682141e-02 1.841524594124963187e+03
1.459918652473978819e-02 1.847826137852464626e+03
1.500903275579736421e-02 1.852938496984083258e+03
1.543038469183564444e-02 1.856514675021124958e+03
1.586356533508591002e-02 1.858504205086460388e+03
1.630890675549331870e-02 1.859259557760455209e+03
1.676675034527700184e-02 1.858729015848933159e+03
1.723744708063620554e-02 1.856607245615846978e+03
1.772135779080359283e-02 1.852991022668321648e+03
1.821885343465167589e-02 1.848029228603768843e+03
1.873031538506437013e-02 1.841416956235008911e+03
1.925613572129198509e-02 1.832926683991935306e+03
1.979671752951332395e-02 1.822709688202717643e+03
2.035247521183577296e-02 1.810848989435330395e+03
2.092383480396978190e-02 1.797288137493068916e+03
2.151123430182166549e-02 1.782011128840009405e+03
2.211512399725490061e-02 1.765038350448987103e+03
2.273596682327716154e-02 1.746387959687867578e+03
2.337423870891815886e-02 1.726082931280896673e+03
2.403042894406967958e-02 1.704160746639752233e+03
2.470504055456825693e-02 1.680670275680391569e+03
2.539859068780726467e-02 1.655671875421442110e+03
2.611161100917459149e-02 1.629237501043621705e+03
2.684464810961964890e-02 1.601450867820979056e+03
2.759826392466179640e-02 1.572409295122878348e+03
2.837303616516213128e-02 1.542222249684165718e+03
2.916955876018797328e-02 1.511010869194659335e+03
2.998844231231028931e-02 1.478908081362606026e+03
3.083031456568277942e-02 1.446057560832582794e+03
3.169582088726115993e-02 1.412612956870227208e+03
3.258562476153226140e-02 1.378736580155562478e+03
3.350040829913133317e-02 1.344597961139552126e+03
3.444087275973822804e-02 1.310372257137774568e+03
3.540773908965272332e-02 1.276237073951308048e+03
3.640174847446139839e-02 1.242371418460519862e+03
3.742366290721982347e-02 1.208952590625848870e+03
3.847426577258503816e-02 1.176153177983255318e+03
3.955436244734702317e-02 1.144138307121882008e+03
4.066478091781854792e-02 1.113063035309276529e+03
4.180637241455758407e-02 1.083068142226673899e+03
4.298001206490798670e-02 1.054277281104410349e+03
4.418659956385941057e-02 1.026793912364534663e+03
4.542705986374045990e-02 1.000697349162212731e+03
4.670234388327333674e-02 9.760402518270755081e+02
4.801342923653453137e-02 9.528454258246680411e+02
4.936132098237919208e-02 9.311019752302396455e+02
5.074705239490467923e-02 9.107640145541698757e+02
5.217168575554350513e-02 8.917482999986949608e+02
5.363631316739241039e-02 8.739322265822610234e+02
5.514205739240302800e-02 8.571544875879112624e+02
5.669007271207433807e-02 8.412197748487214994e+02
5.828154581230844677e-02 8.258682427043127063e+02
5.991769669310622465e-02 8.110760122109459189e+02
6.159977960380166873e-02 7.960977453691219807e+02
6.332908400455118658e-02 7.808680234639419950e+02
6.510693555481457395e-02 7.650594102206237039e+02
6.693469712958663442e-02 7.483748815206926110e+02
6.881376986415664587e-02 7.305496837083156834e+02
7.074559422819878818e-02 7.113673019275609022e+02
7.273165113001461846e-02 6.906815101215988761e+02
7.477346305177587360e-02 6.684248943667751064e+02
7.687259521663733497e-02 6.445755610956676946e+02
7.903065678861345700e-02 6.193565515871648586e+02
8.124930210614052239e-02 5.930307135701983725e+02
8.353023195026774983e-02 5.659653488594523196e+02
8.587519484845174134e-02 5.386106150865374502e+02
8.828598841495152727e-02 5.114764514656988581e+02
9.076446072885357985e-02 4.850962354464708710e+02
9.331251175078249249e-02 4.599880965969032900e+02
9.593209477938241525e-02 4.366198643273150992e+02
9.862521794868782388e-02 4.153690952734177699e+02
1.013939457675292477e-01 3.964916090541207723e+02
1.042404007021556500e-01 3.800995274286193535e+02
1.071667648032863795e-01 3.661442742200519547e+02
1.101752813788386687e-01 3.544093369461963334e+02
1.132682567136154145e-01 3.445138196700841604e+02
1.164480618372685794e-01 3.359346056177635091e+02
1.197171343418966943e-01 3.280408884795178324e+02
1.230779802506665743e-01 3.201498251085378115e+02
1.265331759388942934e-01 3.116040620181391887e+02
1.300853701090571579e-01 3.018608590198395518e+02
1.337372858212496074e-01 2.905858490842268793e+02
1.374917225806419896e-01 2.777189865103450757e+02
1.413515584835395023e-01 2.634980878691494581e+02
1.453197524236895799e-01 2.484345731463145626e+02
1.493993463605258198e-01 2.332311874488455317e+02
1.535934676510897212e-01 2.186593376363747723e+02
1.579053314474175851e-01 2.054111125417454673e+02
1.623382431612278298e-01 1.939775095645907186e+02
1.668956009978024568e-01 1.845757672678979873e+02
1.715808985610006165e-01 1.771019241455195754e+02
1.763977275314044801e-01 1.711387142749910026e+02
1.813497804196496366e-01 1.660411748097928637e+02
1.864408533970486059e-01 1.610628177805883467e+02
1.916748492056815356e-01 1.555159327090117358e+02
1.970557801501798822e-01 1.489635992509885227e+02
2.025877711735017406e-01 1.413507496250332451e+02
2.082750630190516594e-01 1.330072835572200631e+02
2.141220154815729193e-01 1.245464085605266291e+02
2.201331107493031680e-01 1.166486967409852156e+02
2.263129568399529223e-01 1.098303869851425532e+02
2.326662911331459360e-01 1.042946760378799951e+02
2.391979840020238557e-01 9.986995733226980576e+01
2.459130425468044889e-01 9.609079550362575617e+01
2.528166144331501219e-01 9.237864143415851004e+01
2.599139918382933900e-01 8.827231073655023863e+01
2.672106155079435608e-01 8.362479753493933288e+01
2.747120789270811603e-01 7.864417070526016573e+01
2.824241326078435477e-01 7.376618317032054506e+01
2.903526884977813416e-01 6.940421542525869825e+01
2.985038245118734057e-01 6.574494467436835521e+01
3.068837891917643446e-01 6.266708377244538752e+01
3.154990064958086982e-01 5.984389571488448922e+01
3.243560807235809640e-01 5.694699647487045269e+01
3.334618015786366407e-01 5.384767087066968827e+01
3.428231493733970847e-01 5.066972822578095759e+01
3.524473003801584237e-01 4.766426344128481674e+01
3.623416323323152555e-01 4.500914194792419920e+01
3.725137300800212548e-01 4.268599171637971068e+01
3.829713914046279921e-01 4.052533692702121471e+01
3.937226329963477989e-01 3.836372941483745080e+01
4.047756965997323930e-01 3.617429638105447509e+01
4.161390553316708374e-01 3.405884123097354177e+01
4.278214201767614466e-01 3.212313102771326356e+01
4.398317466650228380e-01 3.037137861847348219e+01
4.521792417370701922e-01 2.872148270109432744e+01
4.648733708020256206e-01 2.710548170561678560e+01
4.779238649935594330e-01 2.553408785499117784e+01
4.913407286296365140e-01 2.405883265767686296e+01
5.051342468816764075e-01 2.269656394922727216e+01
5.193149936590210070e-01 2.141479528114054531e+01
5.338938397147356962e-01 2.018245822440910686e+01
5.488819609789672427e-01 1.900502774187079424e+01
5.642908471262538805e-01 1.790054196581399637e+01
5.801323103833373462e-01 1.686576579091270034e+01
5.964184945842465613e-01 1.588393309608536441e+01
6.131618844795774237e-01 1.495015888279595018e+01
6.303753153071274262e-01 1.407004135089148456e+01
6.480719826311974741e-01 1.324237744610767287e+01
6.662654524581153037e-01 1.245998952096406853e+01
6.849696716357442927e-01 1.171940100722761002e+01
7.041989785449285222e-01 1.102192726192385308e+01
7.239681140910878554e-01 1.036443330405005447e+01
7.442922330043759693e-01 9.743723298164258750e+00
7.651869154570819509e-01 9.158523066723244455e+00
7.866681790071589075e-01 8.606970521595487256e+00
8.087524908770455934e-01 8.087014468859278438e+00
8.314567805772061782e-01 7.597040612105578461e+00
8.547984528840417706e-01 7.135523213401016918e+00
8.787954011821322853e-01 6.700787137089271539e+00
9.034660211810530139e-01 6.291452907756031721e+00
9.288292250172494047e-01 5.906144564954030507e+00
9.549044557518088228e-01 5.543505323051771683e+00
9.817117022752195332e-01 5.202266541801638944e+00
1.009271514630570854e+00 4.881228391258309429e+00
1.037605019766912440e+00 4.579232671731939597e+00
1.066733937734857918e+00 4.295200991005441615e+00
1.096680598336868151e+00 4.028132086009286184e+00
1.127467958244945612e+00 3.777075564569325916e+00
1.159119618598886126e+00 3.541124016652114737e+00
1.191659843098559213e+00 3.319415215211231285e+00
1.225113576604118126e+00 3.111126830362995754e+00
1.259506464258359104e+00 2.915466717909753758e+00
1.294864871145904983e+00 2.731694527185678290e+00
1.331215902504307769e+00 2.559123491140248952e+00
1.368587424502517580e+00 2.397107146195343930e+00
1.407008085602686087e+00 2.245039399638838695e+00
1.446507338521646480e+00 2.102330464773576324e+00
1.487115462808953126e+00 1.968399890897452709e+00
1.528863588058731571e+00 1.843001466899450991e+00
1.571783717773163280e+00 1.725591645630954574e+00
1.615908753895917815e+00 1.615661507031127764e+00
1.661272522034291654e+00 1.512734552181741021e+00
1.707909797389428608e+00 1.416364637893426925e+00
1.755856331414468618e+00 1.326134042870705576e+00
1.805148879221108116e+00 1.241651657073444159e+00
1.855825227755520057e+00 1.162551286426436681e+00
1.907924224765265908e+00 1.088490065528756823e+00
1.961485808579430667e+00 1.019146971482680630e+00
2.016551038724745393e+00 9.542214324002751269e-01
2.073162127401231736e+00 8.934320245561429008e-01
2.131362471841438122e+00 8.365152525390481264e-01
2.191196687578147895e+00 7.832244071149195852e-01
2.252710642645982198e+00 7.333284958505670303e-01
2.315951492743154372e+00 6.866112418628318448e-01
2.380967717380357840e+00 6.428701463531919513e-01
2.447809157044444017e+00 6.019156108643179959e-01
2.516527051405392790e+00 5.635701154539485280e-01
2.587174078595922744e+00 5.276674492238278003e-01
2.659804395593756698e+00 4.940519898683887190e-01
2.734473679737583041e+00 4.625780291203384076e-01
2.811239171408464355e+00 4.331091411692496451e-01
2.890159717909508874e+00 4.055175913155305567e-01
2.971295818577336600e+00 3.796837822965467568e-01
3.054709671159970164e+00 3.554957358849611948e-01
3.140465219496751281e+00 3.328486075122505938e-01
3.228628202536729219e+00 3.116442318135017597e-01
3.319266204733191561e+00 2.917906971236254865e-01
3.412448707852890450e+00 2.732019470806154038e-01
3.508247144239789783e+00 2.557974076089762905e-01
3.606734951574031900e+00 2.395016376664594326e-01
3.707987629168172372e+00 2.242440022402445443e-01
3.812082795843888317e+00 2.099583661751508179e-01
3.919100249433401739e+00 1.965828075067567737e-01
4.029122027951350660e+00 1.840593490568527002e-01
4.142232472483896366e+00 1.723337071278113752e-01
4.258518291843413017e+00 1.613550562065760863e-01
4.378068629038172510e+00 1.510758086583613713e-01
4.500975129608047354e+00 1.414514084551359852e-01
4.627332011878690032e+00 1.324401380447903787e-01
4.757236139187885904e+00 1.240029375238522608e-01
4.890787094139594338e+00 1.161032353299427805e-01
5.028087254942479767e+00 1.087067897200997002e-01
5.169241873891597727e+00 1.017815403478455616e-01
5.314359158053243881e+00 9.529746929565212354e-02
5.463550352214879169e+00 8.922647096043866133e-02
5.616929824163807261e+00 8.354223022811409216e-02
5.774615152359817039e+00 7.822010840910331719e-02
5.936727216069127344e+00 7.323703644043827454e-02
6.103390288028621491e+00 6.857141489149171099e-02
6.274732129711575013e+00 6.420302033992232593e-02
6.450884089267698407e+00 6.011291771201205530e-02
6.631981202212673843e+00 5.628337820742945058e-02
6.818162294944477786e+00 5.269780245265877350e-02
7.009570091165615580e+00 4.934064854999899857e-02
7.206351321293055889e+00 4.619736471025633062e-02
7.408656834939563396e+00 4.325432617712279132e-02
7.616641716552886798e+00 4.049877616983552087e-02
7.830465404301192756e+00 3.791877058812935519e-02
8.050291812295983007e+00 3.550312623980271531e-02
8.276289456246344045e+00 3.324137236648606192e-02
8.508631582640587609e+00 3.112370525749857952e-02
8.747496301554422260e+00 2.914094575506371784e-02
8.993066723187620681e+00 2.728449946668774079e-02
9.245531098233566780e+00 2.554631951223903033e-02
9.505082962189515428e+00 2.391887164425341578e-02
9.771921283717999174e+00 2.239510159027704658e-02
1.004625061717340628e+01 2.096840447569048652e-02
1.032828125941029640e+01 1.963259619447511872e-02
1.061822941099384643e+01 1.838188660382689826e-02
1.091631734193614811e+01 1.721085442642775534e-02
1.122277356208507015e+01 1.611442375158704185e-02
1.153783299629661485e+01 1.508784203339578675e-02
1.186173716452478821e+01 1.412665949052537874e-02
1.219473436696737778e+01 1.322670981837789465e-02
1.253707987440921379e+01 1.238409212998365337e-02
1.288903612390893194e+01 1.159515404736773808e-02
1.325087291997952832e+01 1.085647587009399249e-02
1.362286764141645712e+01 1.016485575236403781e-02
1.400530545393221082e+01 9.517295824420572009e-03
1.439847952876007753e+01 8.910989198097313962e-03
1.480269126739508501e+01 8.343307800190328388e-03
1.521825053264387861e+01 7.811790980913785841e-03
1.564547588616096618e+01 7.314134848062765759e-03
1.608469483265355748e+01 6.848182280651389682e-03
1.653624407094179460e+01 6.411913578739809536e-03
1.700046975206718614e+01 6.003437708921114876e-03
1.747772774464680978e+01 5.620984107521221837e-03
1.796838390767719673e+01 5.262895005982200052e-03
1.847281437099635681e+01 4.927618245162918541e-03
1.899140582361934904e+01 4.613700547410200595e-03
1.952455581016860364e+01 4.319781217237823184e-03
2.007267303562567662e+01 4.044586243308607824e-03
2.063617767863859598e+01 3.786922776154248368e-03
2.121550171362450854e+01 3.545673957696240941e-03
2.181108924191518383e+01 3.319794080156138714e-03
2.242339683219847757e+01 3.108304053371146580e-03
2.305289387051708516e+01 2.910287160867848673e-03
2.370006292009328064e+01 2.724885086298509378e-03
2.436540009125468131e+01 2.551294193016299516e-03
2.504941542174504221e+01 2.388762040663032840e-03
2.575263326771200667e+01 2.236584123670351532e-03
2.647559270567065681e+01 2.094100817537193973e-03
2.721884794575180422e+01 1.960694519646999281e-03
2.798296875655116978e+01 1.835786972231339548e-03
2.876854090190592217e+01 1.718836755876207824e-03
2.957616658993256564e+01 1.609336942706413205e-03
3.040646493467068723e+01 1.506812899075656324e-03
3.126007243068703190e+01 1.410820228237923482e-03
3.213764344100275139e+01 1.320942844082574532e-03
3.303985069871860247e+01 1.236791167583613108e-03
3.396738582272208617e+01 1.158000438145539773e-03
3.492095984787270169e+01 1.084229132526212582e-03
3.590130377007073292e+01 1.015157484483436047e-03
3.690916910662779316e+01 9.504860987286036953e-04
3.794532847236938977e+01 8.899346531794808746e-04
3.901057617190990356e+01 8.332406838869732676e-04
4.010572880855499989e+01 7.801584473690646249e-04
4.123162591029752377e+01 7.304578554206444781e-04
4.238913057338778145e+01 6.839234777820911437e-04
4.357913012397032304e+01 6.403536083436178576e-04
4.480253679829492341e+01 5.995593908377875323e-04
4.606028844202401018e+01 5.613640002304539625e-04
4.735334922917113687e+01 5.256018762618236244e-04
4.868271040122284887e+01 4.921180058153690673e-04
5.004939102700954123e+01 4.607672510039820864e-04
5.145443878390924652e+01 4.314137200609134129e-04
5.289893076098154978e+01 4.039301783085875032e-04
5.438397428464800498e+01 3.781974966521000183e-04
5.591070776755292115e+01 3.541041352068601900e-04
5.748030158125349942e+01 3.315456598221300233e-04
5.909395895340973937e+01 3.104242894048021058e-04
6.075291689016074059e+01 2.906484720812631999e-04
6.245844712439613744e+01 2.721324883601908989e-04
6.421185709064765490e+01 2.547960795761688470e-04
6.601449092734890201e+01 2.385641000035863325e-04
6.786773050723294887e+01 2.233661911328882867e-04
6.977299649665530978e+01 2.091364766973066670e-04
7.173174944465618807e+01 1.958132771281478532e-04
7.374549090259552031e+01 1.833388422009245451e-04
7.581576457522108115e+01 1.716591007134707976e-04
7.794415750404954224e+01 1.607234261110050818e-04
8.013230128396889995e+01 1.504844170422277284e-04
8.238187331399603863e+01 1.408976918952608551e-04
8.469459808314594795e+01 1.319216964228336127e-04
8.707224849239922548e+01 1.235175236228524512e-04
8.951664721378301692e+01 1.156487450936178143e-04
9.202966808760409378e+01 1.082812531326858216e-04
9.461323755890775544e+01 1.013831128949433817e-04
9.726933615426175095e+01 9.492442396906611388e-05
9.999999999999995737e+01 8.887719077235424958e-05
