1.000000000000000048e-04 1.637705485692117406e+02
1.028073223830865281e-04 1.682108669753060894e+02
1.056934553557988362e-04 1.727714304487926142e+02
1.086606113854597351e-04 1.774554847671627726e+02
1.117110650504824041e-04 1.822664012129036166e+02
1.148471547840289439e-04 1.872076057337732209e+02
1.180712846666190141e-04 1.922825969444046166e+02
1.213859262690628250e-04 1.974949696230303289e+02
1.247936205471311189e-04 2.028484208620049287e+02
1.282969797894147957e-04 2.083467613448397344e+02
1.318986896198670199e-04 2.139939053672950138e+02
1.356015110565633925e-04 2.197938696241012622e+02
1.394082826282578376e-04 2.257507596346036394e+02
1.433219225503574155e-04 2.318687766062874971e+02
1.473454309619835539e-04 2.381522611670529272e+02
1.514818922258346051e-04 2.446056788976871985e+02
1.557344772926134557e-04 2.512335856706842776e+02
1.601064461318317826e-04 2.580406599632988787e+02
1.646011502308550778e-04 2.650317319218286798e+02
1.692220351641037391e-04 2.722117389532526772e+02
1.739726432343801689e-04 2.795857101079614608e+02
1.788566161883461665e-04 2.871588252102953902e+02
1.838776980082327715e-04 2.949364224093815210e+02
1.890397377819221208e-04 3.029239950943579629e+02
1.943466926536020897e-04 3.111271805321470083e+02
1.998026308572550618e-04 3.195517209450063660e+02
2.054117348353064979e-04 3.282035010612665360e+02
2.111783044448243749e-04 3.370885754715595795e+02
2.171067602537265953e-04 3.462131601030567936e+02
2.232016469295233991e-04 3.555836330520957631e+02
2.294676367231936914e-04 3.652065203163045339e+02
2.359095330508635614e-04 3.750885038288531064e+02
2.425322741760353111e-04 3.852364738920828131e+02
2.493409369951879494e-04 3.956575032867014556e+02
2.563407409296515377e-04 4.063587664670705522e+02
2.635370519267394326e-04 4.173476309760341678e+02
2.709353865732051759e-04 4.286317510824765691e+02
2.785414163241767813e-04 4.402189213784330946e+02
2.863609718508116210e-04 4.521170193613990023e+02
2.944000475100034728e-04 4.643341829490235000e+02
3.026648059395691654e-04 4.768788205093180750e+02
3.111615827824361444e-04 4.897595047025593544e+02
3.198968915434537695e-04 5.029849882593968005e+02
3.288774285825511105e-04 5.165642113342279345e+02
3.381100782480684795e-04 5.305063442104273008e+02
3.476019181541978613e-04 5.448208379287534626e+02
3.573602246065787046e-04 5.595173434961184284e+02
3.673924781802075296e-04 5.746056774522496653e+02
3.777063694539367416e-04 5.900958846398335709e+02
3.883098049059605528e-04 6.059982476761510952e+02
3.992109129748052884e-04 6.223232831250026038e+02
4.104180502904709654e-04 6.390817579135488131e+02
4.219398080805026588e-04 6.562847331918425198e+02
4.337850187558990231e-04 6.739434872014024904e+02
4.459627626819093779e-04 6.920693991056649566e+02
4.584823751389095932e-04 7.106741768550865572e+02
4.713534534786909978e-04 7.297699535323394002e+02
4.845858644816496185e-04 7.493689479928858646e+02
4.981897519205162042e-04 7.694834664518444924e+02
5.121755443364240474e-04 7.901262945053798603e+02
5.265539630332758715e-04 8.113105703816130472e+02
5.413360302965379654e-04 8.330494107606295984e+02
5.565330778427647921e-04 8.553561742152453462e+02
5.721567555063251324e-04 8.782447085046511575e+02
5.882190401699957617e-04 9.017290559404168562e+02
6.047322449462647380e-04 9.258233248430880167e+02
6.217090286163829381e-04 9.505420289633326547e+02
6.391624053344003523e-04 9.759000922942960869e+02
6.571057546036271476e-04 1.001912449615777632e+03
6.755528315331644270e-04 1.028594162685361198e+03
6.945177773823697038e-04 1.055960681483820281e+03
7.140151304013400355e-04 1.084027787737109975e+03
7.340598369757211656e-04 1.112811585176113567e+03
7.546672630843890076e-04 1.142328280663549094e+03
7.758532060787837713e-04 1.172594037273211825e+03
7.976339067929278130e-04 1.203625433725000903e+03
8.200260619934130737e-04 1.235439487393014133e+03
8.430468371788971344e-04 1.268053253615303902e+03
8.667138797389231696e-04 1.301483896877081634e+03
8.910453324821514341e-04 1.335748839425452161e+03
9.160598475443706154e-04 1.370865739886197161e+03
9.417766006869523988e-04 1.406852472184414182e+03
9.682153059967085751e-04 1.443726968505052355e+03
9.953962309984236857e-04 1.481507091322247334e+03
1.023340212191642049e-03 1.520211006322183948e+03
1.052068671023622922e-03 1.559857209669168697e+03
1.081603630310709867e-03 1.600464296497754731e+03
1.111967731120699519e-03 1.642050909308862174e+03
1.143184250129150028e-03 1.684635479120883474e+03
1.175277117462945366e-03 1.728236511534600368e+03
1.208270935044776636e-03 1.772872891872682203e+03
1.242190995452617476e-03 1.818563343668484549e+03
1.277063301308643990e-03 1.865326131558066209e+03
1.312914585212465604e-03 1.913180368361421415e+03
1.349772330233942573e-03 1.962145763812410905e+03
1.387664790981308705e-03 2.012237788256860540e+03
1.426621015260737648e-03 2.063472129633181794e+03
1.466670866343968349e-03 2.115882492049317989e+03
1.507845045861051347e-03 2.169498081979500512e+03
1.550175117335769997e-03 2.224310510720908951e+03
1.593693530381775150e-03 2.280320825526127010e+03
1.638433645577984637e-03 2.337563027742688973e+03
1.684429760042315850e-03 2.396062247907598703e+03
1.731717133723354026e-03 2.455829948482957207e+03
1.780332016430114135e-03 2.516882069881229199e+03
1.830311675620612021e-03 2.579236420568763606e+03
1.881694424970556086e-03 2.642901943103072426e+03
1.934519653744045872e-03 2.707888107197276895e+03
1.988827856988810081e-03 2.774218335690892673e+03
2.044660666579116784e-03 2.841911905093216319e+03
2.102060883130158625e-03 2.910974568580988944e+03
2.161072508808377368e-03 2.981413994384690795e+03
2.221740781062885202e-03 3.053241784006402213e+03
2.284112207303824749e-03 3.126469139573137909e+03
2.348234600554276272e-03 3.201105776643161335e+03
2.414157116103019234e-03 3.277155777443790612e+03
2.481930289186255051e-03 3.354621621463284555e+03
2.551606073727184613e-03 3.433509141265825292e+03
2.623237882163122550e-03 3.513822233426984440e+03
2.696880626390694112e-03 3.595560234246079744e+03
2.772590759860483686e-03 3.678722516073333736e+03
2.850426320853435488e-03 3.763308878784739591e+03
2.930446976972143555e-03 3.849315134569430484e+03
3.012714070881164757e-03 3.936733915352006534e+03
3.097290667331408388e-03 4.025557436900005086e+03
3.184241601504654226e-03 4.115776109385499694e+03
3.273633528715246682e-03 4.207376631291989725e+03
3.365534975507094694e-03 4.300343728113151883e+03
3.460016392185110562e-03 4.394660864557666173e+03
3.557150206821386215e-03 4.490308051259895365e+03
3.657010880777490907e-03 4.587261448165123511e+03
3.759674965785466966e-03 4.685495155148985759e+03
3.865221162631264206e-03 4.784980828068147275e+03
3.973730381485608698e-03 4.885685989941061962e+03
4.085285803928562741e-03 4.987574819926749115e+03
4.199972946715305709e-03 5.090608718233366744e+03
4.317879727332022029e-03 5.194745268868547100e+03
4.439096531392168997e-03 5.299937275198935822e+03
4.563716281924761094e-03 5.406134083272052521e+03
4.691834510607797992e-03 5.513281636704831726e+03
4.823549431001468782e-03 5.621321635702106505e+03
4.958962013837215146e-03 5.730191453392095355e+03
5.098176064420424994e-03 5.839823302877003698e+03
5.241298302206058926e-03 5.950145109412232159e+03
5.388438442608223244e-03 6.061081232273677415e+03
5.539709281106404079e-03 6.172550640828197174e+03
5.695226779712823234e-03 6.284465216240361769e+03
5.855110155867242032e-03 6.396732736138457767e+03
6.019481973827276768e-03 6.509257003545107182e+03
6.188468238624385796e-03 6.621933771065689143e+03
6.362198492657489789e-03 6.734651882783206020e+03
6.540805914998253610e-03 6.847296686131493516e+03
6.724427423484249239e-03 6.959748197908516886e+03
6.913203779678128193e-03 7.071877273577070810e+03
7.107279696773417810e-03 7.183548140889138267e+03
7.306803950529504668e-03 7.294618629111365408e+03
7.511929493320966197e-03 7.404946832557489870e+03
7.722813571388646714e-03 7.514389171580333823e+03
7.939617845382279313e-03 7.622754005340253570e+03
8.162508514287231468e-03 7.729841250279106134e+03
8.391656442830155299e-03 7.835631774125966331e+03
8.627237292461452031e-03 7.940090521249950143e+03
8.869431656014713575e-03 8.042843801807951422e+03
9.118425196146570655e-03 8.143555427024349228e+03
9.374408787662998066e-03 8.242133685540968145e+03
9.637578663841087079e-03 8.338389568206899639e+03
9.908136566858672528e-03 8.432000136652703077e+03
1.018628990244687879e-02 8.522934391649516328e+03
1.047225189888434729e-02 8.611194373279928186e+03
1.076624177045493527e-02 8.695522386071244910e+03
1.106848488549412070e-02 8.774808759507459399e+03
1.137921293915315074e-02 8.850491202386261648e+03
1.169866413101306943e-02 8.923543635406698741e+03
1.202708334768511945e-02 8.992708737423283310e+03
1.236472235053715993e-02 9.056977436156872500e+03
1.271183996869028332e-02 9.116060954155722357e+03
1.306870229743346996e-02 9.170556750664256469e+03
1.343558290220825575e-02 9.221315222898814682e+03
1.381276302832009847e-02 9.266679856867636772e+03
1.420053181653682141e-02 9.304686294458679185e+03
1.459918652473978819e-02 9.336214063983588858e+03
1.500903275579736421e-02 9.361734237153261347e+03
1.543038469183564444e-02 9.379492528361100995e+03
1.586356533508591002e-02 9.389236643668884426e+03
1.630890675549331870e-02 9.392753786398792727e+03
1.676675034527700184e-02 9.389782790332912555e+03
1.723744708063620554e-02 9.378777519960231075e+03
1.772135779080359283e-02 9.360229626890257350e+03
1.821885343465167589e-02 9.334894735509087695e+03
1.873031538506437013e-02 9.301229179920730530e+03
1.925613572129198509e-02 9.258082020488698618e+03
1.979671752951332395e-02 9.206222578728429653e+03
2.035247521183577296e-02 9.146072370274763671e+03
2.092383480396978190e-02 9.077343929594344445e+03
2.151123430182166549e-02 8.999956250216382614e+03
2.211512399725490061e-02 8.914013712622761886e+03
2.273596682327716154e-02 8.819608311979452992e+03
2.337423870891815886e-02 8.716856370237524970e+03
2.403042894406967958e-02 8.605949073419944398e+03
2.470504055456825693e-02 8.487133440336006970e+03
2.539859068780726467e-02 8.360712288389035166e+03
2.611161100917459149e-02 8.227050768802699167e+03
2.684464810961964890e-02 8.086573014685908674e+03
2.759826392466179640e-02 7.939767780888975722e+03
2.837303616516213128e-02 7.787188103321728704e+03
2.916955876018797328e-02 7.629447225387875733e+03
2.998844231231028931e-02 7.467216692802128819e+03
3.083031456568277942e-02 7.301219995513944923e+03
3.169582088726115993e-02 7.132233418181438537e+03
3.258562476153226140e-02 6.961077227938275428e+03
3.350040829913133317e-02 6.788606362680657185e+03
3.444087275973822804e-02 6.615704804815636635e+03
3.540773908965272332e-02 6.443268591799746901e+03
3.640174847446139839e-02 6.272200857813406401e+03
3.742366290721982347e-02 6.103396854667085790e+03
3.847426577258503816e-02 5.937727920554541925e+03
3.955436244734702317e-02 5.776027868729997863e+03
4.066478091781854792e-02 5.619077824161034187e+03
4.180637241455758407e-02 5.467587279113673503e+03
4.298001206490798670e-02 5.322180897537098645e+03
4.418659956385941057e-02 5.183380743489556153e+03
4.542705986374045990e-02 5.051587441810151176e+03
4.670234388327333674e-02 4.927064444379506313e+03
4.801342923653453137e-02 4.809927886360290358e+03
4.936132098237919208e-02 4.700122277374407531e+03
5.074705239490467923e-02 4.597414169961696643e+03
5.217168575554350513e-02 4.501384832305815507e+03
5.363631316739241039e-02 4.411414780424139281e+03
5.514205739240302800e-02 4.326687970999179015e+03
5.669007271207433807e-02 4.246220227152001826e+03
5.828154581230844677e-02 4.168697803276454579e+03
5.991769669310622465e-02 4.094001779920391527e+03
6.159977960380166873e-02 4.018368807350029783e+03
6.332908400455118658e-02 3.941468951661421670e+03
6.510693555481457395e-02 3.861648828217041682e+03
6.693469712958663442e-02 3.777410146493139109e+03
6.881376986415664587e-02 3.687415349798463467e+03
7.074559422819878818e-02 3.590572882268766534e+03
7.273165113001461846e-02 3.486143944048805679e+03
7.477346305177587360e-02 3.373787316858409213e+03
7.687259521663733497e-02 3.253394817940670691e+03
7.903065678861345700e-02 3.126090645757675702e+03
8.124930210614052239e-02 2.993201915472549899e+03
8.353023195026774983e-02 2.856582270850795339e+03
8.587519484845174134e-02 2.718504442504122380e+03
8.828598841495152727e-02 2.581540886696923735e+03
9.076446072885357985e-02 2.448384137125829056e+03
9.331251175078249249e-02 2.321649732297454648e+03
9.593209477938241525e-02 2.203698194611869894e+03
9.862521794868782388e-02 2.096434592670884285e+03
1.013939457675292477e-01 2.001150222248378896e+03
1.042404007021556500e-01 1.918411245899424102e+03
1.071667648032863795e-01 1.847971885454765470e+03
1.101752813788386687e-01 1.788739685905913802e+03
1.132682567136154145e-01 1.738791546799815023e+03
1.164480618372685794e-01 1.695487431482859847e+03
1.197171343418966943e-01 1.655642956465193720e+03
1.230779802506665743e-01 1.615812675961452214e+03
1.265331759388942934e-01 1.572678174015349441e+03
1.300853701090571579e-01 1.523500660447927203e+03
1.337372858212496074e-01 1.466592676937113993e+03
1.374917225806419896e-01 1.401650480241682089e+03
1.413515584835395023e-01 1.329875143948212099e+03
1.453197524236895799e-01 1.253847445626878198e+03
1.493993463605258198e-01 1.177114170917446017e+03
1.535934676510897212e-01 1.103568386168633197e+03
1.579053314474175851e-01 1.036703647235051449e+03
1.623382431612278298e-01 9.789969510540255442e+02
1.668956009978024568e-01 9.315455158544627920e+02
1.715808985610006165e-01 8.938244504789846587e+02
1.763977275314044801e-01 8.637274872858926074e+02
1.813497804196496366e-01 8.379995129535494698e+02
1.864408533970486059e-01 8.128730644733337840e+02
1.916748492056815356e-01 7.848776264566270129e+02
1.970557801501798822e-01 7.518077783028448948e+02
2.025877711735017406e-01 7.133855238591796706e+02
2.082750630190516594e-01 6.712763027077054403e+02
2.141220154815729193e-01 6.285743180440422293e+02
2.201331107493031680e-01 5.887148930323717195e+02
2.263129568399529223e-01 5.543030359998499534e+02
2.326662911331459360e-01 5.263645354984089408e+02
2.391979840020238557e-01 5.040330383007672026e+02
2.459130425468044889e-01 4.849597264481449770e+02
2.528166144331501219e-01 4.662246042343884938e+02
2.599139918382933900e-01 4.455001490963433071e+02
2.672106155079435608e-01 4.220445643148237309e+02
2.747120789270811603e-01 3.969075684775966693e+02
2.824241326078435477e-01 3.722888446862789351e+02
2.903526884977813416e-01 3.502743075342680186e+02
2.985038245118734057e-01 3.318062606552392140e+02
3.068837891917643446e-01 3.162725676087987949e+02
3.154990064958086982e-01 3.020242608306430157e+02
3.243560807235809640e-01 2.874038715873570027e+02
3.334618015786366407e-01 2.717618692290185436e+02
3.428231493733970847e-01 2.557231272821745449e+02
3.524473003801584237e-01 2.405549217657209908e+02
3.623416323323152555e-01 2.271547753916127590e+02
3.725137300800212548e-01 2.154301363230192408e+02
3.829713914046279921e-01 2.045255275717900645e+02
3.937226329963477989e-01 1.936161768252533193e+02
4.047756965997323930e-01 1.825663530658160312e+02
4.161390553316708374e-01 1.718899349106756063e+02
4.278214201767614466e-01 1.621206547255643500e+02
4.398317466650228380e-01 1.532797652226250875e+02
4.521792417370701922e-01 1.449529876021019277e+02
4.648733708020256206e-01 1.367972373660263372e+02
4.779238649935594330e-01 1.288666274908753451e+02
4.913407286296365140e-01 1.214212282360278294e+02
5.051342468816764075e-01 1.145460201008883274e+02
5.193149936590210070e-01 1.080771156742879811e+02
5.338938397147356962e-01 1.018576859652450111e+02
5.488819609789672427e-01 9.591539630255570614e+01
5.642908471262538805e-01 9.034120170204532485e+01
5.801323103833373462e-01 8.511884176847382832e+01
5.964184945842465613e-01 8.016367230964576152e+01
6.131618844795774237e-01 7.545105765184894153e+01
6.303753153071274262e-01 7.100924760058967422e+01
6.480719826311974741e-01 6.683214051402170242e+01
6.662654524581153037e-01 6.288356204280682960e+01
6.849696716357442927e-01 5.914591710022764914e+01
7.041989785449285222e-01 5.562586245469721291e+01
7.239681140910878554e-01 5.230760088453303069e+01
7.442922330043759693e-01 4.917498097553686165e+01
7.651869154570819509e-01 4.622156294818559275e+01
7.866681790071589075e-01 4.343796558025240273e+01
8.087524908770455934e-01 4.081382481585507094e+01
8.314567805772061782e-01 3.834100288079758911e+01
8.547984528840417706e-01 3.601180263747529864e+01
8.787954011821322853e-01 3.381775348971807205e+01
9.034660211810530139e-01 3.175191406602139210e+01
9.288292250172494047e-01 2.980732286136933240e+01
9.549044557518088228e-01 2.797714229248319384e+01
9.817117022752195332e-01 2.625496431809456155e+01
1.009271514630570854e+00 2.463472962241974784e+01
1.037605019766912440e+00 2.311061079021987652e+01
1.066733937734857918e+00 2.167715251164870693e+01
1.096680598336868151e+00 2.032929594437354837e+01
1.127467958244945612e+00 1.906225400386506408e+01
1.159119618598886126e+00 1.787144656032561585e+01
1.191659843098559213e+00 1.675251873201255748e+01
1.225113576604118126e+00 1.570132444755105361e+01
1.259506464258359104e+00 1.471385813999235026e+01
1.294864871145904983e+00 1.378639001532508424e+01
1.331215902504307769e+00 1.291545238146806973e+01
1.368587424502517580e+00 1.209778126717339042e+01
1.407008085602686087e+00 1.133032010899656150e+01
1.446507338521646480e+00 1.061009182317539690e+01
1.487115462808953126e+00 9.934167841266743793e+00
1.528863588058731571e+00 9.301304111515511508e+00
1.571783717773163280e+00 8.708757447756545034e+00
1.615908753895917815e+00 8.153959420589000473e+00
1.661272522034291654e+00 7.634505224363526743e+00
1.707909797389428608e+00 7.148143253406540332e+00
1.755856331414468618e+00 6.692765342299075826e+00
1.805148879221108116e+00 6.266397627906089340e+00
1.855825227755520057e+00 5.867191993547162809e+00
1.907924224765265908e+00 5.493418058222816036e+00
1.961485808579430667e+00 5.143455676173272373e+00
2.016551038724745393e+00 4.815787914258540248e+00
2.073162127401231736e+00 4.508994476719844435e+00
2.131362471841438122e+00 4.221745548821645322e+00
2.191196687578147895e+00 3.952796032689124051e+00
2.252710642645982198e+00 3.700980150356040888e+00
2.315951492743154372e+00 3.465206390629534283e+00
2.380967717380357840e+00 3.244452777868751081e+00
2.447809157044444017e+00 3.037762442169535504e+00
2.516527051405392790e+00 2.844239471753879034e+00
2.587174078595922744e+00 2.663045029586057044e+00
2.659804395593756698e+00 2.493393717382696995e+00
2.734473679737583041e+00 2.334550171256351003e+00
2.811239171408464355e+00 2.185825874236190902e+00
2.890159717909508874e+00 2.046576171849495918e+00
2.971295818577336600e+00 1.916197477827801032e+00
3.054709671159970164e+00 1.794124657825659774e+00
3.140465219496751281e+00 1.679828579811598388e+00
3.228628202536729219e+00 1.572813820513276672e+00
3.319266204733191561e+00 1.472616517975311901e+00
3.412448707852890450e+00 1.378802360921539405e+00
3.508247144239789783e+00 1.290964706206481960e+00
3.606734951574031900e+00 1.208722816196008409e+00
3.707987629168172372e+00 1.131720208436999719e+00
3.812082795843888317e+00 1.059623110462565077e+00
3.919100249433401739e+00 9.921190130350715508e-01
4.029122027951350660e+00 9.289153155559248809e-01
4.142232472483896366e+00 8.697380577705554616e-01
4.258518291843413017e+00 8.143307322711020868e-01
4.378068629038172510e+00 7.624531726495173967e-01
4.500975129608047354e+00 7.138805124817273473e-01
4.627332011878690032e+00 6.684022106304976507e-01
4.757236139187885904e+00 6.258211386421217437e-01
4.890787094139594338e+00 5.859527262812012083e-01
5.028087254942479767e+00 5.486241614997811045e-01
5.169241873891597727e+00 5.136736413730623729e-01
5.314359158053243881e+00 4.809496707548245875e-01
5.463550352214879169e+00 4.503104056125402099e-01
5.616929824163807261e+00 4.216230381958241402e-01
5.774615152359817039e+00 3.947632213731971373e-01
5.936727216069127344e+00 3.696145296419128812e-01
6.103390288028621491e+00 3.460679544745658420e-01
6.274732129711575013e+00 3.240214318150264061e-01
6.450884089267698407e+00 3.033793996756091738e-01
6.631981202212673843e+00 2.840523839178490384e-01
6.818162294944477786e+00 2.659566104214293181e-01
7.009570091165615580e+00 2.490136419601837736e-01
7.206351321293055889e+00 2.331500382111891534e-01
7.408656834939563396e+00 2.182970374232377775e-01
7.616641716552886798e+00 2.043902583648623261e-01
7.830465404301192756e+00 1.913694212599889588e-01
8.050291812295983007e+00 1.791780865015973057e-01
8.276289456246344045e+00 1.677634100108253423e-01
8.508631582640587609e+00 1.570759141811093884e-01
8.747496301554422260e+00 1.470692734145017666e-01
8.993066723187620681e+00 1.377001133205610350e-01
9.245531098233566780e+00 1.289278227074294458e-01
9.505082962189515428e+00 1.207143775501624550e-01
9.771921283717999174e+00 1.130241761732896782e-01
1.004625061717340628e+01 1.058238849331964576e-01
1.032828125941029640e+01 9.908229373142665719e-02
1.061822941099384643e+01 9.277018073262087439e-02
1.091631734193614811e+01 8.686018570070121181e-02
1.122277356208507015e+01 8.132669140427091492e-02
1.153783299629661485e+01 7.614571257717353547e-02
1.186173716452478821e+01 7.129479195290404359e-02
1.219473436696737778e+01 6.675290292222708921e-02
1.253707987440921379e+01 6.250035839206581623e-02
1.288903612390893194e+01 5.851872545060466529e-02
1.325087291997952832e+01 5.479074546871663676e-02
1.362286764141645712e+01 5.130025929139016977e-02
1.400530545393221082e+01 4.803213719489308337e-02
1.439847952876007753e+01 4.497221330606869516e-02
1.480269126739508501e+01 4.210722419950075485e-02
1.521825053264387861e+01 3.942475140639264963e-02
1.564547588616096618e+01 3.691316758596231012e-02
1.608469483265355748e+01 3.456158612602940744e-02
1.653624407094179460e+01 3.235981395433551455e-02
1.700046975206718614e+01 3.029830735605506739e-02
1.747772774464680978e+01 2.836813060598544767e-02
1.796838390767719673e+01 2.656091723610495489e-02
1.847281437099635681e+01 2.486883377061038791e-02
1.899140582361934904e+01 2.328454577124183106e-02
1.952455581016860364e+01 2.180118604571574734e-02
2.007267303562567662e+01 2.041232488146417501e-02
2.063617767863859598e+01 1.911194217565616651e-02
2.121550171362450854e+01 1.789440134069747446e-02
2.181108924191518383e+01 1.675442487210025352e-02
2.242339683219847757e+01 1.568707147282024511e-02
2.305289387051708516e+01 1.468771463490544348e-02
2.370006292009328064e+01 1.375202258561721534e-02
2.436540009125468131e+01 1.287593951109900110e-02
2.504941542174504221e+01 1.205566797620551307e-02
2.575263326771200667e+01 1.128765246429011722e-02
2.647559270567065681e+01 1.056856396560259224e-02
2.721884794575180422e+01 9.895285547494761524e-03
2.798296875655116978e+01 9.264898843887136096e-03
2.876854090190592217e+01 8.674671405434406651e-03
2.957616658993256564e+01 8.122044855558280610e-03
3.040646493467068723e+01 7.604623801009235094e-03
3.126007243068703190e+01 7.120165448889422509e-03
3.213764344100275139e+01 6.666569885131014284e-03
3.303985069871860247e+01 6.241870972291497371e-03
3.396738582272208617e+01 5.844227827211853285e-03
3.492095984787270169e+01 5.471916841597014580e-03
3.590130377007073292e+01 5.123324210931322169e-03
3.690916910662779316e+01 4.796938939345117038e-03
3.794532847236938977e+01 4.491346290111622452e-03
3.901057617190990356e+01 4.205221653384932402e-03
4.010572880855499989e+01 3.937324804598401652e-03
4.123162591029752377e+01 3.686494528636156346e-03
4.238913057338778145e+01 3.451643586475841748e-03
4.357913012397032304e+01 3.231754002485231949e-03
4.480253679829492341e+01 3.025872651945206784e-03
4.606028844202401018e+01 2.833107129672923080e-03
4.735334922917113687e+01 2.652621881837509670e-03
4.868271040122284887e+01 2.483634584201378434e-03
5.004939102700954123e+01 2.325412751088437764e-03
5.145443878390924652e+01 2.177270560380569452e-03
5.289893076098154978e+01 2.038565880780118106e-03
5.438397428464800498e+01 1.908697488452894666e-03
5.591070776755292115e+01 1.787102460987052615e-03
5.748030158125349942e+01 1.673253737371802920e-03
5.909395895340973937e+01 1.566657833419541441e-03
6.075291689016074059e+01 1.466852702728750233e-03
6.245844712439613744e+01 1.373405733915887767e-03
6.421185709064765490e+01 1.285911875435144557e-03
6.601449092734890201e+01 1.203991879857989160e-03
6.786773050723294887e+01 1.127290660002218435e-03
6.977299649665530978e+01 1.055475749785061675e-03
7.173174944465618807e+01 9.882358631288100295e-04
7.374549090259552031e+01 9.252795446724589251e-04
7.581576457522108115e+01 8.663339064407951998e-04
7.794415750404954224e+01 8.111434449949406992e-04
8.013230128396889995e+01 7.594689339372227106e-04
8.238187331399603863e+01 7.110863869698647770e-04
8.469459808314594795e+01 6.657860870128131043e-04
8.707224849239922548e+01 6.233716771723527570e-04
8.951664721378301692e+01 5.836593096202586208e-04
9.202966808760409378e+01 5.464768486942503519e-04
9.461323755890775544e+01 5.116631247655388124e-04
9.726933615426175095e+01 4.790672356393088052e-04
9.999999999999995737e+01 4.485478924600166820e-04
