1.000000000000000048e-04 2.375181828371447921e+02
1.028073223830865281e-04 2.439578893661076791e+02
1.056934553557988362e-04 2.505720264208616186e+02
1.086606113854597351e-04 2.573652959596839196e+02
1.117110650504824041e-04 2.643425029120046474e+02
1.148471547840289439e-04 2.715086244519864067e+02
1.180712846666190141e-04 2.788687832071682919e+02
1.213859262690628250e-04 2.864281841170835605e+02
1.247936205471311189e-04 2.941921747492069699e+02
1.282969797894147957e-04 3.021662982240576412e+02
1.318986896198670199e-04 3.103562241138888567e+02
1.356015110565633925e-04 3.187677283261662069e+02
1.394082826282578376e-04 3.274067741337161692e+02
1.433219225503574155e-04 3.362795139644630353e+02
1.473454309619835539e-04 3.453922279342299362e+02
1.514818922258346051e-04 3.547513484263582200e+02
1.557344772926134557e-04 3.643635047306108277e+02
1.601064461318317826e-04 3.742355009209251762e+02
1.646011502308550778e-04 3.843742963508448724e+02
1.692220351641037391e-04 3.947870273618316332e+02
1.739726432343801689e-04 4.054810162332975096e+02
1.788566161883461665e-04 4.164638117020517711e+02
1.838776980082327715e-04 4.277431843504614335e+02
1.890397377819221208e-04 4.393270289711036867e+02
1.943466926536020897e-04 4.512234247953054478e+02
1.998026308572550618e-04 4.634407732275769831e+02
2.054117348353064979e-04 4.759876896226119811e+02
2.111783044448243749e-04 4.888729009561634484e+02
2.171067602537265953e-04 5.021053694600932431e+02
2.232016469295233991e-04 5.156943356543249593e+02
2.294676367231936914e-04 5.296492953883263226e+02
2.359095330508635614e-04 5.439799932790886032e+02
2.425322741760353111e-04 5.586963456075961858e+02
2.493409369951879494e-04 5.738084998541486357e+02
2.563407409296515377e-04 5.893269729459090058e+02
2.635370519267394326e-04 6.052625366135216609e+02
2.709353865732051759e-04 6.216260978685940017e+02
2.785414163241767813e-04 6.384288727150543536e+02
2.863609718508116210e-04 6.556824530928020067e+02
2.944000475100034728e-04 6.733986961476190345e+02
3.026648059395691654e-04 6.915897179108907267e+02
3.111615827824361444e-04 7.102678912626474812e+02
3.198968915434537695e-04 7.294458760680951173e+02
3.288774285825511105e-04 7.491366719801782210e+02
3.381100782480684795e-04 7.693535838394965367e+02
3.476019181541978613e-04 7.901101761071350893e+02
3.573602246065787046e-04 8.114203962763699565e+02
3.673924781802075296e-04 8.332986314408821045e+02
3.777063694539367416e-04 8.557594775152280135e+02
3.883098049059605528e-04 8.788177382178137123e+02
3.992109129748052884e-04 9.024886192071052164e+02
4.104180502904709654e-04 9.267877231935603959e+02
4.219398080805026588e-04 9.517310482251018584e+02
4.337850187558990231e-04 9.773349256831129424e+02
4.459627626819093779e-04 1.003615919918527993e+03
4.584823751389095932e-04 1.030590987221243495e+03
4.713534534786909978e-04 1.058277533659221945e+03
4.845858644816496185e-04 1.086693265164748482e+03
4.981897519205162042e-04 1.115856191624759958e+03
5.121755443364240474e-04 1.145784801049876478e+03
5.265539630332758715e-04 1.176497982013293040e+03
5.413360302965379654e-04 1.208014741072018523e+03
5.565330778427647921e-04 1.240354477144377142e+03
5.721567555063251324e-04 1.273537266956574058e+03
5.882190401699957617e-04 1.307583478117477398e+03
6.047322449462647380e-04 1.342513593314802165e+03
6.217090286163829381e-04 1.378348564191345758e+03
6.391624053344003523e-04 1.415109834338441487e+03
6.571057546036271476e-04 1.452819120014277814e+03
6.755528315331644270e-04 1.491498473662705692e+03
6.945177773823697038e-04 1.531170433785619934e+03
7.140151304013400355e-04 1.571857847491701250e+03
7.340598369757211656e-04 1.613583581049259692e+03
7.546672630843890076e-04 1.656370963158895165e+03
7.758532060787837713e-04 1.700243969218738584e+03
7.976339067929278130e-04 1.745226797786934867e+03
8.200260619934130737e-04 1.791343824141339610e+03
8.430468371788971344e-04 1.838619753261097685e+03
8.667138797389231696e-04 1.887079618379052818e+03
8.910453324821514341e-04 1.936748726383273834e+03
9.160598475443706154e-04 1.987652633484764920e+03
9.417766006869523988e-04 2.039817031801846497e+03
9.682153059967085751e-04 2.093267973773266476e+03
9.953962309984236857e-04 2.148031956365252427e+03
1.023340212191642049e-03 2.204135364075934376e+03
1.052068671023622922e-03 2.261604437818476072e+03
1.081603630310709867e-03 2.320466049378523621e+03
1.111967731120699519e-03 2.380747442928730379e+03
1.143184250129150028e-03 2.442475385664052737e+03
1.175277117462945366e-03 2.505676667196439666e+03
1.208270935044776636e-03 2.570378555875479833e+03
1.242190995452617476e-03 2.636608146559020042e+03
1.277063301308643990e-03 2.704392009857976518e+03
1.312914585212465604e-03 2.773757887467732417e+03
1.349772330233942573e-03 2.844734289602109584e+03
1.387664790981308705e-03 2.917343419003469080e+03
1.426621015260737648e-03 2.991607807341001262e+03
1.466670866343968349e-03 3.067576808984683339e+03
1.507845045861051347e-03 3.145293071364845673e+03
1.550175117335769997e-03 3.224743245435959125e+03
1.593693530381775150e-03 3.305928238783195411e+03
1.638433645577984637e-03 3.388898408339434354e+03
1.684429760042315850e-03 3.473690560462704980e+03
1.731717133723354026e-03 3.560320716250096211e+03
1.780332016430114135e-03 3.648811585996968461e+03
1.830311675620612021e-03 3.739188813529226991e+03
1.881694424970556086e-03 3.831465594491798583e+03
1.934519653744045872e-03 3.925655938753857754e+03
1.988827856988810081e-03 4.021793712696523016e+03
2.044660666579116784e-03 4.119906687930240878e+03
2.102060883130158625e-03 4.220003021839018402e+03
2.161072508808377368e-03 4.322093632255890952e+03
2.221740781062885202e-03 4.426195136987150363e+03
2.284112207303824749e-03 4.532323733840337809e+03
2.348234600554276272e-03 4.640493515558002400e+03
2.414157116103019234e-03 4.750710051056076736e+03
2.481930289186255051e-03 4.862976594520569051e+03
2.551606073727184613e-03 4.977301787373701700e+03
2.623237882163122550e-03 5.093691608335090677e+03
2.696880626390694112e-03 5.212145451737051189e+03
2.772590759860483686e-03 5.332662167957751990e+03
2.850426320853435488e-03 5.455240590350132152e+03
2.930446976972143555e-03 5.579874546823443779e+03
3.012714070881164757e-03 5.706553779308400408e+03
3.097290667331408388e-03 5.835267189880568367e+03
3.184241601504654226e-03 5.966000840102436086e+03
3.273633528715246682e-03 6.098734962524699768e+03
3.365534975507094694e-03 6.233447142550779972e+03
3.460016392185110562e-03 6.370113748575647151e+03
3.557150206821386215e-03 6.508705668189413700e+03
3.657010880777490907e-03 6.649187640413773806e+03
3.759674965785466966e-03 6.791522360252280123e+03
3.865221162631264206e-03 6.935669568902959327e+03
3.973730381485608698e-03 7.081582369011071023e+03
4.085285803928562741e-03 7.229208397267558212e+03
4.199972946715305709e-03 7.378490031206559252e+03
4.317879727332022029e-03 7.529365083458666049e+03
4.439096531392168997e-03 7.681766924504535382e+03
4.563716281924761094e-03 7.835622521925788533e+03
4.691834510607797992e-03 7.990852014084161056e+03
4.823549431001468782e-03 8.147370968673110838e+03
4.958962013837215146e-03 8.305089725789193835e+03
5.098176064420424994e-03 8.463910110119581077e+03
5.241298302206058926e-03 8.623727163519641181e+03
5.388438442608223244e-03 8.784430280363832935e+03
5.539709281106404079e-03 8.945901885804745689e+03
5.695226779712823234e-03 9.108016026593941206e+03
5.855110155867242032e-03 9.270639092201872700e+03
6.019481973827276768e-03 9.433629547352567897e+03
6.188468238624385796e-03 9.596836587621977742e+03
6.362198492657489789e-03 9.760100758814971414e+03
6.540805914998253610e-03 9.923254525873333478e+03
6.724427423484249239e-03 1.008612265457969625e+04
6.913203779678128193e-03 1.024852132801896551e+04
7.107279696773417810e-03 1.041025548512742171e+04
7.306803950529504668e-03 1.057111522213644093e+04
7.511929493320966197e-03 1.073089391371925558e+04
7.722813571388646714e-03 1.088938663945848020e+04
7.939617845382279313e-03 1.104631562974845292e+04
8.162508514287231468e-03 1.120138873942224745e+04
8.391656442830155299e-03 1.135457844006275809e+04
8.627237292461452031e-03 1.150583530771937330e+04
8.869431656014713575e-03 1.165461975194492516e+04
9.118425196146570655e-03 1.180044480270050371e+04
9.374408787662998066e-03 1.194317396719104363e+04
9.637578663841087079e-03 1.208253314598430734e+04
9.908136566858672528e-03 1.221805859612690801e+04
1.018628990244687879e-02 1.234970527219697942e+04
1.047225189888434729e-02 1.247747313211607434e+04
1.076624177045493527e-02 1.259954017476257650e+04
1.106848488549412070e-02 1.271430034464139862e+04
1.137921293915315074e-02 1.282383842718179585e+04
1.169866413101306943e-02 1.292956618629672448e+04
1.202708334768511945e-02 1.302966056742095134e+04
1.236472235053715993e-02 1.312265821060450617e+04
1.271183996869028332e-02 1.320813990631607521e+04
1.306870229743346996e-02 1.328697380178293133e+04
1.343558290220825575e-02 1.336039601011886407e+04
1.381276302832009847e-02 1.342600451687564237e+04
1.420053181653682141e-02 1.348095020336836387e+04
1.459918652473978819e-02 1.352650947427588653e+04
1.500903275579736421e-02 1.356336639044911863e+04
1.543038469183564444e-02 1.358897732474819168e+04
1.586356533508591002e-02 1.360297690752570270e+04
1.630890675549331870e-02 1.360795745717107457e+04
1.676675034527700184e-02 1.360354039292378729e+04
1.723744708063620554e-02 1.358748366403984073e+04
1.772135779080359283e-02 1.356050155698419621e+04
1.821885343465167589e-02 1.352369142987929990e+04
1.873031538506437013e-02 1.347481565898473309e+04
1.925613572129198509e-02 1.341220558498997343e+04
1.979671752951332395e-02 1.333697630281617967e+04
2.035247521183577296e-02 1.324973908205018051e+04
2.092383480396978190e-02 1.315007787732805809e+04
2.151123430182166549e-02 1.303787552885142395e+04
2.211512399725490061e-02 1.291328337012610427e+04
2.273596682327716154e-02 1.277643531713623452e+04
2.337423870891815886e-02 1.262750014267341612e+04
2.403042894406967958e-02 1.246675314342876300e+04
2.470504055456825693e-02 1.229455289908721352e+04
2.539859068780726467e-02 1.211134184429393645e+04
2.611161100917459149e-02 1.191764692855004614e+04
2.684464810961964890e-02 1.171408009376299015e+04
2.759826392466179640e-02 1.150135164349967999e+04
2.837303616516213128e-02 1.128026526650560299e+04
2.916955876018797328e-02 1.105170714451536514e+04
2.998844231231028931e-02 1.081664439939520344e+04
3.083031456568277942e-02 1.057613160100989080e+04
3.169582088726115993e-02 1.033129451192363558e+04
3.258562476153226140e-02 1.008331853485065039e+04
3.350040829913133317e-02 9.833441565872333740e+03
3.444087275973822804e-02 9.582944075298171811e+03
3.540773908965272332e-02 9.333122218251777667e+03
3.640174847446139839e-02 9.085287162404431001e+03
3.742366290721982347e-02 8.840738350652742156e+03
3.847426577258503816e-02 8.600732432279484783e+03
3.955436244734702317e-02 8.366474398703790939e+03
4.066478091781854792e-02 8.139101889966611452e+03
4.180637241455758407e-02 7.919640409929694215e+03
4.298001206490798670e-02 7.708995231103157494e+03
4.418659956385941057e-02 7.507921469591120513e+03
4.542705986374045990e-02 7.316995273606144110e+03
4.670234388327333674e-02 7.136606983704146842e+03
4.801342923653453137e-02 6.966917369126415906e+03
4.936132098237919208e-02 6.807846794105044864e+03
5.074705239490467923e-02 6.659060578058240935e+03
5.217168575554350513e-02 6.519949183893855661e+03
5.363631316739241039e-02 6.389614967966057520e+03
5.514205739240302800e-02 6.266877114642434208e+03
5.669007271207433807e-02 6.150308181926270663e+03
5.828154581230844677e-02 6.038008064606585322e+03
5.991769669310622465e-02 5.929801323737342500e+03
6.159977960380166873e-02 5.820240753439070431e+03
6.332908400455118658e-02 5.708845970974031843e+03
6.510693555481457395e-02 5.593219969247359586e+03
6.693469712958663442e-02 5.471197563130607705e+03
6.881376986415664587e-02 5.340838521154250884e+03
7.074559422819878818e-02 5.200561057382893523e+03
7.273165113001461846e-02 5.049297000426854538e+03
7.477346305177587360e-02 4.886552532622324179e+03
7.687259521663733497e-02 4.712169108968498222e+03
7.903065678861345700e-02 4.527776011850909526e+03
8.124930210614052239e-02 4.335294401182185538e+03
8.353023195026774983e-02 4.137410785611641586e+03
8.587519484845174134e-02 3.937416063288477744e+03
8.828598841495152727e-02 3.739036416830315375e+03
9.076446072885357985e-02 3.546170234573909511e+03
9.331251175078249249e-02 3.362607405563496741e+03
9.593209477938241525e-02 3.191765690012930008e+03
9.862521794868782388e-02 3.036405330659099491e+03
1.013939457675292477e-01 2.898395014550873384e+03
1.042404007021556500e-01 2.778555823285130373e+03
1.071667648032863795e-01 2.676531027747072585e+03
1.101752813788386687e-01 2.590739031825383336e+03
1.132682567136154145e-01 2.518393433051600823e+03
1.164480618372685794e-01 2.455671069130582055e+03
1.197171343418966943e-01 2.397960270325683268e+03
1.230779802506665743e-01 2.340269997347551453e+03
1.265331759388942934e-01 2.277794054185011646e+03
1.300853701090571579e-01 2.206566043031810750e+03
1.337372858212496074e-01 2.124141071205548997e+03
1.374917225806419896e-01 2.030081117968323952e+03
1.413515584835395023e-01 1.926123894891931968e+03
1.453197524236895799e-01 1.816008112633442352e+03
1.493993463605258198e-01 1.704870300644995723e+03
1.535934676510897212e-01 1.598349628412699076e+03
1.579053314474175851e-01 1.501505510213274192e+03
1.623382431612278298e-01 1.417925445792431219e+03
1.668956009978024568e-01 1.349198732304393388e+03
1.715808985610006165e-01 1.294565092700730929e+03
1.763977275314044801e-01 1.250973600160319393e+03
1.813497804196496366e-01 1.213710072238636940e+03
1.864408533970486059e-01 1.177317939062736514e+03
1.916748492056815356e-01 1.136770526956946469e+03
1.970557801501798822e-01 1.088873637364122033e+03
2.025877711735017406e-01 1.033224909154747820e+03
2.082750630190516594e-01 9.722360399510641855e+02
2.141220154815729193e-01 9.103886319493745987e+02
2.201331107493031680e-01 8.526583991008868679e+02
2.263129568399529223e-01 8.028182370908401708e+02
2.326662911331459360e-01 7.623534925052263134e+02
2.391979840020238557e-01 7.300098162140046725e+02
2.459130425468044889e-01 7.023850920981292347e+02
2.528166144331501219e-01 6.752502214494469399e+02
2.599139918382933900e-01 6.452340041291098487e+02
2.672106155079435608e-01 6.112622700590659406e+02
2.747120789270811603e-01 5.748554773040489181e+02
2.824241326078435477e-01 5.391990838810415880e+02
2.903526884977813416e-01 5.073145425445707133e+02
2.985038245118734057e-01 4.805665694041998677e+02
3.068837891917643446e-01 4.580685608545833816e+02
3.154990064958086982e-01 4.374320462674266992e+02
3.243560807235809640e-01 4.162568816573463550e+02
3.334618015786366407e-01 3.936019830144680896e+02
3.428231493733970847e-01 3.703724431709716782e+02
3.524473003801584237e-01 3.484037737131351946e+02
3.623416323323152555e-01 3.289958393215249544e+02
3.725137300800212548e-01 3.120146227891173680e+02
3.829713914046279921e-01 2.962211141821041451e+02
3.937226329963477989e-01 2.804206773790699572e+02
4.047756965997323930e-01 2.644168467579086155e+02
4.161390553316708374e-01 2.489537934580843341e+02
4.278214201767614466e-01 2.348046044685390541e+02
4.398317466650228380e-01 2.220000600662089880e+02
4.521792417370701922e-01 2.099400788979860693e+02
4.648733708020256206e-01 1.981278282947456262e+02
4.779238649935594330e-01 1.866416510976184782e+02
4.913407286296365140e-01 1.758582238103525981e+02
5.051342468816764075e-01 1.659006809803098292e+02
5.193149936590210070e-01 1.565315189809342939e+02
5.338938397147356962e-01 1.475237334235538356e+02
5.488819609789672427e-01 1.389172750889203485e+02
5.642908471262538805e-01 1.308440012426898704e+02
5.801323103833373462e-01 1.232802990946605064e+02
5.964184945842465613e-01 1.161035580438025363e+02
6.131618844795774237e-01 1.092781112529662124e+02
6.303753153071274262e-01 1.028448997685888457e+02
6.480719826311974741e-01 9.679507357199719308e+01
6.662654524581153037e-01 9.107619537415027366e+01
6.849696716357442927e-01 8.566286955202394893e+01
7.041989785449285222e-01 8.056466477815837379e+01
7.239681140910878554e-01 7.575871076596862963e+01
7.442922330043759693e-01 7.122164074905253983e+01
7.651869154570819509e-01 6.694410895436298858e+01
7.866681790071589075e-01 6.291253921493792234e+01
8.087524908770455934e-01 5.911191728633677656e+01
8.314567805772061782e-01 5.553044550737843110e+01
8.547984528840417706e-01 5.215698929492400993e+01
8.787954011821322853e-01 4.897929136705221254e+01
9.034660211810530139e-01 4.598726157386789737e+01
9.288292250172494047e-01 4.317084912402356878e+01
9.549044557518088228e-01 4.052014400366569902e+01
9.817117022752195332e-01 3.802586216038942979e+01
1.009271514630570854e+00 3.567923028974835375e+01
1.037605019766912440e+00 3.347179827880059122e+01
1.066733937734857918e+00 3.139567738009100850e+01
1.096680598336868151e+00 2.944353676361268768e+01
1.127467958244945612e+00 2.760844156965868379e+01
1.159119618598886126e+00 2.588375828940262124e+01
1.191659843098559213e+00 2.426317924444294505e+01
1.225113576604118126e+00 2.274070162367226189e+01
1.259506464258359104e+00 2.131052507514902317e+01
1.294864871145904983e+00 1.996724102803923273e+01
1.331215902504307769e+00 1.870583545704656458e+01
1.368587424502517580e+00 1.752158160463030256e+01
1.407008085602686087e+00 1.641004559723394607e+01
1.446507338521646480e+00 1.536691735061772413e+01
1.487115462808953126e+00 1.438795461168909462e+01
1.528863588058731571e+00 1.347135753936387026e+01
1.571783717773163280e+00 1.261315307499923932e+01
1.615908753895917815e+00 1.180962126708390869e+01
1.661272522034291654e+00 1.105727914682974777e+01
1.707909797389428608e+00 1.035286563098275003e+01
1.755856331414468618e+00 9.693327386413514546e+00
1.805148879221108116e+00 9.075805595216154487e+00
1.855825227755520057e+00 8.497623562948023235e+00
1.907924224765265908e+00 7.956275116297231165e+00
1.961485808579430667e+00 7.449413739886761476e+00
2.016551038724745393e+00 6.974842405127877676e+00
2.073162127401231736e+00 6.530504047035189608e+00
2.131362471841438122e+00 6.114472647724445764e+00
2.191196687578147895e+00 5.724944887943797411e+00
2.252710642645982198e+00 5.360232330451476734e+00
2.315951492743154372e+00 5.018754101358143593e+00
2.380967717380357840e+00 4.699030037710639540e+00
2.447809157044444017e+00 4.399674271614832932e+00
2.516527051405392790e+00 4.119389223087470242e+00
2.587174078595922744e+00 3.856959975598567514e+00
2.659804395593756698e+00 3.611249009924746733e+00
2.734473679737583041e+00 3.381191273486988447e+00
2.811239171408464355e+00 3.165789563800476270e+00
2.890159717909508874e+00 2.964110206025755812e+00
2.971295818577336600e+00 2.775279005885240124e+00
3.054709671159970164e+00 2.598477460402643935e+00
3.140465219496751281e+00 2.432939210040555800e+00
3.228628202536729219e+00 2.277946716857633280e+00
3.319266204733191561e+00 2.132828154286670941e+00
3.412448707852890450e+00 1.996954495052040146e+00
3.508247144239789783e+00 1.869736784603861501e+00
3.606734951574031900e+00 1.750623588250409091e+00
3.707987629168172372e+00 1.639098600923150073e+00
3.812082795843888317e+00 1.534678409213763084e+00
3.919100249433401739e+00 1.436910395982525346e+00
4.029122027951350660e+00 1.345370778455427185e+00
4.142232472483896366e+00 1.259662771306008899e+00
4.258518291843413017e+00 1.179414866759650016e+00
4.378068629038172510e+00 1.104279224265304782e+00
4.500975129608047354e+00 1.033930162754585380e+00
4.627332011878690032e+00 9.680627489527887652e-01
4.757236139187885904e+00 9.063914756227801073e-01
4.890787094139594338e+00 8.486490240124987539e-01
5.028087254942479767e+00 7.945851051418095778e-01
5.169241873891597727e+00 7.439653749061779786e-01
5.314359158053243881e+00 6.965704182946010903e-01
5.463550352214879169e+00 6.521947983188138842e-01
5.616929824163807261e+00 6.106461655312805936e-01
5.774615152359817039e+00 5.717444242721115844e-01
5.936727216069127344e+00 5.353209520309403224e-01
6.103390288028621491e+00 5.012178685400264788e-01
6.274732129711575013e+00 4.692873514304131133e-01
6.450884089267698407e+00 4.393909954848004285e-01
6.631981202212673843e+00 4.113992127097674811e-01
6.818162294944477786e+00 3.851906706269115355e-01
7.009570091165615580e+00 3.606517663481352276e-01
7.206351321293055889e+00 3.376761341554218032e-01
7.408656834939563396e+00 3.161641844506664079e-01
7.616641716552886798e+00 2.960226720771051423e-01
7.830465404301192756e+00 2.771642921412018068e-01
8.050291812295983007e+00 2.595073015830494656e-01
8.276289456246344045e+00 2.429751648549562937e-01
8.508631582640587609e+00 2.274962221723836608e-01
8.747496301554422260e+00 2.130033788992440613e-01
8.993066723187620681e+00 1.994338147211772161e-01
9.245531098233566780e+00 1.867287113461935655e-01
9.505082962189515428e+00 1.748329975523835178e-01
9.771921283717999174e+00 1.636951104775823118e-01
1.004625061717340628e+01 1.532667721162833119e-01
1.032828125941029640e+01 1.435027800550079113e-01
1.061822941099384643e+01 1.343608115390598767e-01
1.091631734193614811e+01 1.258012400213758819e-01
1.122277356208507015e+01 1.177869633982903119e-01
1.153783299629661485e+01 1.102832431876886177e-01
1.186173716452478821e+01 1.032575539524555192e-01
1.219473436696737778e+01 9.667944231653247122e-02
1.253707987440921379e+01 9.052039496247871186e-02
1.288903612390893194e+01 8.475371503836191811e-02
1.325087291997952832e+01 7.935440643825444895e-02
1.362286764141645712e+01 7.429906545474050661e-02
1.400530545393221082e+01 6.956577933379405609e-02
1.439847952876007753e+01 6.513403129230557753e-02
1.480269126739508501e+01 6.098461158654948366e-02
1.521825053264387861e+01 5.709953424611158290e-02
1.564547588616096618e+01 5.346195911235352566e-02
1.608469483265355748e+01 5.005611884348423746e-02
1.653624407094179460e+01 4.686725056983634397e-02
1.700046975206718614e+01 4.388153190310213614e-02
1.747772774464680978e+01 4.108602102215645063e-02
1.796838390767719673e+01 3.846860057576402536e-02
1.847281437099635681e+01 3.601792515901314912e-02
1.899140582361934904e+01 3.372337213580863663e-02
1.952455581016860364e+01 3.157499559426021202e-02
2.007267303562567662e+01 2.956348323538273565e-02
2.063617767863859598e+01 2.768011600823893498e-02
2.121550171362450854e+01 2.591673031656028386e-02
2.181108924191518383e+01 2.426568263302767564e-02
2.242339683219847757e+01 2.271981636782995084e-02
2.305289387051708516e+01 2.127243084788946539e-02
2.370006292009328064e+01 1.991725227229293460e-02
2.436540009125468131e+01 1.864840651803158916e-02
2.504941542174504221e+01 1.746039367817514565e-02
2.575263326771200667e+01 1.634806422211339955e-02
2.647559270567065681e+01 1.530659667453021858e-02
2.721884794575180422e+01 1.433147671635776575e-02
2.798296875655116978e+01 1.341847761712245714e-02
2.876854090190592217e+01 1.256364191386524776e-02
2.957616658993256564e+01 1.176326425722212278e-02
3.040646493467068723e+01 1.101387535030979963e-02
3.126007243068703190e+01 1.031222691079864730e-02
3.213764344100275139e+01 9.655277590989679373e-03
3.303985069871860247e+01 9.040179794865236748e-03
3.396738582272208617e+01 8.464267334970815987e-03
3.492095984787270169e+01 7.925043875625923870e-03
3.590130377007073292e+01 7.420172112370137553e-03
3.690916910662779316e+01 6.947463640741917933e-03
3.794532847236938977e+01 6.504869470475597645e-03
3.901057617190990356e+01 6.090471143999662967e-03
4.010572880855499989e+01 5.702472420738747758e-03
4.123162591029752377e+01 5.339191491174370349e-03
4.238913057338778145e+01 4.999053686915641385e-03
4.357913012397032304e+01 4.680584655181214623e-03
4.480253679829492341e+01 4.382403968106763151e-03
4.606028844202401018e+01 4.103219139177035311e-03
4.735334922917113687e+01 3.841820020846275791e-03
4.868271040122284887e+01 3.597073559063079361e-03
5.004939102700954123e+01 3.367918881962757727e-03
5.145443878390924652e+01 3.153362701438810946e-03
5.289893076098154978e+01 2.952475007661254421e-03
5.438397428464800498e+01 2.764385037879371794e-03
5.591070776755292115e+01 2.588277502035371113e-03
5.748030158125349942e+01 2.423389048828584157e-03
5.909395895340973937e+01 2.269004956912094081e-03
6.075291689016074059e+01 2.124456036879540481e-03
6.245844712439613744e+01 1.989115730613531981e-03
6.421185709064765490e+01 1.862397395422566229e-03
6.601449092734890201e+01 1.743751761194363599e-03
6.786773050723294887e+01 1.632664549543431194e-03
6.977299649665530978e+01 1.528654244632898307e-03
7.173174944465618807e+01 1.431270006008061998e-03
7.374549090259552031e+01 1.340089714394681036e-03
7.581576457522108115e+01 1.254718141991374106e-03
7.794415750404954224e+01 1.174785239325118772e-03
8.013230128396889995e+01 1.099944531244105399e-03
8.238187331399603863e+01 1.029871615095245699e-03
8.469459808314594795e+01 9.642627545765834187e-04
8.707224849239922548e+01 9.028335631695501859e-04
8.951664721378301692e+01 8.453177714443070329e-04
9.202966808760409378e+01 7.914660728949622030e-04
9.461323755890775544e+01 7.410450433018544699e-04
9.726933615426175095e+01 6.938361289367945932e-04
9.999999999999995737e+01 6.496346992255650973e-04
