1.000000000000000048e-04 4.898682889577523980e+01
1.028073223830865281e-04 5.031507097193443911e+01
1.056934553557988362e-04 5.167928683626154651e+01
1.086606113854597351e-04 5.308045122511492764e+01
1.117110650504824041e-04 5.451957144518263476e+01
1.148471547840289439e-04 5.599766741664874559e+01
1.180712846666190141e-04 5.751578238329497594e+01
1.213859262690628250e-04 5.907500548294922282e+01
1.247936205471311189e-04 6.067645353707606404e+01
1.282969797894147957e-04 6.232125494473591232e+01
1.318986896198670199e-04 6.401057380599786484e+01
1.356015110565633925e-04 6.574561802064744143e+01
1.394082826282578376e-04 6.752761815702872639e+01
1.433219225503574155e-04 6.935782940189704959e+01
1.473454309619835539e-04 7.123755465603808545e+01
1.514818922258346051e-04 7.316813572250765674e+01
1.557344772926134557e-04 7.515093187593734569e+01
1.601064461318317826e-04 7.718733841254623940e+01
1.646011502308550778e-04 7.927880264686997691e+01
1.692220351641037391e-04 8.142680827870090354e+01
1.739726432343801689e-04 8.363287102169785214e+01
1.788566161883461665e-04 8.589854411580658677e+01
1.838776980082327715e-04 8.822542079543963212e+01
1.890397377819221208e-04 9.061514368988856916e+01
1.943466926536020897e-04 9.306940015226476248e+01
1.998026308572550618e-04 9.558990853592159453e+01
2.054117348353064979e-04 9.817843385180749749e+01
2.111783044448243749e-04 1.008368031632647188e+02
2.171067602537265953e-04 1.035668831888019099e+02
2.232016469295233991e-04 1.063705722372867513e+02
2.294676367231936914e-04 1.092498246873936125e+02
2.359095330508635614e-04 1.122066538803479574e+02
2.425322741760353111e-04 1.152431284454996643e+02
2.493409369951879494e-04 1.183613691684345497e+02
2.563407409296515377e-04 1.215635359821440744e+02
2.635370519267394326e-04 1.248518417258931805e+02
2.709353865732051759e-04 1.282285627873818044e+02
2.785414163241767813e-04 1.316960320709354164e+02
2.863609718508116210e-04 1.352566375141443586e+02
2.944000475100034728e-04 1.389128309492533901e+02
3.026648059395691654e-04 1.426671284862053994e+02
3.111615827824361444e-04 1.465220961533476327e+02
3.198968915434537695e-04 1.504803602146482149e+02
3.288774285825511105e-04 1.545446315189164750e+02
3.381100782480684795e-04 1.587176834638998457e+02
3.476019181541978613e-04 1.630023258693732657e+02
3.573602246065787046e-04 1.674014423658282453e+02
3.673924781802075296e-04 1.719180043979461061e+02
3.777063694539367416e-04 1.765550448382306570e+02
3.883098049059605528e-04 1.813156566290132901e+02
3.992109129748052884e-04 1.862029975596050235e+02
4.104180502904709654e-04 1.912203015079492445e+02
4.219398080805026588e-04 1.963709109176457162e+02
4.337850187558990231e-04 2.016582381580114713e+02
4.459627626819093779e-04 2.070857173373886440e+02
4.584823751389095932e-04 2.126568608571910772e+02
4.713534534786909978e-04 2.183752787524329619e+02
4.845858644816496185e-04 2.242446674548575061e+02
4.981897519205162042e-04 2.302688060506000340e+02
5.121755443364240474e-04 2.364515211008166773e+02
5.265539630332758715e-04 2.427967049678903777e+02
5.413360302965379654e-04 2.493083554853565147e+02
5.565330778427647921e-04 2.559905505560587926e+02
5.721567555063251324e-04 2.628474165531650328e+02
5.882190401699957617e-04 2.698831708204477877e+02
6.047322449462647380e-04 2.771021369209561840e+02
6.217090286163829381e-04 2.845086767769373637e+02
6.391624053344003523e-04 2.921071901882038446e+02
6.571057546036271476e-04 2.999022021418539339e+02
6.755528315331644270e-04 3.078983381135845434e+02
6.945177773823697038e-04 3.161002470275643645e+02
7.140151304013400355e-04 3.245126429463148838e+02
7.340598369757211656e-04 3.331403337759741135e+02
7.546672630843890076e-04 3.419882020285123190e+02
7.758532060787837713e-04 3.510611928640475981e+02
7.976339067929278130e-04 3.603642804336264476e+02
8.200260619934130737e-04 3.699024717774743749e+02
8.430468371788971344e-04 3.796809189306725898e+02
8.667138797389231696e-04 3.897048680624221220e+02
8.910453324821514341e-04 3.999794919861214453e+02
9.160598475443706154e-04 4.105100010689595820e+02
9.417766006869523988e-04 4.213017444648745595e+02
9.682153059967085751e-04 4.323601339987585561e+02
9.953962309984236857e-04 4.436906121618497423e+02
1.023340212191642049e-03 4.552985946634179300e+02
1.052068671023622922e-03 4.671894715995391039e+02
1.081603630310709867e-03 4.793687751001444894e+02
1.111967731120699519e-03 4.918421229740737317e+02
1.143184250129150028e-03 5.046150463011395004e+02
1.175277117462945366e-03 5.176930772623736630e+02
1.208270935044776636e-03 5.310818236144059483e+02
1.242190995452617476e-03 5.447868364329419819e+02
1.277063301308643990e-03 5.588135343327833198e+02
1.312914585212465604e-03 5.731676640587763814e+02
1.349772330233942573e-03 5.878552288866585513e+02
1.387664790981308705e-03 6.028809099058120182e+02
1.426621015260737648e-03 6.182493433339144531e+02
1.466670866343968349e-03 6.339701388545505552e+02
1.507845045861051347e-03 6.500517698140769198e+02
1.550175117335769997e-03 6.664926796509032556e+02
1.593693530381775150e-03 6.832938267698094705e+02
1.638433645577984637e-03 7.004649526557941499e+02
1.684429760042315850e-03 7.180133517943322659e+02
1.731717133723354026e-03 7.359425860690006402e+02
1.780332016430114135e-03 7.542574674671152479e+02
1.830311675620612021e-03 7.729633586729192984e+02
1.881694424970556086e-03 7.920633410615795356e+02
1.934519653744045872e-03 8.115605811030339964e+02
1.988827856988810081e-03 8.314616799905559219e+02
2.044660666579116784e-03 8.517721952173199043e+02
2.102060883130158625e-03 8.724943173069608520e+02
2.161072508808377368e-03 8.936305767366351347e+02
2.221740781062885202e-03 9.151843365279376030e+02
2.284112207303824749e-03 9.371589645733880616e+02
2.348234600554276272e-03 9.595574832335863675e+02
2.414157116103019234e-03 9.823812472861964125e+02
2.481930289186255051e-03 1.005631115801096939e+03
2.551606073727184613e-03 1.029308868330673022e+03
2.623237882163122550e-03 1.053415721580118088e+03
2.696880626390694112e-03 1.077951592565678084e+03
2.772590759860483686e-03 1.102916358904036315e+03
2.850426320853435488e-03 1.128309954644997788e+03
2.930446976972143555e-03 1.154131072201820643e+03
3.012714070881164757e-03 1.180377438157737970e+03
3.097290667331408388e-03 1.207046772506907018e+03
3.184241601504654226e-03 1.234136292400852199e+03
3.273633528715246682e-03 1.261642071413379654e+03
3.365534975507094694e-03 1.289559501896344727e+03
3.460016392185110562e-03 1.317883441791368341e+03
3.557150206821386215e-03 1.346607896586902143e+03
3.657010880777490907e-03 1.375725943219925739e+03
3.759674965785466966e-03 1.405229878452078538e+03
3.865221162631264206e-03 1.435111181988826729e+03
3.973730381485608698e-03 1.465360336774022699e+03
4.085285803928562741e-03 1.495966807227739992e+03
4.199972946715305709e-03 1.526918814439744210e+03
4.317879727332022029e-03 1.558203587618676693e+03
4.439096531392168997e-03 1.589807408963210946e+03
4.563716281924761094e-03 1.621715266752887146e+03
4.691834510607797992e-03 1.653910754383489802e+03
4.823549431001468782e-03 1.686376240898078095e+03
4.958962013837215146e-03 1.719092884979092787e+03
5.098176064420424994e-03 1.752040562184439750e+03
5.241298302206058926e-03 1.785197828797336115e+03
5.388438442608223244e-03 1.818541664448289339e+03
5.539709281106404079e-03 1.852047601944195776e+03
5.695226779712823234e-03 1.885689624115032530e+03
5.855110155867242032e-03 1.919440090850165916e+03
6.019481973827276768e-03 1.953269653723908959e+03
6.188468238624385796e-03 1.987147095207390976e+03
6.362198492657489789e-03 2.021039429883102912e+03
6.540805914998253610e-03 2.054911904009262344e+03
6.724427423484249239e-03 2.088728107937006371e+03
6.913203779678128193e-03 2.122449789635435991e+03
7.107279696773417810e-03 2.156036476963241057e+03
7.306803950529504668e-03 2.189444876707132153e+03
7.511929493320966197e-03 2.222632089176820955e+03
7.722813571388646714e-03 2.255555226544496236e+03
7.939617845382279313e-03 2.288156883642196590e+03
8.162508514287231468e-03 2.320376935090224833e+03
8.391656442830155299e-03 2.352208932333613120e+03
8.627237292461452031e-03 2.383641841109576944e+03
8.869431656014713575e-03 2.414564672017794692e+03
9.118425196146570655e-03 2.444877168995109514e+03
9.374408787662998066e-03 2.474550576198282670e+03
9.637578663841087079e-03 2.503527660120957535e+03
9.908136566858672528e-03 2.531712085412015767e+03
1.018628990244687879e-02 2.559094089088759574e+03
1.047225189888434729e-02 2.585673229555741273e+03
1.076624177045493527e-02 2.611072394608461309e+03
1.106848488549412070e-02 2.634959198158925119e+03
1.137921293915315074e-02 2.657764818455837030e+03
1.169866413101306943e-02 2.679780956249487645e+03
1.202708334768511945e-02 2.700629435800056854e+03
1.236472235053715993e-02 2.720007006151423866e+03
1.271183996869028332e-02 2.737827193388503019e+03
1.306870229743346996e-02 2.754269646813049803e+03
1.343558290220825575e-02 2.769589850058185675e+03
1.381276302832009847e-02 2.783289628105817883e+03
1.420053181653682141e-02 2.794778268530186324e+03
1.459918652473978819e-02 2.804320290748141360e+03
1.500903275579736421e-02 2.812057605338194207e+03
1.543038469183564444e-02 2.817463235730149336e+03
1.586356533508591002e-02 2.820460871438476261e+03
1.630890675549331870e-02 2.821586408000050142e+03
1.676675034527700184e-02 2.820761186684201220e+03
1.723744708063620554e-02 2.817521029334922332e+03
1.772135779080359283e-02 2.812013577078174876e+03
1.821885343465167589e-02 2.804465657301984265e+03
1.873031538506437013e-02 2.794413373608608254e+03
1.925613572129198509e-02 2.781510726988444731e+03
1.979671752951332395e-02 2.765988499048968151e+03
2.035247521183577296e-02 2.747973236370345603e+03
2.092383480396978190e-02 2.727378769468260543e+03
2.151123430182166549e-02 2.704180653875086591e+03
2.211512399725490061e-02 2.678409910845503418e+03
2.273596682327716154e-02 2.650093797300878123e+03
2.337423870891815886e-02 2.619267081380381569e+03
2.403042894406967958e-02 2.585987716567762163e+03
2.470504055456825693e-02 2.550329899813807970e+03
2.539859068780726467e-02 2.512383807001132027e+03
2.611161100917459149e-02 2.472259288997405292e+03
2.684464810961964890e-02 2.430084210064002491e+03
2.759826392466179640e-02 2.386005460724305067e+03
2.837303616516213128e-02 2.340189063319912748e+03
2.916955876018797328e-02 2.292819089403242742e+03
2.998844231231028931e-02 2.244097247128807794e+03
3.083031456568277942e-02 2.194241196799311183e+03
3.169582088726115993e-02 2.143484528297583438e+03
3.258562476153226140e-02 2.092073828843691899e+03
3.350040829913133317e-02 2.040265714931035745e+03
3.444087275973822804e-02 1.988325556697126103e+03
3.540773908965272332e-02 1.936523527569410817e+03
3.640174847446139839e-02 1.885131210280196910e+03
3.742366290721982347e-02 1.834416815220970420e+03
3.847426577258503816e-02 1.784643142083667271e+03
3.955436244734702317e-02 1.736060472815217281e+03
4.066478091781854792e-02 1.688903855186850706e+03
4.180637241455758407e-02 1.643387190584547625e+03
4.298001206490798670e-02 1.599697562295236594e+03
4.418659956385941057e-02 1.557992149755840501e+03
4.542705986374045990e-02 1.518391535604052251e+03
4.670234388327333674e-02 1.480975494957004912e+03
4.801342923653453137e-02 1.445778247427807855e+03
4.936132098237919208e-02 1.412783357111225769e+03
5.074705239490467923e-02 1.381921428212374167e+03
5.217168575554350513e-02 1.353066237216775789e+03
5.363631316739241039e-02 1.326031366626631325e+03
5.514205739240302800e-02 1.300571663447002720e+03
5.669007271207433807e-02 1.276391689094734602e+03
5.828154581230844677e-02 1.253096812220587935e+03
5.991769669310622465e-02 1.230650651802455286e+03
6.159977960380166873e-02 1.207922406142130967e+03
6.332908400455118658e-02 1.184812577527849271e+03
6.510693555481457395e-02 1.160824823158957543e+03
6.693469712958663442e-02 1.135507970495615837e+03
6.881376986415664587e-02 1.108460553401655034e+03
7.074559422819878818e-02 1.079353794687479649e+03
7.273165113001461846e-02 1.047966346196906215e+03
7.477346305177587360e-02 1.014195271044327683e+03
7.687259521663733497e-02 9.780079135269165818e+02
7.903065678861345700e-02 9.397425913998097258e+02
8.124930210614052239e-02 8.997980064381963530e+02
8.353023195026774983e-02 8.587312426086360801e+02
8.587519484845174134e-02 8.172256853295983774e+02
8.828598841495152727e-02 7.760547770120365385e+02
9.076446072885357985e-02 7.360278629661987679e+02
9.331251175078249249e-02 6.979312650092923604e+02
9.593209477938241525e-02 6.624746981759403752e+02
9.862521794868782388e-02 6.302308556352403457e+02
1.013939457675292477e-01 6.015880198057827783e+02
1.042404007021556500e-01 5.767163198599251928e+02
1.071667648032863795e-01 5.555420852668213456e+02
1.101752813788386687e-01 5.377367149138485729e+02
1.132682567136154145e-01 5.227223224587074810e+02
1.164480618372685794e-01 5.097049560754677486e+02
1.197171343418966943e-01 4.977278900703463478e+02
1.230779802506665743e-01 4.857547499692800557e+02
1.265331759388942934e-01 4.727882579707548416e+02
1.300853701090571579e-01 4.580049398115643271e+02
1.337372858212496074e-01 4.408975680735188689e+02
1.374917225806419896e-01 4.213748510001203158e+02
1.413515584835395023e-01 3.997978138261693175e+02
1.453197524236895799e-01 3.769422653836839459e+02
1.493993463605258198e-01 3.538745239186544609e+02
1.535934676510897212e-01 3.317649483899325560e+02
1.579053314474175851e-01 3.116637955900681618e+02
1.623382431612278298e-01 2.943158412743209169e+02
1.668956009978024568e-01 2.800507870541241573e+02
1.715808985610006165e-01 2.687109512629544383e+02
1.763977275314044801e-01 2.596631491887993661e+02
1.813497804196496366e-01 2.519287079849167696e+02
1.864408533970486059e-01 2.443751405540515123e+02
1.916748492056815356e-01 2.359590573099426933e+02
1.970557801501798822e-01 2.260173875531552881e+02
2.025877711735017406e-01 2.144666221394111005e+02
2.082750630190516594e-01 2.018073483343097223e+02
2.141220154815729193e-01 1.889698894456649043e+02
2.201331107493031680e-01 1.769869446485383548e+02
2.263129568399529223e-01 1.666417276784449655e+02
2.326662911331459360e-01 1.582425957117052349e+02
2.391979840020238557e-01 1.515290734048390391e+02
2.459130425468044889e-01 1.457950947296084792e+02
2.528166144331501219e-01 1.401627674577937341e+02
2.599139918382933900e-01 1.339323631670507950e+02
2.672106155079435608e-01 1.268808767784851028e+02
2.747120789270811603e-01 1.193239139817900849e+02
2.824241326078435477e-01 1.119227126822034961e+02
2.903526884977813416e-01 1.053044512317124486e+02
2.985038245118734057e-01 9.975236957401548921e+01
3.068837891917643446e-01 9.508244406845764729e+01
3.154990064958086982e-01 9.079891549714412236e+01
3.243560807235809640e-01 8.640356554979561565e+01
3.334618015786366407e-01 8.170104307106576869e+01
3.428231493733970847e-01 7.687927861376373073e+01
3.524473003801584237e-01 7.231919886041382028e+01
3.623416323323152555e-01 6.829067178051742815e+01
3.725137300800212548e-01 6.476583692388950908e+01
3.829713914046279921e-01 6.148756730835921047e+01
3.937226329963477989e-01 5.820783476913186405e+01
4.047756965997323930e-01 5.488588718335108751e+01
4.161390553316708374e-01 5.167618392120557758e+01
4.278214201767614466e-01 4.873919744877702698e+01
4.398317466650228380e-01 4.608132526102721016e+01
4.521792417370701922e-01 4.357800530971786657e+01
4.648733708020256206e-01 4.112610459291902743e+01
4.779238649935594330e-01 3.874188290733466289e+01
4.913407286296365140e-01 3.650353661485556955e+01
5.051342468816764075e-01 3.443661646453112013e+01
5.193149936590210070e-01 3.249184179157260388e+01
5.338938397147356962e-01 3.062206002705488928e+01
5.488819609789672427e-01 2.883559316700933195e+01
5.642908471262538805e-01 2.715979742364337213e+01
5.801323103833373462e-01 2.558977714858395558e+01
5.964184945842465613e-01 2.410007687686696443e+01
6.131618844795774237e-01 2.268329653326732398e+01
6.303753153071274262e-01 2.134792753404959242e+01
6.480719826311974741e-01 2.009214542815389848e+01
6.662654524581153037e-01 1.890505930616706465e+01
6.849696716357442927e-01 1.778139136771535433e+01
7.041989785449285222e-01 1.672314095851280769e+01
7.239681140910878554e-01 1.572554968793659214e+01
7.442922330043759693e-01 1.478377201355153936e+01
7.651869154570819509e-01 1.389586761907026435e+01
7.866681790071589075e-01 1.305901963162961366e+01
8.087524908770455934e-01 1.227011014413797163e+01
8.314567805772061782e-01 1.152669125035288467e+01
8.547984528840417706e-01 1.082645036903620550e+01
8.787954011821322853e-01 1.016684106130085219e+01
9.034660211810530139e-01 9.545775484910278053e+00
9.288292250172494047e-01 8.961162463075247331e+00
9.549044557518088228e-01 8.410943190767714128e+00
9.817117022752195332e-01 7.893194154969426890e+00
1.009271514630570854e+00 7.406095171508412456e+00
1.037605019766912440e+00 6.947889171292644050e+00
1.066733937734857918e+00 6.516939840289514230e+00
1.096680598336868151e+00 6.111725959341418601e+00
1.127467958244945612e+00 5.730807525435695382e+00
1.159119618598886126e+00 5.372807729656905451e+00
1.191659843098559213e+00 5.036417407168499061e+00
1.225113576604118126e+00 4.720390253558974791e+00
1.259506464258359104e+00 4.423522997441561522e+00
1.294864871145904983e+00 4.144691844170100836e+00
1.331215902504307769e+00 3.882856333157071571e+00
1.368587424502517580e+00 3.637035450158320860e+00
1.407008085602686087e+00 3.406308765368483815e+00
1.446507338521646480e+00 3.189782244103855469e+00
1.487115462808953126e+00 2.986574730424264690e+00
1.528863588058731571e+00 2.796312706579338947e+00
1.571783717773163280e+00 2.618171470253574107e+00
1.615908753895917815e+00 2.451378857422243485e+00
1.661272522034291654e+00 2.295211895359465792e+00
1.707909797389428608e+00 2.148993668868945051e+00
1.755856331414468618e+00 2.012090386153881472e+00
1.805148879221108116e+00 1.883908631607872586e+00
1.855825227755520057e+00 1.763892793618873300e+00
1.907924224765265908e+00 1.651522656236865894e+00
1.961485808579430667e+00 1.546311144266182103e+00
2.016551038724745393e+00 1.447802212008440614e+00
2.073162127401231736e+00 1.355568866504725412e+00
2.131362471841438122e+00 1.269211316708634296e+00
2.191196687578147895e+00 1.188355240567668725e+00
2.252710642645982198e+00 1.112650162501529261e+00
2.315951492743154372e+00 1.041767934244393512e+00
2.380967717380357840e+00 9.754013124662977985e-01
2.447809157044444017e+00 9.132626270082339071e-01
2.516527051405392790e+00 8.550825339583486562e-01
2.587174078595922744e+00 8.006088481643717225e-01
2.659804395593756698e+00 7.496054501217352950e-01
2.734473679737583041e+00 7.018512624992184756e-01
2.811239171408464355e+00 6.571392918658073290e-01
2.890159717909508874e+00 6.152757314650774134e-01
2.971295818577336600e+00 5.760791211480194018e-01
3.054709671159970164e+00 5.393795608229849936e-01
3.140465219496751281e+00 5.050179740134060902e-01
3.228628202536729219e+00 4.728454183311295855e-01
3.319266204733191561e+00 4.427224398765770008e-01
3.412448707852890450e+00 4.145184687673340029e-01
3.508247144239789783e+00 3.881112531750527950e-01
3.606734951574031900e+00 3.633863294174657921e-01
3.707987629168172372e+00 3.402365258085923716e-01
3.812082795843888317e+00 3.185614981165469373e-01
3.919100249433401739e+00 2.982672946153623328e-01
4.029122027951350660e+00 2.792659488455184191e-01
4.142232472483896366e+00 2.614750983179731647e-01
4.258518291843413017e+00 2.448176275089433140e-01
4.378068629038172510e+00 2.292213335979760569e-01
4.500975129608047354e+00 2.146186135004319040e-01
4.627332011878690032e+00 2.009461708378023903e-01
4.757236139187885904e+00 1.881447415757067920e-01
4.890787094139594338e+00 1.761588371403306208e-01
5.028087254942479767e+00 1.649365038998271138e-01
5.169241873891597727e+00 1.544290979681397502e-01
5.314359158053243881e+00 1.445910743551191424e-01
5.463550352214879169e+00 1.353797895489930458e-01
5.616929824163807261e+00 1.267553166754706306e-01
5.774615152359817039e+00 1.186802724322772035e-01
5.936727216069127344e+00 1.111196550489564339e-01
6.103390288028621491e+00 1.040406925695675222e-01
6.274732129711575013e+00 9.741270080064846904e-02
6.450884089267698407e+00 9.120695030871327214e-02
6.631981202212673843e+00 8.539654189077484914e-02
6.818162294944477786e+00 7.995628997811343730e-02
7.009570091165615580e+00 7.486261346789715998e-02
7.206351321293055889e+00 7.009343350945723694e-02
7.408656834939563396e+00 6.562807780216690923e-02
7.616641716552886798e+00 6.144719099009684354e-02
7.830465404301192756e+00 5.753265076504754383e-02
8.050291812295983007e+00 5.386748931430218601e-02
8.276289456246344045e+00 5.043581977261014926e-02
8.508631582640587609e+00 4.722276735960338062e-02
8.747496301554422260e+00 4.421440490415599195e-02
8.993066723187620681e+00 4.139769247621393616e-02
9.245531098233566780e+00 3.876042086442493123e-02
9.505082962189515428e+00 3.629115865456924994e-02
9.771921283717999174e+00 3.397920267939940481e-02
1.004625061717340628e+01 3.181453162511071325e-02
1.032828125941029640e+01 2.978776259334699889e-02
1.061822941099384643e+01 2.789011043045695054e-02
1.091631734193614811e+01 2.611334964771123285e-02
1.122277356208507015e+01 2.444977876742124648e-02
1.153783299629661485e+01 2.289218694041565347e-02
1.186173716452478821e+01 2.143382269017600830e-02
1.219473436696737778e+01 2.006836464815110049e-02
1.253707987440921379e+01 1.878989415340048819e-02
1.288903612390893194e+01 1.759286959779860632e-02
1.325087291997952832e+01 1.647210240559728381e-02
1.362286764141645712e+01 1.542273454322854072e-02
1.400530545393221082e+01 1.444021746186260544e-02
1.439847952876007753e+01 1.352029238144631003e-02
1.480269126739508501e+01 1.265897183076192256e-02
1.521825053264387861e+01 1.185252236349059081e-02
1.564547588616096618e+01 1.109744837536218859e-02
1.608469483265355748e+01 1.039047695224596356e-02
1.653624407094179460e+01 9.728543683505175288e-03
1.700046975206718614e+01 9.108779379122770511e-03
1.747772774464680978e+01 8.528497633022736127e-03
1.796838390767719673e+01 7.985183178679567534e-03
1.847281437099635681e+01 7.476480986542486350e-03
1.899140582361934904e+01 7.000186056016638632e-03
1.952455581016860364e+01 6.554233857753863184e-03
2.007267303562567662e+01 6.136691384824670935e-03
2.063617767863859598e+01 5.745748773982115552e-03
2.121550171362450854e+01 5.379711460699470454e-03
2.181108924191518383e+01 5.036992833977205555e-03
2.242339683219847757e+01 4.716107359081103158e-03
2.305289387051708516e+01 4.415664138401587634e-03
2.370006292009328064e+01 4.134360882523440729e-03
2.436540009125468131e+01 3.870978265373104313e-03
2.504941542174504221e+01 3.624374638975655458e-03
2.575263326771200667e+01 3.393481084912211652e-03
2.647559270567065681e+01 3.177296781028025267e-03
2.721884794575180422e+01 2.974884663307975942e-03
2.798296875655116978e+01 2.785367364115600049e-03
2.876854090190592217e+01 2.607923409189698023e-03
2.957616658993256564e+01 2.441783656914186564e-03
3.040646493467068723e+01 2.286227964426973663e-03
3.126007243068703190e+01 2.140582066116922515e-03
3.213764344100275139e+01 2.004214650978543462e-03
3.303985069871860247e+01 1.876534626156040877e-03
3.396738582272208617e+01 1.756988554815374975e-03
3.492095984787270169e+01 1.645058257238640135e-03
3.590130377007073292e+01 1.540258564742558569e-03
3.690916910662779316e+01 1.442135216685311392e-03
3.794532847236938977e+01 1.350262891446153734e-03
3.901057617190990356e+01 1.264243362842979801e-03
4.010572880855499989e+01 1.183703773996713001e-03
4.123162591029752377e+01 1.108295021160483765e-03
4.238913057338778145e+01 1.037690240508203597e-03
4.357913012397032304e+01 9.715833913234279105e-04
4.480253679829492341e+01 9.096879294472566329e-04
4.606028844202401018e+01 8.517355652352458185e-04
4.735334922917113687e+01 7.974751006396256113e-04
4.868271040122284887e+01 7.466713403760822125e-04
5.004939102700954123e+01 6.991040724554916730e-04
5.145443878390924652e+01 6.545671136616575559e-04
5.289893076098154978e+01 6.128674158376198845e-04
5.438397428464800498e+01 5.738242291066753768e-04
5.591070776755292115e+01 5.372683184010420025e-04
5.748030158125349942e+01 5.030412299021645500e-04
5.909395895340973937e+01 4.709946042129991564e-04
6.075291689016074059e+01 4.409895332851824818e-04
6.245844712439613744e+01 4.128959583136468446e-04
6.421185709064765490e+01 3.865921059888182548e-04
6.601449092734890201e+01 3.619639606627993405e-04
6.786773050723294887e+01 3.389047701416078280e-04
6.977299649665530978e+01 3.173145829612985559e-04
7.173174944465618807e+01 2.970998151422629837e-04
7.374549090259552031e+01 2.781728445437773385e-04
7.581576457522108115e+01 2.604516310605036345e-04
7.794415750404954224e+01 2.438593610146628772e-04
8.013230128396889995e+01 2.283241142024764597e-04
8.238187331399603863e+01 2.137785521516678648e-04
8.469459808314594795e+01 2.001596262387588128e-04
8.707224849239922548e+01 1.874083044009757176e-04
8.951664721378301692e+01 1.754693152581825795e-04
9.202966808760409378e+01 1.642909085357221197e-04
9.461323755890775544e+01 1.538246307497021664e-04
9.726933615426175095e+01 1.440251151824224827e-04
9.999999999999995737e+01 1.348498852375774242e-04
