1.000000000000000048e-04 3.670949941935456451e+01
1.028073223830865281e-04 3.770485771092515392e+01
1.056934553557988362e-04 3.872717886007370680e+01
1.086606113854597351e-04 3.977719254868751619e+01
1.117110650504824041e-04 4.085564830046238427e+01
1.148471547840289439e-04 4.196331315928346584e+01
1.180712846666190141e-04 4.310097379241931037e+01
1.213859262690628250e-04 4.426944005118198078e+01
1.247936205471311189e-04 4.546954416831977142e+01
1.282969797894147957e-04 4.670214073649772502e+01
1.318986896198670199e-04 4.796810597938755905e+01
1.356015110565633925e-04 4.926833763079204687e+01
1.394082826282578376e-04 5.060375798241033607e+01
1.433219225503574155e-04 5.197531442267635526e+01
1.473454309619835539e-04 5.338397783381452655e+01
1.514818922258346051e-04 5.483074544004161055e+01
1.557344772926134557e-04 5.631664797005452527e+01
1.601064461318317826e-04 5.784274158304970115e+01
1.646011502308550778e-04 5.941009923256438441e+01
1.692220351641037391e-04 6.101982446454765352e+01
1.739726432343801689e-04 6.267305660780237986e+01
1.788566161883461665e-04 6.437096787488614780e+01
1.838776980082327715e-04 6.611476195658698884e+01
1.890397377819221208e-04 6.790565979448783196e+01
1.943466926536020897e-04 6.974491079360917922e+01
1.998026308572550618e-04 7.163381915680206191e+01
2.054117348353064979e-04 7.357372385400248049e+01
2.111783044448243749e-04 7.556598092344891882e+01
2.171067602537265953e-04 7.761197758369412725e+01
2.232016469295233991e-04 7.971313630477069978e+01
2.294676367231936914e-04 8.187093364912534810e+01
2.359095330508635614e-04 8.408689807581760078e+01
2.425322741760353111e-04 8.636256930684699284e+01
2.493409369951879494e-04 8.869951513275589150e+01
2.563407409296515377e-04 9.109936717885931046e+01
2.635370519267394326e-04 9.356379927504528382e+01
2.709353865732051759e-04 9.609450761399354235e+01
2.785414163241767813e-04 9.869323679542422667e+01
2.863609718508116210e-04 1.013617896820069291e+02
2.944000475100034728e-04 1.041020056584300306e+02
3.026648059395691654e-04 1.069157614725277341e+02
3.111615827824361444e-04 1.098049910578346982e+02
3.198968915434537695e-04 1.127716786954698591e+02
3.288774285825511105e-04 1.158178365831616219e+02
3.381100782480684795e-04 1.189455276549141445e+02
3.476019181541978613e-04 1.221568884501033949e+02
3.573602246065787046e-04 1.254540993862837155e+02
3.673924781802075296e-04 1.288393729335677449e+02
3.777063694539367416e-04 1.323149772122508523e+02
3.883098049059605528e-04 1.358832387118572456e+02
3.992109129748052884e-04 1.395465365907648732e+02
4.104180502904709654e-04 1.433073054846695413e+02
4.219398080805026588e-04 1.471680407809832332e+02
4.337850187558990231e-04 1.511312906046358648e+02
4.459627626819093779e-04 1.551996418152618276e+02
4.584823751389095932e-04 1.593757414665557235e+02
4.713534534786909978e-04 1.636623047764169598e+02
4.845858644816496185e-04 1.680621088913553365e+02
4.981897519205162042e-04 1.725779898740697718e+02
5.121755443364240474e-04 1.772128139556158715e+02
5.265539630332758715e-04 1.819694979874883529e+02
5.413360302965379654e-04 1.868510626711853888e+02
5.565330778427647921e-04 1.918605897061790131e+02
5.721567555063251324e-04 1.970011722769836808e+02
5.882190401699957617e-04 2.022759604899976580e+02
6.047322449462647380e-04 2.076881751310780828e+02
6.217090286163829381e-04 2.132411185017043920e+02
6.391624053344003523e-04 2.189381679193668617e+02
6.571057546036271476e-04 2.247826896985158385e+02
6.755528315331644270e-04 2.307780807555320735e+02
6.945177773823697038e-04 2.369278806134059892e+02
7.140151304013400355e-04 2.432356916353762983e+02
7.340598369757211656e-04 2.497050893500165785e+02
7.546672630843890076e-04 2.563397086153802320e+02
7.758532060787837713e-04 2.631432722515879163e+02
7.976339067929278130e-04 2.701195364193993100e+02
8.200260619934130737e-04 2.772722869316862671e+02
8.430468371788971344e-04 2.846053847395842240e+02
8.667138797389231696e-04 2.921227445917499494e+02
8.910453324821514341e-04 2.998282542932882961e+02
9.160598475443706154e-04 3.077258392743723903e+02
9.417766006869523988e-04 3.158195261997825583e+02
9.682153059967085751e-04 3.241133721187264882e+02
9.953962309984236857e-04 3.326114293814489429e+02
1.023340212191642049e-03 3.413177692309509439e+02
1.052068671023622922e-03 3.502364836660062792e+02
1.081603630310709867e-03 3.593717072058704503e+02
1.111967731120699519e-03 3.687276039331522384e+02
1.143184250129150028e-03 3.783083219865818023e+02
1.175277117462945366e-03 3.881180177508775273e+02
1.208270935044776636e-03 3.981608709642515009e+02
1.242190995452617476e-03 4.084410466241923814e+02
1.277063301308643990e-03 4.189626702044906210e+02
1.312914585212465604e-03 4.297299975175064333e+02
1.349772330233942573e-03 4.407473634231328674e+02
1.387664790981308705e-03 4.520183616287455379e+02
1.426621015260737648e-03 4.635466503610346081e+02
1.466670866343968349e-03 4.753391953660928948e+02
1.507845045861051347e-03 4.874021190354747546e+02
1.550175117335769997e-03 4.997345858375582566e+02
1.593693530381775150e-03 5.123375117359456681e+02
1.638433645577984637e-03 5.252179247035085154e+02
1.684429760042315850e-03 5.383812016273667496e+02
1.731717133723354026e-03 5.518301752572245960e+02
1.780332016430114135e-03 5.655684867940932463e+02
1.830311675620612021e-03 5.796001128679723706e+02
1.881694424970556086e-03 5.939274195022719596e+02
1.934519653744045872e-03 6.085528407016676056e+02
1.988827856988810081e-03 6.234812674985162175e+02
2.044660666579116784e-03 6.387168404002640045e+02
2.102060883130158625e-03 6.542612849711583749e+02
2.161072508808377368e-03 6.701165556870420232e+02
2.221740781062885202e-03 6.862851879300731071e+02
2.284112207303824749e-03 7.027697284280665144e+02
2.348234600554276272e-03 7.195724768755613923e+02
2.414157116103019234e-03 7.366945129417561020e+02
2.481930289186255051e-03 7.541365203951824014e+02
2.551606073727184613e-03 7.718997486599857893e+02
2.623237882163122550e-03 7.899851003520067252e+02
2.696880626390694112e-03 8.083926976647701395e+02
2.772590759860483686e-03 8.271224498624101216e+02
2.850426320853435488e-03 8.461740864957962458e+02
2.930446976972143555e-03 8.655466220686488441e+02
3.012714070881164757e-03 8.852384872785464722e+02
3.097290667331408388e-03 9.052479990072409919e+02
3.184241601504654226e-03 9.255730417159588796e+02
3.273633528715246682e-03 9.462106033966623500e+02
3.365534975507094694e-03 9.671571668895413723e+02
3.460016392185110562e-03 9.884088491869420068e+02
3.557150206821386215e-03 1.009961222176356841e+03
3.657010880777490907e-03 1.031809251054809238e+03
3.759674965785466966e-03 1.053947107403144855e+03
3.865221162631264206e-03 1.076368228282339942e+03
3.973730381485608698e-03 1.099065490936884316e+03
4.085285803928562741e-03 1.122031081398376728e+03
4.199972946715305709e-03 1.145256237213568511e+03
4.317879727332022029e-03 1.168731406897835768e+03
4.439096531392168997e-03 1.192446245775057605e+03
4.563716281924761094e-03 1.216389517089935680e+03
4.691834510607797992e-03 1.240549033046728482e+03
4.823549431001468782e-03 1.264911556047877639e+03
4.958962013837215146e-03 1.289462868485550189e+03
5.098176064420424994e-03 1.314187956164860680e+03
5.241298302206058926e-03 1.339070820441459773e+03
5.388438442608223244e-03 1.364094050580104067e+03
5.539709281106404079e-03 1.389239138323984434e+03
5.695226779712823234e-03 1.414486502863997430e+03
5.855110155867242032e-03 1.439815465254784840e+03
6.019481973827276768e-03 1.465204184041981762e+03
6.188468238624385796e-03 1.490629250331259300e+03
6.362198492657489789e-03 1.516065827035058646e+03
6.540805914998253610e-03 1.541487896363332993e+03
6.724427423484249239e-03 1.566868212276830036e+03
6.913203779678128193e-03 1.592177973519787656e+03
7.107279696773417810e-03 1.617386711689778394e+03
7.306803950529504668e-03 1.642461926899394712e+03
7.511929493320966197e-03 1.667371508217368046e+03
7.722813571388646714e-03 1.692083433709058454e+03
7.939617845382279313e-03 1.716554506439570332e+03
8.162508514287231468e-03 1.740739305365332029e+03
8.391656442830155299e-03 1.764632868466166656e+03
8.627237292461452031e-03 1.788227007285549689e+03
8.869431656014713575e-03 1.811439026016579191e+03
9.118425196146570655e-03 1.834193896951640227e+03
9.374408787662998066e-03 1.856469213799906129e+03
9.637578663841087079e-03 1.878221773965038665e+03
9.908136566858672528e-03 1.899379862330566311e+03
1.018628990244687879e-02 1.919936270093046005e+03
1.047225189888434729e-02 1.939890481420404285e+03
1.076624177045493527e-02 1.958959773887974507e+03
1.106848488549412070e-02 1.976894906621107566e+03
1.137921293915315074e-02 1.994018634256449786e+03
1.169866413101306943e-02 2.010549382880088842e+03
1.202708334768511945e-02 2.026204062709541859e+03
1.236472235053715993e-02 2.040755440020439892e+03
1.271183996869028332e-02 2.054138325478432762e+03
1.306870229743346996e-02 2.066487276924271555e+03
1.343558290220825575e-02 2.077993871555108853e+03
1.381276302832009847e-02 2.088284454089166502e+03
1.420053181653682141e-02 2.096915958268672057e+03
1.459918652473978819e-02 2.104086733940513113e+03
1.500903275579736421e-02 2.109903217863964073e+03
1.543038469183564444e-02 2.113970256013030394e+03
1.586356533508591002e-02 2.116230596926877297e+03
1.630890675549331870e-02 2.117086029507341664e+03
1.676675034527700184e-02 2.116477495616580654e+03
1.723744708063620554e-02 2.114056820562925623e+03
1.772135779080359283e-02 2.109934527560901643e+03
1.821885343465167589e-02 2.104280601860740717e+03
1.873031538506437013e-02 2.096747491997428824e+03
1.925613572129198509e-02 2.087075829139640518e+03
1.979671752951332395e-02 2.075438104619222941e+03
2.035247521183577296e-02 2.061929066819218860e+03
2.092383480396978190e-02 2.046484525839701291e+03
2.151123430182166549e-02 2.029086088694209138e+03
2.211512399725490061e-02 2.009756667034545444e+03
2.273596682327716154e-02 1.988516958971358235e+03
2.337423870891815886e-02 1.965393325980008058e+03
2.403042894406967958e-02 1.940428774261182753e+03
2.470504055456825693e-02 1.913678907182115154e+03
2.539859068780726467e-02 1.885211975428334199e+03
2.611161100917459149e-02 1.855110206311047250e+03
2.684464810961964890e-02 1.823469107248390628e+03
2.759826392466179640e-02 1.790398853248020714e+03
2.837303616516213128e-02 1.756024599277308880e+03
2.916955876018797328e-02 1.720484460432975084e+03
2.998844231231028931e-02 1.683928976529134161e+03
3.083031456568277942e-02 1.646522375574302487e+03
3.169582088726115993e-02 1.608439585484663439e+03
3.258562476153226140e-02 1.569865332250822803e+03
3.350040829913133317e-02 1.530992976038319057e+03
3.444087275973822804e-02 1.492021444634501677e+03
3.540773908965272332e-02 1.453152590114473696e+03
3.640174847446139839e-02 1.414591212187425299e+03
3.742366290721982347e-02 1.376538628676370081e+03
3.847426577258503816e-02 1.339191235643214895e+03
3.955436244734702317e-02 1.302737515266194123e+03
4.066478091781854792e-02 1.267353590304588579e+03
4.180637241455758407e-02 1.233200150605533963e+03
4.298001206490798670e-02 1.200417281218985636e+03
4.418659956385941057e-02 1.169123486579789187e+03
4.542705986374045990e-02 1.139408742881959597e+03
4.670234388327333674e-02 1.111333348010635063e+03
4.801342923653453137e-02 1.084922626666806309e+03
4.936132098237919208e-02 1.060164484854586135e+03
5.074705239490467923e-02 1.037006890331609839e+03
5.217168575554350513e-02 1.015354905590307567e+03
5.363631316739241039e-02 9.950688228214729634e+02
5.514205739240302800e-02 9.759649481779035796e+02
5.669007271207433807e-02 9.578210873596734700e+02
5.828154581230844677e-02 9.403411749776910256e+02
5.991769669310622465e-02 9.234981556801095621e+02
6.159977960380166873e-02 9.064435200514493545e+02
6.332908400455118658e-02 8.891025094488006744e+02
6.510693555481457395e-02 8.711023065522197157e+02
6.693469712958663442e-02 8.521048652579071359e+02
6.881376986415664587e-02 8.318088037276955902e+02
7.074559422819878818e-02 8.099671603550348209e+02
7.273165113001461846e-02 7.864140358460326752e+02
7.477346305177587360e-02 7.610721825640855513e+02
7.687259521663733497e-02 7.339169937087075368e+02
7.903065678861345700e-02 7.052024061060551503e+02
8.124930210614052239e-02 6.752274619637563546e+02
8.353023195026774983e-02 6.444104819096379515e+02
8.587519484845174134e-02 6.132641410220491025e+02
8.828598841495152727e-02 5.823689239561347222e+02
9.076446072885357985e-02 5.523321360398638262e+02
9.331251175078249249e-02 5.237439106921864322e+02
9.593209477938241525e-02 4.971367627062270458e+02
9.862521794868782388e-02 4.729404122892949545e+02
1.013939457675292477e-01 4.514462399582704961e+02
1.042404007021556500e-01 4.327822544558665072e+02
1.071667648032863795e-01 4.168926404888797492e+02
1.101752813788386687e-01 4.035311827680400256e+02
1.132682567136154145e-01 3.922641179619843115e+02
1.164480618372685794e-01 3.824957286825242591e+02
1.197171343418966943e-01 3.735078708442597417e+02
1.230779802506665743e-01 3.645230167020479257e+02
1.265331759388942934e-01 3.547927407316822723e+02
1.300853701090571579e-01 3.436990774505597415e+02
1.337372858212496074e-01 3.308613160711173009e+02
1.374917225806419896e-01 3.162111179040838351e+02
1.413515584835395023e-01 3.000191005109377329e+02
1.453197524236895799e-01 2.828677717826247431e+02
1.493993463605258198e-01 2.655572051479814490e+02
1.535934676510897212e-01 2.489656171796030435e+02
1.579053314474175851e-01 2.338811873186369894e+02
1.623382431612278298e-01 2.208628375248130737e+02
1.668956009978024568e-01 2.101579570736779203e+02
1.715808985610006165e-01 2.016482806211263323e+02
1.763977275314044801e-01 1.948585714620888041e+02
1.813497804196496366e-01 1.890544877440408129e+02
1.864408533970486059e-01 1.833860976205175177e+02
1.916748492056815356e-01 1.770704339810527586e+02
1.970557801501798822e-01 1.696099367784388221e+02
2.025877711735017406e-01 1.609419250782717654e+02
2.082750630190516594e-01 1.514420836281645393e+02
2.141220154815729193e-01 1.418084844266041671e+02
2.201331107493031680e-01 1.328161608116314483e+02
2.263129568399529223e-01 1.250528182949242932e+02
2.326662911331459360e-01 1.187498585062724885e+02
2.391979840020238557e-01 1.137118605311644473e+02
2.459130425468044889e-01 1.094089209226650325e+02
2.528166144331501219e-01 1.051822655492453862e+02
2.599139918382933900e-01 1.005067952264642486e+02
2.672106155079435608e-01 9.521515221873815449e+01
2.747120789270811603e-01 8.954418531604180487e+01
2.824241326078435477e-01 8.399012485800491845e+01
2.903526884977813416e-01 7.902358676836566076e+01
2.985038245118734057e-01 7.485714117548825186e+01
3.068837891917643446e-01 7.135268681166284921e+01
3.154990064958086982e-01 6.813821496881018902e+01
3.243560807235809640e-01 6.483980555184491834e+01
3.334618015786366407e-01 6.131091081513601893e+01
3.428231493733970847e-01 5.769251159035785292e+01
3.524473003801584237e-01 5.427049463496157244e+01
3.623416323323152555e-01 5.124736950910417477e+01
3.725137300800212548e-01 4.860222772890410425e+01
3.829713914046279921e-01 4.614211474865297191e+01
3.937226329963477989e-01 4.368090595893578154e+01
4.047756965997323930e-01 4.118801873236458277e+01
4.161390553316708374e-01 3.877936520905308271e+01
4.278214201767614466e-01 3.657535967296717416e+01
4.398317466650228380e-01 3.458082141896024098e+01
4.521792417370701922e-01 3.270225223859959129e+01
4.648733708020256206e-01 3.086226992727651464e+01
4.779238649935594330e-01 2.907308470893595143e+01
4.913407286296365140e-01 2.739335810408709548e+01
5.051342468816764075e-01 2.584227605946538375e+01
5.193149936590210070e-01 2.438286136234421875e+01
5.338938397147356962e-01 2.297972023838243061e+01
5.488819609789672427e-01 2.163910300394036668e+01
5.642908471262538805e-01 2.038153596470013440e+01
5.801323103833373462e-01 1.920334377870116072e+01
5.964184945842465613e-01 1.808542541176930740e+01
6.131618844795774237e-01 1.702223185990270693e+01
6.303753153071274262e-01 1.602013234373633210e+01
6.480719826311974741e-01 1.507775604200461395e+01
6.662654524581153037e-01 1.418693345560096120e+01
6.849696716357442927e-01 1.334369485012315337e+01
7.041989785449285222e-01 1.254955395696246256e+01
7.239681140910878554e-01 1.180093264019392940e+01
7.442922330043759693e-01 1.109419278795102670e+01
7.651869154570819509e-01 1.042788221969005136e+01
7.866681790071589075e-01 9.799885176472271198e+00
8.087524908770455934e-01 9.207863402621111248e+00
8.314567805772061782e-01 8.649980090707900970e+00
8.547984528840417706e-01 8.124498176859725973e+00
8.787954011821322853e-01 7.629506842133556788e+00
9.034660211810530139e-01 7.163440552776668468e+00
9.288292250172494047e-01 6.724729916647573802e+00
9.549044557518088228e-01 6.311828999210051805e+00
9.817117022752195332e-01 5.923294291167673364e+00
1.009271514630570854e+00 5.557760539160372382e+00
1.037605019766912440e+00 5.213909029112548943e+00
1.066733937734857918e+00 4.890510826813137868e+00
1.096680598336868151e+00 4.586425712607651306e+00
1.127467958244945612e+00 4.300573579763717902e+00
1.159119618598886126e+00 4.031919555076900252e+00
1.191659843098559213e+00 3.779481223909463061e+00
1.225113576604118126e+00 3.542325366799602637e+00
1.259506464258359104e+00 3.319547060681393269e+00
1.294864871145904983e+00 3.110303742829476636e+00
1.331215902504307769e+00 2.913814632861543963e+00
1.368587424502517580e+00 2.729343142049840409e+00
1.407008085602686087e+00 2.556198678498379007e+00
1.446507338521646480e+00 2.393710556847229665e+00
1.487115462808953126e+00 2.241217552495255116e+00
1.528863588058731571e+00 2.098439221586054337e+00
1.571783717773163280e+00 1.964756684056894409e+00
1.615908753895917815e+00 1.839590486032067540e+00
1.661272522034291654e+00 1.722398088150086659e+00
1.707909797389428608e+00 1.612671513898750630e+00
1.755856331414468618e+00 1.509935147764671415e+00
1.805148879221108116e+00 1.413743673653220290e+00
1.855825227755520057e+00 1.323680144642876311e+00
1.907924224765265908e+00 1.239354175707221728e+00
1.961485808579430667e+00 1.160400251570845365e+00
2.016551038724745393e+00 1.086476142364471098e+00
2.073162127401231736e+00 1.017261420211881262e+00
2.131362471841438122e+00 9.524560703187087141e-01
2.191196687578147895e+00 8.917791905427862043e-01
2.252710642645982198e+00 8.349677738092798895e-01
2.315951492743154372e+00 7.817755680929131534e-01
2.380967717380357840e+00 7.319720090258221568e-01
2.447809157044444017e+00 6.853412205043751815e-01
2.516527051405392790e+00 6.416810789630305045e-01
2.587174078595922744e+00 6.008023372592840028e-01
2.659804395593756698e+00 5.625278043721384513e-01
2.734473679737583041e+00 5.266915773584553984e-01
2.811239171408464355e+00 4.931383222380631981e-01
2.890159717909508874e+00 4.617226006905836844e-01
2.971295818577336600e+00 4.323082396455077969e-01
3.054709671159970164e+00 4.047677410329746928e-01
3.140465219496751281e+00 3.789817291367922891e-01
3.228628202536729219e+00 3.548384331542178693e-01
3.319266204733191561e+00 3.322332027196313042e-01
3.412448707852890450e+00 3.110680542921104852e-01
3.508247144239789783e+00 2.912512464407029933e-01
3.606734951574031900e+00 2.726968821864474979e-01
3.707987629168172372e+00 2.553245366774739011e-01
3.812082795843888317e+00 2.390589085833213223e-01
3.919100249433401739e+00 2.238294936974257188e-01
4.029122027951350660e+00 2.095702793329881353e-01
4.142232472483896366e+00 1.962194581875686683e-01
4.258518291843413017e+00 1.837191604361355923e-01
4.378068629038172510e+00 1.720152028913150277e-01
4.500975129608047354e+00 1.610568541435615508e-01
4.627332011878690032e+00 1.507966146632387650e-01
4.757236139187885904e+00 1.411900109114502810e-01
4.890787094139594338e+00 1.321954025671845112e-01
5.028087254942479767e+00 1.237738020351886598e-01
5.169241873891597727e+00 1.158887054522198673e-01
5.314359158053243881e+00 1.085059344591611935e-01
5.463550352214879169e+00 1.015934880531557394e-01
5.616929824163807261e+00 9.512140387760396887e-02
5.774615152359817039e+00 8.906162834877877355e-02
5.936727216069127344e+00 8.338789505611525488e-02
6.103390288028621491e+00 7.807561090909516388e-02
6.274732129711575013e+00 7.310174953722353708e-02
6.450884089267698407e+00 6.844475148103447426e-02
6.631981202212673843e+00 6.408443074149849927e-02
6.818162294944477786e+00 6.000188728276534267e-02
7.009570091165615580e+00 5.617942510898074615e-02
7.206351321293055889e+00 5.260047556007670794e-02
7.408656834939563396e+00 4.924952549405724189e-02
7.616641716552886798e+00 4.611205004448171163e-02
7.830465404301192756e+00 4.317444966167970771e-02
8.050291812295983007e+00 4.042399116479936799e-02
8.276289456246344045e+00 3.784875254917615534e-02
8.508631582640587609e+00 3.543757130978678060e-02
8.747496301554422260e+00 3.317999605679364944e-02
8.993066723187620681e+00 3.106624121345481077e-02
9.245531098233566780e+00 2.908714460003531191e-02
9.505082962189515428e+00 2.723412771986503944e-02
9.771921283717999174e+00 2.549915857540107147e-02
1.004625061717340628e+01 2.387471685311873260e-02
1.032828125941029640e+01 2.235376132632353741e-02
1.061822941099384643e+01 2.092969933458975473e-02
1.091631734193614811e+01 1.959635820753267629e-02
1.122277356208507015e+01 1.834795850904947720e-02
1.153783299629661485e+01 1.717908898605438606e-02
1.186173716452478821e+01 1.608468311312221538e-02
1.219473436696737778e+01 1.505999713137173845e-02
1.253707987440921379e+01 1.410058948639740690e-02
1.288903612390893194e+01 1.320230157612194664e-02
1.325087291997952832e+01 1.236123972512049793e-02
1.362286764141645712e+01 1.157375830728301497e-02
1.400530545393221082e+01 1.083644394365928902e-02
1.439847952876007753e+01 1.014610070699125365e-02
1.480269126739508501e+01 9.499736268800936315e-03
1.521825053264387861e+01 8.894548928987852307e-03
1.564547588616096618e+01 8.327915471714948323e-03
1.608469483265355748e+01 7.797379794943833965e-03
1.653624407094179460e+01 7.300642264333421887e-03
1.700046975206718614e+01 6.835549745355883576e-03
1.747772774464680978e+01 6.400086270423637619e-03
1.796838390767719673e+01 5.992364300573541774e-03
1.847281437099635681e+01 5.610616543831581024e-03
1.899140582361934904e+01 5.253188294794380528e-03
1.952455581016860364e+01 4.918530262223005413e-03
2.007267303562567662e+01 4.605191853559940408e-03
2.063617767863859598e+01 4.311814887260579862e-03
2.121550171362450854e+01 4.037127705685059596e-03
2.181108924191518383e+01 3.779939663032415385e-03
2.242339683219847757e+01 3.539135964424760215e-03
2.305289387051708516e+01 3.313672833771198929e-03
2.370006292009328064e+01 3.102572989466363500e-03
2.436540009125468131e+01 2.904921408312724322e-03
2.504941542174504221e+01 2.719861359305200243e-03
2.575263326771200667e+01 2.546590690086287644e-03
2.647559270567065681e+01 2.384358349975164350e-03
2.721884794575180422e+01 2.232461134499652989e-03
2.798296875655116978e+01 2.090240637320053222e-03
2.876854090190592217e+01 1.957080396332795073e-03
2.957616658993256564e+01 1.832403221583556001e-03
3.040646493467068723e+01 1.715668693407538040e-03
3.126007243068703190e+01 1.606370819952473083e-03
3.213764344100275139e+01 1.504035843930753760e-03
3.303985069871860247e+01 1.408220189093962234e-03
3.396738582272208617e+01 1.318508537528668414e-03
3.492095984787270169e+01 1.234512029439446433e-03
3.590130377007073292e+01 1.155866577615970430e-03
3.690916910662779316e+01 1.082231289278165346e-03
3.794532847236938977e+01 1.013286988458811507e-03
3.901057617190990356e+01 9.487348325188022825e-04
4.010572880855499989e+01 8.882950167982614498e-04
4.123162591029752377e+01 8.317055617887684658e-04
4.238913057338778145e+01 7.787211775696240576e-04
4.357913012397032304e+01 7.291122005859967817e-04
4.480253679829492341e+01 6.826635981603635999e-04
4.606028844202401018e+01 6.391740364222411484e-04
4.735334922917113687e+01 5.984550076161086057e-04
4.868271040122284887e+01 5.603300130047870770e-04
5.004939102700954123e+01 5.246337978265314464e-04
5.145443878390924652e+01 4.912116349897151842e-04
5.289893076098154978e+01 4.599186544002461467e-04
5.438397428464800498e+01 4.306192150146484249e-04
5.591070776755292115e+01 4.031863168969402060e-04
5.748030158125349942e+01 3.775010507308413786e-04
5.909395895340973937e+01 3.534520824011891469e-04
6.075291689016074059e+01 3.309351704104555240e-04
6.245844712439613744e+01 3.098527140385827646e-04
6.421185709064765490e+01 2.901133302876123020e-04
6.601449092734890201e+01 2.716314577773519838e-04
6.786773050723294887e+01 2.543269858751467417e-04
6.977299649665530978e+01 2.381249074521962707e-04
7.173174944465618807e+01 2.229549937612742595e-04
7.374549090259552031e+01 2.087514900265901002e-04
7.581576457522108115e+01 1.954528304263109797e-04
7.794415750404954224e+01 1.830013712323214591e-04
8.013230128396889995e+01 1.713431409505018017e-04
8.238187331399603863e+01 1.604276063784940620e-04
8.469459808314594795e+01 1.502074535669217260e-04
8.707224849239922548e+01 1.406383827346283370e-04
8.951664721378301692e+01 1.316789162489837570e-04
9.202966808760409378e+01 1.232902188389396660e-04
9.461323755890775544e+01 1.154359292615376819e-04
9.726933615426175095e+01 1.080820026922204967e-04
9.999999999999995737e+01 1.011965631557783289e-04
