1.000000000000000048e-04 1.093914789061921908e+02
1.028073223830865281e-04 1.123574459042954743e+02
1.056934553557988362e-04 1.154037573935000864e+02
1.086606113854597351e-04 1.185325752824389127e+02
1.117110650504824041e-04 1.217461123359919952e+02
1.148471547840289439e-04 1.250466648743831257e+02
1.180712846666190141e-04 1.284365976469005943e+02
1.213859262690628250e-04 1.319183090250467671e+02
1.247936205471311189e-04 1.354942626716083680e+02
1.282969797894147957e-04 1.391670146328880264e+02
1.318986896198670199e-04 1.429391798794339365e+02
1.356015110565633925e-04 1.468134224341024776e+02
1.394082826282578376e-04 1.507924868868816759e+02
1.433219225503574155e-04 1.548792003711323559e+02
1.473454309619835539e-04 1.590764566267599207e+02
1.514818922258346051e-04 1.633872228441698837e+02
1.557344772926134557e-04 1.678145515733542368e+02
1.601064461318317826e-04 1.723615798966202703e+02
1.646011502308550778e-04 1.770315315143750752e+02
1.692220351641037391e-04 1.818276987443422001e+02
1.739726432343801689e-04 1.867534355021398653e+02
1.788566161883461665e-04 1.918122189690346886e+02
1.838776980082327715e-04 1.970076482481514404e+02
1.890397377819221208e-04 2.023433748582394003e+02
1.943466926536020897e-04 2.078231259317194315e+02
1.998026308572550618e-04 2.134507449595919013e+02
2.054117348353064979e-04 2.192301852174968531e+02
2.111783044448243749e-04 2.251655120774472323e+02
2.171067602537265953e-04 2.312608822013177701e+02
2.232016469295233991e-04 2.375205342425168169e+02
2.294676367231936914e-04 2.439488188138270175e+02
2.359095330508635614e-04 2.505502065292321277e+02
2.425322741760353111e-04 2.573293134514780718e+02
2.493409369951879494e-04 2.642908822383732286e+02
2.563407409296515377e-04 2.714397286070969244e+02
2.635370519267394326e-04 2.787807812764338564e+02
2.709353865732051759e-04 2.863191098921209914e+02
2.785414163241767813e-04 2.940599083034938985e+02
2.863609718508116210e-04 3.020084902059820138e+02
2.944000475100034728e-04 3.101703042024076353e+02
3.026648059395691654e-04 3.185509399938939055e+02
3.111615827824361444e-04 3.271561470907184344e+02
3.198968915434537695e-04 3.359918168475593916e+02
3.288774285825511105e-04 3.450639177588659550e+02
3.381100782480684795e-04 3.543785578370661256e+02
3.476019181541978613e-04 3.639420389456567477e+02
3.573602246065787046e-04 3.737608208270068531e+02
3.673924781802075296e-04 3.838415116330090768e+02
3.777063694539367416e-04 3.941908380320128913e+02
3.883098049059605528e-04 4.048156502307406868e+02
3.992109129748052884e-04 4.157229836956807389e+02
4.104180502904709654e-04 4.269200622694654044e+02
4.219398080805026588e-04 4.384143202085817279e+02
4.337850187558990231e-04 4.502133140561301730e+02
4.459627626819093779e-04 4.623245852046449613e+02
4.584823751389095932e-04 4.747559358758146004e+02
4.713534534786909978e-04 4.875155495518678208e+02
4.845858644816496185e-04 5.006116313526657677e+02
4.981897519205162042e-04 5.140523966328225924e+02
5.121755443364240474e-04 5.278463656641038142e+02
5.265539630332758715e-04 5.420023077519175558e+02
5.413360302965379654e-04 5.565290967538600171e+02
5.565330778427647921e-04 5.714357417597966560e+02
5.721567555063251324e-04 5.867313696863360519e+02
5.882190401699957617e-04 6.024253293009986692e+02
6.047322449462647380e-04 6.185272386530168660e+02
6.217090286163829381e-04 6.350468026705758575e+02
6.391624053344003523e-04 6.519938034744127435e+02
6.571057546036271476e-04 6.693782466610649635e+02
6.755528315331644270e-04 6.872103459904825513e+02
6.945177773823697038e-04 7.055004771158702397e+02
7.140151304013400355e-04 7.242591766060789951e+02
7.340598369757211656e-04 7.434971155426394489e+02
7.546672630843890076e-04 7.632251091084168593e+02
7.758532060787837713e-04 7.834541022552814411e+02
7.976339067929278130e-04 8.041951799348610166e+02
8.200260619934130737e-04 8.254595660290980277e+02
8.430468371788971344e-04 8.472586307189992567e+02
8.667138797389231696e-04 8.696039005717899499e+02
8.910453324821514341e-04 8.925070892994214091e+02
9.160598475443706154e-04 9.159800126276666106e+02
9.417766006869523988e-04 9.400344374302129609e+02
9.682153059967085751e-04 9.646822876057365193e+02
9.953962309984236857e-04 9.899357213566808014e+02
1.023340212191642049e-03 1.015806896523043861e+03
1.052068671023622922e-03 1.042307955032877771e+03
1.081603630310709867e-03 1.069451293854469441e+03
1.111967731120699519e-03 1.097249460190369518e+03
1.143184250129150028e-03 1.125714799751175178e+03
1.175277117462945366e-03 1.154859664151763127e+03
1.208270935044776636e-03 1.184696590356247043e+03
1.242190995452617476e-03 1.215238057429181254e+03
1.277063301308643990e-03 1.246496357862539980e+03
1.312914585212465604e-03 1.278484318805181829e+03
1.349772330233942573e-03 1.311215116312717782e+03
1.387664790981308705e-03 1.344699093407093187e+03
1.426621015260737648e-03 1.378946707976161633e+03
1.466670866343968349e-03 1.413980273832079092e+03
1.507845045861051347e-03 1.449819230397869660e+03
1.550175117335769997e-03 1.486458554306296719e+03
1.593693530381775150e-03 1.523899322916478468e+03
1.638433645577984637e-03 1.562163978104524404e+03
1.684429760042315850e-03 1.601269148536769308e+03
1.731717133723354026e-03 1.641222546613083296e+03
1.780332016430114135e-03 1.682034964941782164e+03
1.830311675620612021e-03 1.723718478175231439e+03
1.881694424970556086e-03 1.766279110652522149e+03
1.934519653744045872e-03 1.809723134169964396e+03
1.988827856988810081e-03 1.854065961444508730e+03
2.044660666579116784e-03 1.899320473668255772e+03
2.102060883130158625e-03 1.945491034560437583e+03
2.161072508808377368e-03 1.992582777961134752e+03
2.221740781062885202e-03 2.040602881349148902e+03
2.284112207303824749e-03 2.089559051093598100e+03
2.348234600554276272e-03 2.139458452031874458e+03
2.414157116103019234e-03 2.190303775298718847e+03
2.481930289186255051e-03 2.242096405838981809e+03
2.551606073727184613e-03 2.294840131512645712e+03
2.623237882163122550e-03 2.348537740173864677e+03
2.696880626390694112e-03 2.403189448463358985e+03
2.772590759860483686e-03 2.458794673581968709e+03
2.850426320853435488e-03 2.515352217643371660e+03
2.930446976972143555e-03 2.572859704428281930e+03
3.012714070881164757e-03 2.631313410532540274e+03
3.097290667331408388e-03 2.690707513995753288e+03
3.184241601504654226e-03 2.751034740709787457e+03
3.273633528715246682e-03 2.812287044199727461e+03
3.365534975507094694e-03 2.874454628938721271e+03
3.460016392185110562e-03 2.937525287957674664e+03
3.557150206821386215e-03 3.001485595070351792e+03
3.657010880777490907e-03 3.066320953921881028e+03
3.759674965785466966e-03 3.132014137854028377e+03
3.865221162631264206e-03 3.198545500916473429e+03
3.973730381485608698e-03 3.265893583610769383e+03
4.085285803928562741e-03 3.334034837444000459e+03
4.199972946715305709e-03 3.402942997352515704e+03
4.317879727332022029e-03 3.472589430786579214e+03
4.439096531392168997e-03 3.542943067134865942e+03
4.563716281924761094e-03 3.613970288100037578e+03
4.691834510607797992e-03 3.685634816948095249e+03
4.823549431001468782e-03 3.757897635352565430e+03
4.958962013837215146e-03 3.830716959291959029e+03
5.098176064420424994e-03 3.904047845227933976e+03
5.241298302206058926e-03 3.977842334247390681e+03
5.388438442608223244e-03 4.052049120800214041e+03
5.539709281106404079e-03 4.126613616366716997e+03
5.695226779712823234e-03 4.201477589245853778e+03
5.855110155867242032e-03 4.276579449765826212e+03
6.019481973827276768e-03 4.351854157054239295e+03
6.188468238624385796e-03 4.427232685280422629e+03
6.362198492657489789e-03 4.502641993782139252e+03
6.540805914998253610e-03 4.578003811906460214e+03
6.724427423484249239e-03 4.653236184615138882e+03
6.913203779678128193e-03 4.728255040843378083e+03
7.107279696773417810e-03 4.802970993168521090e+03
7.306803950529504668e-03 4.877286668798432402e+03
7.511929493320966197e-03 4.951106470600961984e+03
7.722813571388646714e-03 5.024336063206833387e+03
7.939617845382279313e-03 5.096847262436863275e+03
8.162508514287231468e-03 5.168505089111015877e+03
8.391656442830155299e-03 5.239296883695412362e+03
8.627237292461452031e-03 5.309199768773238247e+03
8.869431656014713575e-03 5.377963912392085149e+03
9.118425196146570655e-03 5.445364330869386322e+03
9.374408787662998066e-03 5.511339316746589247e+03
9.637578663841087079e-03 5.575762417255018590e+03
9.908136566858672528e-03 5.638417983137198462e+03
1.018628990244687879e-02 5.699284834617259548e+03
1.047225189888434729e-02 5.758363512651173551e+03
1.076624177045493527e-02 5.814813425117462430e+03
1.106848488549412070e-02 5.867893251127028634e+03
1.137921293915315074e-02 5.918564294663439796e+03
1.169866413101306943e-02 5.967477336029302023e+03
1.202708334768511945e-02 6.013790629500837895e+03
1.236472235053715993e-02 6.056828896909277319e+03
1.271183996869028332e-02 6.096399237842135335e+03
1.306870229743346996e-02 6.132901899363898337e+03
1.343558290220825575e-02 6.166906341243565294e+03
1.381276302832009847e-02 6.197303596433797793e+03
1.420053181653682141e-02 6.222778605848700863e+03
1.459918652473978819e-02 6.243920590148056363e+03
1.500903275579736421e-02 6.261045311955566831e+03
1.543038469183564444e-02 6.272978421572720436e+03
1.586356533508591002e-02 6.279550593268283592e+03
1.630890675549331870e-02 6.281957417068865652e+03
1.676675034527700184e-02 6.280023918335677990e+03
1.723744708063620554e-02 6.272715378067613528e+03
1.772135779080359283e-02 6.260361140507837263e+03
1.821885343465167589e-02 6.243467237889161879e+03
1.873031538506437013e-02 6.221000466374778625e+03
1.925613572129198509e-02 6.192190327335173606e+03
1.979671752951332395e-02 6.157551485080400198e+03
2.035247521183577296e-02 6.117366058965788397e+03
2.092383480396978190e-02 6.071441874224893581e+03
2.151123430182166549e-02 6.019724135637979089e+03
2.211512399725490061e-02 5.962281819696491766e+03
2.273596682327716154e-02 5.899177515581887747e+03
2.337423870891815886e-02 5.830489990206733637e+03
2.403042894406967958e-02 5.756345194448901566e+03
2.470504055456825693e-02 5.676907712569579417e+03
2.539859068780726467e-02 5.592381687433825391e+03
2.611161100917459149e-02 5.503010650297611392e+03
2.684464810961964890e-02 5.409077543390470055e+03
2.759826392466179640e-02 5.310910611585000879e+03
2.837303616516213128e-02 5.208879930142787998e+03
2.916955876018797328e-02 5.103394729418553652e+03
2.998844231231028931e-02 4.994903355583193843e+03
3.083031456568277942e-02 4.883891676743096468e+03
3.169582088726115993e-02 4.770878947397322918e+03
3.258562476153226140e-02 4.656412624693985890e+03
3.350040829913133317e-02 4.541064578215759866e+03
3.444087275973822804e-02 4.425427018026771293e+03
3.540773908965272332e-02 4.310098671652487610e+03
3.640174847446139839e-02 4.195685133721131024e+03
3.742366290721982347e-02 4.082783693730710183e+03
3.847426577258503816e-02 3.971977444759198534e+03
3.955436244734702317e-02 3.863825281889823145e+03
4.066478091781854792e-02 3.758849207919335640e+03
4.180637241455758407e-02 3.657523735697106076e+03
4.298001206490798670e-02 3.560268080544567965e+03
4.418659956385941057e-02 3.467429812918805055e+03
4.542705986374045990e-02 3.379277532787891687e+03
4.670234388327333674e-02 3.295988295386342998e+03
4.801342923653453137e-02 3.217638671015838099e+03
4.936132098237919208e-02 3.144192561626087809e+03
5.074705239490467923e-02 3.075494759920639808e+03
5.217168575554350513e-02 3.011263134885939962e+03
5.363631316739241039e-02 2.951084001463918412e+03
5.514205739240302800e-02 2.894412335242887821e+03
5.669007271207433807e-02 2.840588707362412151e+03
5.828154581230844677e-02 2.788735325321208165e+03
5.991769669310622465e-02 2.738772459862344022e+03
6.159977960380166873e-02 2.688182238981615228e+03
6.332908400455118658e-02 2.636744089795673517e+03
6.510693555481457395e-02 2.583350890199734749e+03
6.693469712958663442e-02 2.527002846195935035e+03
6.881376986415664587e-02 2.466803155231069923e+03
7.074559422819878818e-02 2.402021625733395922e+03
7.273165113001461846e-02 2.332164739332914905e+03
7.477346305177587360e-02 2.257004094867900221e+03
7.687259521663733497e-02 2.176467023499402785e+03
7.903065678861345700e-02 2.091306099791365341e+03
8.124930210614052239e-02 2.002408288436763087e+03
8.353023195026774983e-02 1.911014383381763537e+03
8.587519484845174134e-02 1.818644706203451960e+03
8.828598841495152727e-02 1.727020121105894532e+03
9.076446072885357985e-02 1.637941882199315387e+03
9.331251175078249249e-02 1.553159540578641099e+03
9.593209477938241525e-02 1.474253048198710530e+03
9.862521794868782388e-02 1.402496067752178988e+03
1.013939457675292477e-01 1.338753153920885552e+03
1.042404007021556500e-01 1.283402662194848290e+03
1.071667648032863795e-01 1.236280677582036333e+03
1.101752813788386687e-01 1.196655660083217072e+03
1.132682567136154145e-01 1.163241729798308825e+03
1.164480618372685794e-01 1.134272283751983650e+03
1.197171343418966943e-01 1.107617565312156103e+03
1.230779802506665743e-01 1.080972012165986598e+03
1.265331759388942934e-01 1.052116050868406774e+03
1.300853701090571579e-01 1.019217223009025702e+03
1.337372858212496074e-01 9.811464936765474931e+02
1.374917225806419896e-01 9.377010070226235712e+02
1.413515584835395023e-01 8.896839761173285979e+02
1.453197524236895799e-01 8.388220855609268938e+02
1.493993463605258198e-01 7.874879199889119263e+02
1.535934676510897212e-01 7.382863293300647456e+02
1.579053314474175851e-01 6.935542261468225433e+02
1.623382431612278298e-01 6.549488475751065835e+02
1.668956009978024568e-01 6.232040123946512722e+02
1.715808985610006165e-01 5.979688957456846765e+02
1.763977275314044801e-01 5.778342028481562238e+02
1.813497804196496366e-01 5.606223805689456867e+02
1.864408533970486059e-01 5.438129502494876988e+02
1.916748492056815356e-01 5.250841471908098583e+02
1.970557801501798822e-01 5.029604591043660093e+02
2.025877711735017406e-01 4.772561651266015019e+02
2.082750630190516594e-01 4.490851670961833406e+02
2.141220154815729193e-01 4.205175312050503749e+02
2.201331107493031680e-01 3.938515824111902361e+02
2.263129568399529223e-01 3.708301081080560948e+02
2.326662911331459360e-01 3.521392526057957753e+02
2.391979840020238557e-01 3.371994608743521553e+02
2.459130425468044889e-01 3.244394662325506147e+02
2.528166144331501219e-01 3.119056626342719483e+02
2.599139918382933900e-01 2.980409771245057868e+02
2.672106155079435608e-01 2.823491972776996022e+02
2.747120789270811603e-01 2.655325580024653505e+02
2.824241326078435477e-01 2.490625166281981251e+02
2.903526884977813416e-01 2.343347890572891004e+02
2.985038245118734057e-01 2.219796393894004325e+02
3.068837891917643446e-01 2.115876096216204019e+02
3.154990064958086982e-01 2.020554151096485498e+02
3.243560807235809640e-01 1.922743739505818326e+02
3.334618015786366407e-01 1.818097998016829138e+02
3.428231493733970847e-01 1.710798301056532864e+02
3.524473003801584237e-01 1.609322495148583414e+02
3.623416323323152555e-01 1.519675512561017570e+02
3.725137300800212548e-01 1.441236941010380690e+02
3.829713914046279921e-01 1.368285071193457156e+02
3.937226329963477989e-01 1.295301008479819700e+02
4.047756965997323930e-01 1.221377463208691267e+02
4.161390553316708374e-01 1.149951610900113366e+02
4.278214201767614466e-01 1.084594802250277041e+02
4.398317466650228380e-01 1.025448908159428498e+02
4.521792417370701922e-01 9.697424983305512569e+01
4.648733708020256206e-01 9.151801167408650883e+01
4.779238649935594330e-01 8.621239710513337684e+01
4.913407286296365140e-01 8.123139121344708258e+01
5.051342468816764075e-01 7.663185496371734473e+01
5.193149936590210070e-01 7.230413000188728745e+01
5.338938397147356962e-01 6.814330762371130845e+01
5.488819609789672427e-01 6.416787445789212541e+01
5.642908471262538805e-01 6.043872800381913635e+01
5.801323103833373462e-01 5.694494449181928530e+01
5.964184945842465613e-01 5.362991376239139640e+01
6.131618844795774237e-01 5.047714431747721875e+01
6.303753153071274262e-01 4.750555098230443463e+01
6.480719826311974741e-01 4.471105021125126910e+01
6.662654524581153037e-01 4.206942680240886290e+01
6.849696716357442927e-01 3.956892611102037449e+01
7.041989785449285222e-01 3.721399566940315395e+01
7.239681140910878554e-01 3.499406129317846847e+01
7.442922330043759693e-01 3.289831851226863080e+01
7.651869154570819509e-01 3.092247042994413775e+01
7.866681790071589075e-01 2.906023078103521584e+01
8.087524908770455934e-01 2.730466628495554460e+01
8.314567805772061782e-01 2.565033432011560421e+01
8.547984528840417706e-01 2.409208702244778522e+01
8.787954011821322853e-01 2.262425939146863740e+01
9.034660211810530139e-01 2.124220184576105552e+01
9.288292250172494047e-01 1.994126277865683150e+01
9.549044557518088228e-01 1.871686208836456444e+01
9.817117022752195332e-01 1.756471663637089264e+01
1.009271514630570854e+00 1.648077354242109038e+01
1.037605019766912440e+00 1.546112530480455050e+01
1.066733937734857918e+00 1.450213447416834001e+01
1.096680598336868151e+00 1.360041298923122177e+01
1.127467958244945612e+00 1.275275561774295063e+01
1.159119618598886126e+00 1.195609856726095721e+01
1.191659843098559213e+00 1.120752855749791266e+01
1.225113576604118126e+00 1.050427324711766097e+01
1.259506464258359104e+00 9.843655233558036954e+00
1.294864871145904983e+00 9.223172740571374817e+00
1.331215902504307769e+00 8.640510343231211365e+00
1.368587424502517580e+00 8.093485964543264188e+00
1.407008085602686087e+00 7.580050235488884347e+00
1.446507338521646480e+00 7.098212149958539108e+00
1.487115462808953126e+00 6.646015975158043432e+00
1.528863588058731571e+00 6.222627248794463384e+00
1.571783717773163280e+00 5.826210773819053834e+00
1.615908753895917815e+00 5.455048265592557399e+00
1.661272522034291654e+00 5.107530903904877739e+00
1.707909797389428608e+00 4.782152359473151648e+00
1.755856331414468618e+00 4.477502264691248790e+00
1.805148879221108116e+00 4.192260100329373351e+00
1.855825227755520057e+00 3.925189471685404996e+00
1.907924224765265908e+00 3.675132749377707064e+00
1.961485808579430667e+00 3.441006051549672762e+00
2.016551038724745393e+00 3.221794545736169191e+00
2.073162127401231736e+00 3.016548050027597849e+00
2.131362471841438122e+00 2.824376914464632904e+00
2.191196687578147895e+00 2.644448164811356694e+00
2.252710642645982198e+00 2.475981891991817285e+00
2.315951492743154372e+00 2.318247871539846461e+00
2.380967717380357840e+00 2.170562398409006111e+00
2.447809157044444017e+00 2.032285323423007384e+00
2.516527051405392790e+00 1.902817278520963384e+00
2.587174078595922744e+00 1.781597078770172260e+00
2.659804395593756698e+00 1.668099289885359271e+00
2.734473679737583041e+00 1.561831950710664829e+00
2.811239171408464355e+00 1.462334440792384616e+00
2.890159717909508874e+00 1.369175483799362159e+00
2.971295818577336600e+00 1.281951278136771011e+00
3.054709671159970164e+00 1.200283746650347316e+00
3.140465219496751281e+00 1.123818897834344632e+00
3.228628202536729219e+00 1.052225291439787158e+00
3.319266204733191561e+00 9.851926018321389700e-01
3.412448707852890450e+00 9.224302728711987198e-01
3.508247144239789783e+00 8.636662584827348166e-01
3.606734951574031900e+00 8.086458434628160941e-01
3.707987629168172372e+00 7.571305394035622305e-01
3.812082795843888317e+00 7.088970509546538290e-01
3.919100249433401739e+00 6.637363079398206356e-01
4.029122027951350660e+00 6.214525591329687071e-01
4.142232472483896366e+00 5.818625237658870963e-01
4.258518291843413017e+00 5.447945970896983514e-01
4.378068629038172510e+00 5.100881065465301401e-01
4.500975129608047354e+00 4.775926153272494479e-01
4.627332011878690032e+00 4.471672702965000523e-01
4.757236139187885904e+00 4.186801914585934203e-01
4.890787094139594338e+00 3.920079003178699173e-01
5.028087254942479767e+00 3.670347846557309168e-01
5.169241873891597727e+00 3.436525974043941889e-01
5.314359158053243881e+00 3.217599874452188313e-01
5.463550352214879169e+00 3.012620602978268169e-01
5.616929824163807261e+00 2.820699667958047607e-01
5.774615152359817039e+00 2.641005179660863567e-01
5.936727216069127344e+00 2.472758244426910001e-01
6.103390288028621491e+00 2.315229588518426806e-01
6.274732129711575013e+00 2.167736397050618602e-01
6.450884089267698407e+00 2.029639354300519505e-01
6.631981202212673843e+00 1.900339872564882626e-01
6.818162294944477786e+00 1.779277497555463161e-01
7.009570091165615580e+00 1.665927479085266283e-01
7.206351321293055889e+00 1.559798496515790722e-01
7.408656834939563396e+00 1.460430529106120645e-01
7.616641716552886798e+00 1.367392862032799083e-01
7.830465404301192756e+00 1.280282219437487989e-01
8.050291812295983007e+00 1.198721016410032592e-01
8.276289456246344045e+00 1.122355722330065780e-01
8.508631582640587609e+00 1.050855328472991984e-01
8.747496301554422260e+00 9.839099132381175228e-02
8.993066723187620681e+00 9.212292987798470500e-02
9.245531098233566780e+00 8.625417932190528048e-02
9.505082962189515428e+00 8.075930129826812409e-02
9.771921283717999174e+00 7.561447801669703150e-02
1.004625061717340628e+01 7.079740901448550172e-02
1.032828125941029640e+01 6.628721449426065726e-02
1.061822941099384643e+01 6.206434481958354732e-02
1.091631734193614811e+01 5.811049577619048501e-02
1.122277356208507015e+01 5.440852923157162013e-02
1.153783299629661485e+01 5.094239884898207199e-02
1.186173716452478821e+01 4.769708053388981711e-02
1.219473436696737778e+01 4.465850731137743085e-02
1.253707987440921379e+01 4.181350835222082118e-02
1.288903612390893194e+01 3.914975188335095141e-02
1.325087291997952832e+01 3.665569173524124008e-02
1.362286764141645712e+01 3.432051729452816058e-02
1.400530545393221082e+01 3.213410664493232538e-02
1.439847952876007753e+01 3.008698269336736869e-02
1.480269126739508501e+01 2.817027209106325730e-02
1.521825053264387861e+01 2.637566677164598222e-02
1.564547588616096618e+01 2.469538793945856917e-02
1.608469483265355748e+01 2.312215235202931887e-02
1.653624407094179460e+01 2.164914075053710890e-02
1.700046975206718614e+01 2.026996830143419290e-02
1.747772774464680978e+01 1.897865692110451558e-02
1.796838390767719673e+01 1.776960936359744947e-02
1.847281437099635681e+01 1.663758495911909358e-02
1.899140582361934904e+01 1.557767689811871345e-02
1.952455581016860364e+01 1.458529096250696204e-02
2.007267303562567662e+01 1.365612561181560672e-02
2.063617767863859598e+01 1.278615333798124865e-02
2.121550171362450854e+01 1.197160320793456446e-02
2.181108924191518383e+01 1.120894451832510179e-02
2.242339683219847757e+01 1.049487149153240442e-02
2.305289387051708516e+01 9.826288946627568729e-03
2.370006292009328064e+01 9.200298883175417330e-03
2.436540009125468131e+01 8.614187919724222708e-03
2.504941542174504221e+01 8.065415532534488119e-03
2.575263326771200667e+01 7.551603043567123481e-03
2.647559270567065681e+01 7.070523309998892440e-03
2.721884794575180422e+01 6.620091070573939744e-03
2.798296875655116978e+01 6.198353906947191155e-03
2.876854090190592217e+01 5.803483780841197162e-03
2.957616658993256564e+01 5.433769110333859856e-03
3.040646493467068723e+01 5.087607350931330069e-03
3.126007243068703190e+01 4.763498049268450989e-03
3.213764344100275139e+01 4.460036339327675022e-03
3.303985069871860247e+01 4.175906852985546841e-03
3.396738582272208617e+01 3.909878018491741436e-03
3.492095984787270169e+01 3.660796722167169396e-03
3.590130377007073292e+01 3.427583310182032508e-03
3.690916910662779316e+01 3.209226908748837384e-03
3.794532847236938977e+01 3.004781042445514756e-03
3.901057617190990356e+01 2.813359531676096897e-03
4.010572880855499989e+01 2.634132651486290663e-03
4.123162591029752377e+01 2.466323535084192099e-03
4.238913057338778145e+01 2.309204806477014541e-03
4.357913012397032304e+01 2.162095427627873812e-03
4.480253679829492341e+01 2.024357746466474203e-03
4.606028844202401018e+01 1.895394732958173437e-03
4.735334922917113687e+01 1.774647391251050945e-03
4.868271040122284887e+01 1.661592336683812053e-03
5.004939102700954123e+01 1.555739527151960531e-03
5.145443878390924652e+01 1.456630138998753904e-03
5.289893076098154978e+01 1.363834578223890610e-03
5.438397428464800498e+01 1.276950618389428643e-03
5.591070776755292115e+01 1.195601657151605180e-03
5.748030158125349942e+01 1.119435083861421718e-03
5.909395895340973937e+01 1.048120751158282534e-03
6.075291689016074059e+01 9.813495439317467157e-04
6.245844712439613744e+01 9.188320394484893574e-04
6.421185709064765490e+01 8.602972528367406864e-04
6.601449092734890201e+01 8.054914624904461985e-04
6.786773050723294887e+01 7.541771103018090000e-04
6.977299649665530978e+01 7.061317719552281805e-04
7.173174944465618807e+01 6.611471928193236088e-04
7.374549090259552031e+01 6.190283852580803032e-04
7.581576457522108115e+01 5.795927834483674632e-04
7.794415750404954224e+01 5.426694520403516206e-04
8.013230128396889995e+01 5.080983452307078580e-04
8.238187331399603863e+01 4.757296130370485725e-04
8.469459808314594795e+01 4.454229517665862846e-04
8.707224849239922548e+01 4.170469958636098019e-04
8.951664721378301692e+01 3.904787484997064811e-04
9.202966808760409378e+01 3.656030484386026190e-04
9.461323755890775544e+01 3.423120708647213700e-04
9.726933615426175095e+01 3.205048600117790694e-04
9.999999999999995737e+01 3.000868915655780108e-04
