1.000000000000000048e-04 3.362082429832096864e+01
1.028073223830865281e-04 3.453243819550765181e+01
1.056934553557988362e-04 3.546874955738762480e+01
1.086606113854597351e-04 3.643042371743182173e+01
1.117110650504824041e-04 3.741814358179085076e+01
1.148471547840289439e-04 3.843261425102098627e+01
1.180712846666190141e-04 3.947456068025771714e+01
1.213859262690628250e-04 4.054472180700449258e+01
1.247936205471311189e-04 4.164385731524178169e+01
1.282969797894147957e-04 4.277275397230692278e+01
1.318986896198670199e-04 4.393221465785716617e+01
1.356015110565633925e-04 4.512305480858078255e+01
1.394082826282578376e-04 4.634611991162766031e+01
1.433219225503574155e-04 4.760228540592773072e+01
1.473454309619835539e-04 4.889244156150626708e+01
1.514818922258346051e-04 5.021749852279393167e+01
1.557344772926134557e-04 5.157839510239039527e+01
1.601064461318317826e-04 5.297609604098506964e+01
1.646011502308550778e-04 5.441159063926813388e+01
1.692220351641037391e-04 5.588589587239972900e+01
1.739726432343801689e-04 5.740005766173455726e+01
1.788566161883461665e-04 5.895514040749893780e+01
1.838776980082327715e-04 6.055222949892123552e+01
1.890397377819221208e-04 6.219245453782954058e+01
1.943466926536020897e-04 6.387698200417131744e+01
1.998026308572550618e-04 6.560700028195751088e+01
2.054117348353064979e-04 6.738372342581139662e+01
2.111783044448243749e-04 6.920838959164045434e+01
2.171067602537265953e-04 7.108227295315582239e+01
2.232016469295233991e-04 7.300668923254961840e+01
2.294676367231936914e-04 7.498299178583147295e+01
2.359095330508635614e-04 7.701256953262388549e+01
2.425322741760353111e-04 7.909682686781368943e+01
2.493409369951879494e-04 8.123719877765984165e+01
2.563407409296515377e-04 8.343518766974138146e+01
2.635370519267394326e-04 8.569233487891831658e+01
2.709353865732051759e-04 8.801019409630796986e+01
2.785414163241767813e-04 9.039036104566373808e+01
2.863609718508116210e-04 9.283448351376944174e+01
2.944000475100034728e-04 9.534424599935543654e+01
3.026648059395691654e-04 9.792136987953797700e+01
3.111615827824361444e-04 1.005676219888854206e+02
3.198968915434537695e-04 1.032848156225277734e+02
3.288774285825511105e-04 1.060748130438368548e+02
3.381100782480684795e-04 1.089395167288402320e+02
3.476019181541978613e-04 1.118808550401627002e+02
3.573602246065787046e-04 1.149008085557687053e+02
3.673924781802075296e-04 1.180014209057046912e+02
3.777063694539367416e-04 1.211847854387650756e+02
3.883098049059605528e-04 1.244530432002947435e+02
3.992109129748052884e-04 1.278083697594421011e+02
4.104180502904709654e-04 1.312529853715160186e+02
4.219398080805026588e-04 1.347891770356654320e+02
4.337850187558990231e-04 1.384192786586294517e+02
4.459627626819093779e-04 1.421456448263342054e+02
4.584823751389095932e-04 1.459707050189009863e+02
4.713534534786909978e-04 1.498969880177631069e+02
4.845858644816496185e-04 1.539270343578054394e+02
4.981897519205162042e-04 1.580633945900582376e+02
5.121755443364240474e-04 1.623087115959149287e+02
5.265539630332758715e-04 1.666657036315839377e+02
5.413360302965379654e-04 1.711371186935006108e+02
5.565330778427647921e-04 1.757257490264858859e+02
5.721567555063251324e-04 1.804344327301456303e+02
5.882190401699957617e-04 1.852660755262258760e+02
6.047322449462647380e-04 1.902236610649424051e+02
6.217090286163829381e-04 1.953102019396055198e+02
6.391624053344003523e-04 2.005287373210643125e+02
6.571057546036271476e-04 2.058823754517195823e+02
6.755528315331644270e-04 2.113742895282296672e+02
6.945177773823697038e-04 2.170077050653059132e+02
7.140151304013400355e-04 2.227858887524866986e+02
7.340598369757211656e-04 2.287121195677264609e+02
7.546672630843890076e-04 2.347897398407251615e+02
7.758532060787837713e-04 2.410221757226233308e+02
7.976339067929278130e-04 2.474128806642849838e+02
8.200260619934130737e-04 2.539653286335564246e+02
8.430468371788971344e-04 2.606830339381734802e+02
8.667138797389231696e-04 2.675695544668476487e+02
8.910453324821514341e-04 2.746284949647017584e+02
9.160598475443706154e-04 2.818634925430084195e+02
9.417766006869523988e-04 2.892781865824795204e+02
9.682153059967085751e-04 2.968762644807929405e+02
9.953962309984236857e-04 3.046614791052577971e+02
1.023340212191642049e-03 3.126375790013480014e+02
1.052068671023622922e-03 3.208082996667510542e+02
1.081603630310709867e-03 3.291774099944609588e+02
1.111967731120699519e-03 3.377487076449124856e+02
1.143184250129150028e-03 3.465260031651642976e+02
1.175277117462945366e-03 3.555131226558321487e+02
1.208270935044776636e-03 3.647139057557498063e+02
1.242190995452617476e-03 3.741321707880618987e+02
1.277063301308643990e-03 3.837716881430675357e+02
1.312914585212465604e-03 3.936363516436570080e+02
1.349772330233942573e-03 4.037301311235224262e+02
1.387664790981308705e-03 4.140562924699872838e+02
1.426621015260737648e-03 4.246181478426692593e+02
1.466670866343968349e-03 4.354220652736496504e+02
1.507845045861051347e-03 4.464736645631458032e+02
1.550175117335769997e-03 4.577722388571048100e+02
1.593693530381775150e-03 4.693186623142399299e+02
1.638433645577984637e-03 4.811193431579454227e+02
1.684429760042315850e-03 4.931791691996132840e+02
1.731717133723354026e-03 5.055006990355060452e+02
1.780332016430114135e-03 5.180872597272835947e+02
1.830311675620612021e-03 5.309425114409348225e+02
1.881694424970556086e-03 5.440686810075694666e+02
1.934519653744045872e-03 5.574680456963113784e+02
1.988827856988810081e-03 5.711450364414358774e+02
2.044660666579116784e-03 5.851034115587380029e+02
2.102060883130158625e-03 5.993447858047326235e+02
2.161072508808377368e-03 6.138709695618763362e+02
2.221740781062885202e-03 6.286842806461062310e+02
2.284112207303824749e-03 6.437870495467666387e+02
2.348234600554276272e-03 6.591813889124246089e+02
2.414157116103019234e-03 6.748683305974478799e+02
2.481930289186255051e-03 6.908485448987366908e+02
2.551606073727184613e-03 7.071231719015984254e+02
2.623237882163122550e-03 7.236930239295609226e+02
2.696880626390694112e-03 7.405581987865467681e+02
2.772590759860483686e-03 7.577185868193089391e+02
2.850426320853435488e-03 7.751739097376605514e+02
2.930446976972143555e-03 7.929233554556894887e+02
3.012714070881164757e-03 8.109656114788974719e+02
3.097290667331408388e-03 8.292989435413434194e+02
3.184241601504654226e-03 8.479212070761186624e+02
3.273633528715246682e-03 8.668298377067028468e+02
3.365534975507094694e-03 8.860217870192616374e+02
3.460016392185110562e-03 9.054934476734861164e+02
3.557150206821386215e-03 9.252406575482064000e+02
3.657010880777490907e-03 9.452586809923259352e+02
3.759674965785466966e-03 9.655422656919503197e+02
3.865221162631264206e-03 9.860855895052343385e+02
3.973730381485608698e-03 1.006882018779625355e+03
4.085285803928562741e-03 1.027924241246505517e+03
4.199972946715305709e-03 1.049204349623736107e+03
4.317879727332022029e-03 1.070713678585503430e+03
4.439096531392168997e-03 1.092442643189605405e+03
4.563716281924761094e-03 1.114380924271615413e+03
4.691834510607797992e-03 1.136517453577809874e+03
4.823549431001468782e-03 1.158840141647081282e+03
4.958962013837215146e-03 1.181335949337658121e+03
5.098176064420424994e-03 1.203991075548162371e+03
5.241298302206058926e-03 1.226790822608899589e+03
5.388438442608223244e-03 1.249719267446104368e+03
5.539709281106404079e-03 1.272759493522459024e+03
5.695226779712823234e-03 1.295893591257619391e+03
5.855110155867242032e-03 1.319102566566400355e+03
6.019481973827276768e-03 1.342366279476042337e+03
6.188468238624385796e-03 1.365663314637492476e+03
6.362198492657489789e-03 1.388971047388346051e+03
6.540805914998253610e-03 1.412265636741410617e+03
6.724427423484249239e-03 1.435522047915022540e+03
6.913203779678128193e-03 1.458713781236091108e+03
7.107279696773417810e-03 1.481812940271816842e+03
7.306803950529504668e-03 1.504790047645752111e+03
7.511929493320966197e-03 1.527615696128081481e+03
7.722813571388646714e-03 1.550260195677819638e+03
7.939617845382279313e-03 1.572683984139575387e+03
8.162508514287231468e-03 1.594845684411931643e+03
8.391656442830155299e-03 1.616740593584106819e+03
8.627237292461452031e-03 1.638360979084198561e+03
8.869431656014713575e-03 1.659631195635172844e+03
9.118425196146570655e-03 1.680482723263956359e+03
9.374408787662998066e-03 1.700895276209743997e+03
9.637578663841087079e-03 1.720829117434643877e+03
9.908136566858672528e-03 1.740217946538094566e+03
1.018628990244687879e-02 1.759055264278174491e+03
1.047225189888434729e-02 1.777341145582106719e+03
1.076624177045493527e-02 1.794816491846655708e+03
1.106848488549412070e-02 1.811252645004869009e+03
1.137921293915315074e-02 1.826945131198339823e+03
1.169866413101306943e-02 1.842094107207321485e+03
1.202708334768511945e-02 1.856440618986208619e+03
1.236472235053715993e-02 1.869776544190353661e+03
1.271183996869028332e-02 1.882041769274978606e+03
1.306870229743346996e-02 1.893359531255173806e+03
1.343558290220825575e-02 1.903905526785332540e+03
1.381276302832009847e-02 1.913337219765336613e+03
1.420053181653682141e-02 1.921248468750106213e+03
1.459918652473978819e-02 1.927821356388895538e+03
1.500903275579736421e-02 1.933153671880101228e+03
1.543038469183564444e-02 1.936883192582488618e+03
1.586356533508591002e-02 1.938957327420404908e+03
1.630890675549331870e-02 1.939744183712311042e+03
1.676675034527700184e-02 1.939189579510499016e+03
1.723744708063620554e-02 1.936974422065974522e+03
1.772135779080359283e-02 1.933200084860236984e+03
1.821885343465167589e-02 1.928022424846087233e+03
1.873031538506437013e-02 1.921122814763399447e+03
1.925613572129198509e-02 1.912263551325074104e+03
1.979671752951332395e-02 1.901603023605905037e+03
2.035247521183577296e-02 1.889228057936913501e+03
2.092383480396978190e-02 1.875079419041224128e+03
2.151123430182166549e-02 1.859140252437924119e+03
2.211512399725490061e-02 1.841431822915620160e+03
2.273596682327716154e-02 1.821973035878920427e+03
2.337423870891815886e-02 1.800787930921399493e+03
2.403042894406967958e-02 1.777916080513249881e+03
2.470504055456825693e-02 1.753408438298367400e+03
2.539859068780726467e-02 1.727327283937245056e+03
2.611161100917459149e-02 1.699747957445600832e+03
2.684464810961964890e-02 1.670758107948876614e+03
2.759826392466179640e-02 1.640458835523177186e+03
2.837303616516213128e-02 1.608964886837532731e+03
2.916955876018797328e-02 1.576402525901505669e+03
2.998844231231028931e-02 1.542909292625637818e+03
3.083031456568277942e-02 1.508636602520593669e+03
3.169582088726115993e-02 1.473744475796552479e+03
3.258562476153226140e-02 1.438401529269587627e+03
3.350040829913133317e-02 1.402785166462282405e+03
3.444087275973822804e-02 1.367078051232098915e+03
3.540773908965272332e-02 1.331465081959893041e+03
3.640174847446139839e-02 1.296133509876196513e+03
3.742366290721982347e-02 1.261268164545278069e+03
3.847426577258503816e-02 1.227049055174415344e+03
3.955436244734702317e-02 1.193648552481978868e+03
4.066478091781854792e-02 1.161228215050466133e+03
4.180637241455758407e-02 1.129935098097032323e+03
4.298001206490798670e-02 1.099897984355835206e+03
4.418659956385941057e-02 1.071225263515803363e+03
4.542705986374045990e-02 1.043999154241360884e+03
4.670234388327333674e-02 1.018275191037848344e+03
4.801342923653453137e-02 9.940762742114019375e+02
4.936132098237919208e-02 9.713916339870263528e+02
5.074705239490467923e-02 9.501735548077382418e+02
5.217168575554350513e-02 9.303349736341701828e+02
5.363631316739241039e-02 9.117479497897505780e+02
5.514205739240302800e-02 8.942439387341681822e+02
5.669007271207433807e-02 8.776196252038855619e+02
5.828154581230844677e-02 8.616036874196380495e+02
5.991769669310622465e-02 8.461710877002237794e+02
6.159977960380166873e-02 8.305447335690862474e+02
6.332908400455118658e-02 8.146559982129456330e+02
6.510693555481457395e-02 7.981632075937492345e+02
6.693469712958663442e-02 7.807566835716849027e+02
6.881376986415664587e-02 7.621600810738759719e+02
7.074559422819878818e-02 7.421476729892713138e+02
7.273165113001461846e-02 7.205666164344332856e+02
7.477346305177587360e-02 6.973468094704181794e+02
7.687259521663733497e-02 6.724657109392204575e+02
7.903065678861345700e-02 6.461553679073031162e+02
8.124930210614052239e-02 6.186903025068056650e+02
8.353023195026774983e-02 5.904538502726433080e+02
8.587519484845174134e-02 5.619155464705560235e+02
8.828598841495152727e-02 5.336072123689876889e+02
9.076446072885357985e-02 5.060855927479324805e+02
9.331251175078249249e-02 4.798909777848460294e+02
9.593209477938241525e-02 4.555116425915526861e+02
9.862521794868782388e-02 4.333413746916265836e+02
1.013939457675292477e-01 4.136470098976059830e+02
1.042404007021556500e-01 3.965456189523016519e+02
1.071667648032863795e-01 3.819865876390940684e+02
1.101752813788386687e-01 3.697439559546074292e+02
1.132682567136154145e-01 3.594202730698331720e+02
1.164480618372685794e-01 3.504698211827403043e+02
1.197171343418966943e-01 3.422345377579169963e+02
1.230779802506665743e-01 3.340020105967391260e+02
1.265331759388942934e-01 3.250864454097502971e+02
1.300853701090571579e-01 3.149216522480983258e+02
1.337372858212496074e-01 3.031588379948457828e+02
1.374917225806419896e-01 2.897351986503516628e+02
1.413515584835395023e-01 2.748990573493096576e+02
1.453197524236895799e-01 2.591837517228105980e+02
1.493993463605258198e-01 2.433225323198863066e+02
1.535934676510897212e-01 2.281201544908879839e+02
1.579053314474175851e-01 2.142987460875003194e+02
1.623382431612278298e-01 2.023704233179908272e+02
1.668956009978024568e-01 1.925618693254099014e+02
1.715808985610006165e-01 1.847646663786396459e+02
1.763977275314044801e-01 1.785434283213463686e+02
1.813497804196496366e-01 1.732253408155536647e+02
1.864408533970486059e-01 1.680315487039424056e+02
1.916748492056815356e-01 1.622446946630940090e+02
1.970557801501798822e-01 1.554088843668469053e+02
2.025877711735017406e-01 1.474666255585767374e+02
2.082750630190516594e-01 1.387621740294251822e+02
2.141220154815729193e-01 1.299352088717205618e+02
2.201331107493031680e-01 1.216957713580043929e+02
2.263129568399529223e-01 1.145824178591157789e+02
2.326662911331459360e-01 1.088072183278146952e+02
2.391979840020238557e-01 1.041910432717945412e+02
2.459130425468044889e-01 1.002483599916303660e+02
2.528166144331501219e-01 9.637559861332849209e+01
2.599139918382933900e-01 9.209160002542010659e+01
2.672106155079435608e-01 8.724301711980794494e+01
2.747120789270811603e-01 8.204687979220183536e+01
2.824241326078435477e-01 7.695783073203764957e+01
2.903526884977813416e-01 7.240712814645803519e+01
2.985038245118734057e-01 6.858953105829174035e+01
3.068837891917643446e-01 6.537851337950600339e+01
3.154990064958086982e-01 6.243317554263641966e+01
3.243560807235809640e-01 5.941093943435402736e+01
3.334618015786366407e-01 5.617750647571549649e+01
3.428231493733970847e-01 5.286205605546288666e+01
3.524473003801584237e-01 4.972656136706025620e+01
3.623416323323152555e-01 4.695655664145041186e+01
3.725137300800212548e-01 4.453288475403159197e+01
3.829713914046279921e-01 4.227875416346198989e+01
3.937226329963477989e-01 4.002361684091967930e+01
4.047756965997323930e-01 3.773945234441920604e+01
4.161390553316708374e-01 3.553247035819966726e+01
4.278214201767614466e-01 3.351300425141549510e+01
4.398317466650228380e-01 3.168545944893194388e+01
4.521792417370701922e-01 2.996417952183212563e+01
4.648733708020256206e-01 2.827825685201731076e+01
4.779238649935594330e-01 2.663887070686006453e+01
4.913407286296365140e-01 2.509978590634276330e+01
5.051342468816764075e-01 2.367857209100126425e+01
5.193149936590210070e-01 2.234134467176746952e+01
5.338938397147356962e-01 2.105569226291736129e+01
5.488819609789672427e-01 1.982731616688468890e+01
5.642908471262538805e-01 1.867504439370070912e+01
5.801323103833373462e-01 1.759550135610819765e+01
5.964184945842465613e-01 1.657118385006170413e+01
6.131618844795774237e-01 1.559700725224562667e+01
6.303753153071274262e-01 1.467881187289642497e+01
6.480719826311974741e-01 1.381533480403544800e+01
6.662654524581153037e-01 1.299909172999984897e+01
6.849696716357442927e-01 1.222646692213242758e+01
7.041989785449285222e-01 1.149881285024055977e+01
7.239681140910878554e-01 1.081287263846165025e+01
7.442922330043759693e-01 1.016530622844438092e+01
7.651869154570819509e-01 9.554784388966943709e+00
7.866681790071589075e-01 8.979368494727996364e+00
8.087524908770455934e-01 8.436915717300600193e+00
8.314567805772061782e-01 7.925741492645966169e+00
8.547984528840417706e-01 7.444255217732921537e+00
8.787954011821322853e-01 6.990708768754073432e+00
9.034660211810530139e-01 6.563665101599849727e+00
9.288292250172494047e-01 6.161686172429991615e+00
9.549044557518088228e-01 5.783356263998084223e+00
9.817117022752195332e-01 5.427352757347555290e+00
1.009271514630570854e+00 5.092423782734641691e+00
1.037605019766912440e+00 4.777361298747905494e+00
1.066733937734857918e+00 4.481041926184757607e+00
1.096680598336868151e+00 4.202417903291157053e+00
1.127467958244945612e+00 3.940498169180912669e+00
1.159119618598886126e+00 3.694337592908562673e+00
1.191659843098559213e+00 3.463036555453599785e+00
1.225113576604118126e+00 3.245736556465857348e+00
1.259506464258359104e+00 3.041610911057553324e+00
1.294864871145904983e+00 2.849886781831479698e+00
1.331215902504307769e+00 2.669849186820437037e+00
1.368587424502517580e+00 2.500823180040483429e+00
1.407008085602686087e+00 2.342175441488564047e+00
1.446507338521646480e+00 2.193291979392149038e+00
1.487115462808953126e+00 2.053566686373034411e+00
1.528863588058731571e+00 1.922742696825009645e+00
1.571783717773163280e+00 1.800252946605482185e+00
1.615908753895917815e+00 1.685566496813836856e+00
1.661272522034291654e+00 1.578186232406091571e+00
1.707909797389428608e+00 1.477646707421010674e+00
1.755856331414468618e+00 1.383512127477691367e+00
1.805148879221108116e+00 1.295374460799635141e+00
1.855825227755520057e+00 1.212851669577433844e+00
1.907924224765265908e+00 1.135586054003808743e+00
1.961485808579430667e+00 1.063242701803124080e+00
2.016551038724745393e+00 9.955080365347773741e-01
2.073162127401231736e+00 9.320884583779942556e-01
2.131362471841438122e+00 8.727090715064416138e-01
2.191196687578147895e+00 8.171124925363805191e-01
2.252710642645982198e+00 7.650577348835180258e-01
2.315951492743154372e+00 7.163191641927314501e-01
2.380967717380357840e+00 6.706855203129159504e-01
2.447809157044444017e+00 6.279590015776533862e-01
2.516527051405392790e+00 5.879544074224578587e-01
2.587174078595922744e+00 5.504983356222269419e-01
2.659804395593756698e+00 5.154284306692766826e-01
2.734473679737583041e+00 4.825926800340117340e-01
2.811239171408464355e+00 4.518487552578313027e-01
2.890159717909508874e+00 4.230633950222004169e-01
2.971295818577336600e+00 3.961118275197647032e-01
3.054709671159970164e+00 3.708772296237403121e-01
3.140465219496751281e+00 3.472502205113209284e-01
3.228628202536729219e+00 3.251283875461799533e-01
3.319266204733191561e+00 3.044158423649804268e-01
3.412448707852890450e+00 2.850228052437233095e-01
3.508247144239789783e+00 2.668652159423451353e-01
3.606734951574031900e+00 2.498643693407505695e-01
3.707987629168172372e+00 2.339465742869209219e-01
3.812082795843888317e+00 2.190428341783570432e-01
3.919100249433401739e+00 2.050885478923193950e-01
4.029122027951350660e+00 1.920232297685277312e-01
4.142232472483896366e+00 1.797902474305718701e-01
4.258518291843413017e+00 1.683365763096033307e-01
4.378068629038172510e+00 1.576125698062774694e-01
4.500975129608047354e+00 1.475717440946997250e-01
4.627332011878690032e+00 1.381705766355964260e-01
4.757236139187885904e+00 1.293683175253528550e-01
4.890787094139594338e+00 1.211268128632013719e-01
5.028087254942479767e+00 1.134103393709339214e-01
5.169241873891597727e+00 1.061854495482881383e-01
5.314359158053243881e+00 9.942082669282457930e-02
5.463550352214879169e+00 9.308714915587053274e-02
5.616929824163807261e+00 8.715696324613919632e-02
5.774615152359817039e+00 8.160456423011851201e-02
5.936727216069127344e+00 7.640588491341827881e-02
6.103390288028621491e+00 7.153839132012530799e-02
6.274732129711575013e+00 6.698098501798269155e-02
6.450884089267698407e+00 6.271391166601597567e-02
6.631981202212673843e+00 5.871867538820062932e-02
6.818162294944477786e+00 5.497795860201859508e-02
7.009570091165615580e+00 5.147554695439621186e-02
7.206351321293055889e+00 4.819625903965376462e-02
7.408656834939563396e+00 4.512588059482530722e-02
7.616641716552886798e+00 4.225110288711445700e-02
7.830465404301192756e+00 3.955946502642298385e-02
8.050291812295983007e+00 3.703929995290265731e-02
8.276289456246344045e+00 3.467968386541005199e-02
8.508631582640587609e+00 3.247038887165932391e-02
8.747496301554422260e+00 3.040183865483202588e-02
8.993066723187620681e+00 2.846506696447845958e-02
9.245531098233566780e+00 2.665167875178698492e-02
9.505082962189515428e+00 2.495381378075982315e-02
9.771921283717999174e+00 2.336411255756591296e-02
1.004625061717340628e+01 2.187568443038960184e-02
1.032828125941029640e+01 2.048207772150217529e-02
1.061822941099384643e+01 1.917725176209192361e-02
1.091631734193614811e+01 1.795555070863608452e-02
1.122277356208507015e+01 1.681167902732028444e-02
1.153783299629661485e+01 1.574067854024120694e-02
1.186173716452478821e+01 1.473790693389792454e-02
1.219473436696737778e+01 1.379901763681581038e-02
1.253707987440921379e+01 1.291994097908127047e-02
1.288903612390893194e+01 1.209686655212234563e-02
1.325087291997952832e+01 1.132622669227256046e-02
1.362286764141645712e+01 1.060468101652660075e-02
1.400530545393221082e+01 9.929101943457141477e-03
1.439847952876007753e+01 9.296561136532427785e-03
1.480269126739508501e+01 8.704316811072346574e-03
1.521825053264387861e+01 8.149801849824299393e-03
1.564547588616096618e+01 7.630612675645121606e-03
1.608469483265355748e+01 7.144498833057062563e-03
1.653624407094179460e+01 6.689353233518472233e-03
1.700046975206718614e+01 6.263203022126751125e-03
1.747772774464680978e+01 5.864201026164771180e-03
1.796838390767719673e+01 5.490617748423998710e-03
1.847281437099635681e+01 5.140833870598889022e-03
1.899140582361934904e+01 4.813333234258127154e-03
1.952455581016860364e+01 4.506696268968283549e-03
2.007267303562567662e+01 4.219593839083749312e-03
2.063617767863859598e+01 3.950781482531464869e-03
2.121550171362450854e+01 3.699094016618153027e-03
2.181108924191518383e+01 3.463440487478604713e-03
2.242339683219847757e+01 3.242799441273105498e-03
2.305289387051708516e+01 3.036214496636741901e-03
2.370006292009328064e+01 2.842790199189109204e-03
2.436540009125468131e+01 2.661688140135554364e-03
2.504941542174504221e+01 2.492123322135803877e-03
2.575263326771200667e+01 2.333360756687632293e-03
2.647559270567065681e+01 2.184712278276727728e-03
2.721884794575180422e+01 2.045533561483502041e-03
2.798296875655116978e+01 1.915221328117324264e-03
2.876854090190592217e+01 1.793210732272344050e-03
2.957616658993256564e+01 1.678972911970272883e-03
3.040646493467068723e+01 1.572012696777574676e-03
3.126007243068703190e+01 1.471866461460610885e-03
3.213764344100275139e+01 1.378100116375271340e-03
3.303985069871860247e+01 1.290307225880328633e-03
3.396738582272208617e+01 1.208107246618664006e-03
3.492095984787270169e+01 1.131143878030095714e-03
3.590130377007073292e+01 1.059083517946010676e-03
3.690916910662779316e+01 9.916138165714893753e-04
3.794532847236938977e+01 9.284423225870665685e-04
3.901057617190990356e+01 8.692952155015894102e-04
4.010572880855499989e+01 8.139161187614751868e-04
4.123162591029752377e+01 7.620649884717244082e-04
4.238913057338778145e+01 7.135170729117860846e-04
4.357913012397032304e+01 6.680619383362378788e-04
4.480253679829492341e+01 6.255025568375564273e-04
4.606028844202401018e+01 5.856544523172660128e-04
4.735334922917113687e+01 5.483449008636297672e-04
4.868271040122284887e+01 5.134121820698728331e-04
5.004939102700954123e+01 4.807048780477348186e-04
5.145443878390924652e+01 4.500812170978815176e-04
5.289893076098154978e+01 4.214084591922833333e-04
5.438397428464800498e+01 3.945623206048920213e-04
5.591070776755292115e+01 3.694264351966485851e-04
5.748030158125349942e+01 3.458918500197291092e-04
5.909395895340973937e+01 3.238565530546964107e-04
6.075291689016074059e+01 3.032250310335066678e-04
6.245844712439613744e+01 2.839078554317298097e-04
6.421185709064765490e+01 2.658212948354425338e-04
6.601449092734890201e+01 2.488869520025761384e-04
6.786773050723294887e+01 2.330314240455405150e-04
6.977299649665530978e+01 2.181859842621658289e-04
7.173174944465618807e+01 2.042862842358409748e-04
7.374549090259552031e+01 1.912720749135829673e-04
7.581576457522108115e+01 1.790869454530351563e-04
7.794415750404954224e+01 1.676780787064114406e-04
8.013230128396889995e+01 1.569960222815169220e-04
8.238187331399603863e+01 1.469944741874962442e-04
8.469459808314594795e+01 1.376300821361785504e-04
8.707224849239922548e+01 1.288622556290794417e-04
8.951664721378301692e+01 1.206529900155393524e-04
9.202966808760409378e+01 1.129667017593694077e-04
9.461323755890775544e+01 1.057700741999574020e-04
9.726933615426175095e+01 9.903191313927713134e-05
9.999999999999995737e+01 9.272301162883439692e-05
