1.000000000000000048e-04 8.268868083227593502e+01
1.028073223830865281e-04 8.493066183272861736e+01
1.056934553557988362e-04 8.723338453712520391e+01
1.086606113854597351e-04 8.959848255546707207e+01
1.117110650504824041e-04 9.202762582260865543e+01
1.148471547840289439e-04 9.452254501659540153e+01
1.180712846666190141e-04 9.708502395534991081e+01
1.213859262690628250e-04 9.971688510166070785e+01
1.247936205471311189e-04 1.024199958491649625e+02
1.282969797894147957e-04 1.051962707529262815e+02
1.318986896198670199e-04 1.080476829764045021e+02
1.356015110565633925e-04 1.109762698171864059e+02
1.394082826282578376e-04 1.139841083698405697e+02
1.433219225503574155e-04 1.170733186198744704e+02
1.473454309619835539e-04 1.202460935571433538e+02
1.514818922258346051e-04 1.235046900322509913e+02
1.557344772926134557e-04 1.268514066768917701e+02
1.601064461318317826e-04 1.302886038223290370e+02
1.646011502308550778e-04 1.338187212373254056e+02
1.692220351641037391e-04 1.374442542328875163e+02
1.739726432343801689e-04 1.411677464047627097e+02
1.788566161883461665e-04 1.449918282589807177e+02
1.838776980082327715e-04 1.489192160630287844e+02
1.890397377819221208e-04 1.529526639608295397e+02
1.943466926536020897e-04 1.570949860049730944e+02
1.998026308572550618e-04 1.613491026400651265e+02
2.054117348353064979e-04 1.657180135911893615e+02
2.111783044448243749e-04 1.702047760287888991e+02
2.171067602537265953e-04 1.748125251555590864e+02
2.232016469295233991e-04 1.795444806068011872e+02
2.294676367231936914e-04 1.844039420708367629e+02
2.359095330508635614e-04 1.893942928522440639e+02
2.425322741760353111e-04 1.945190194191943078e+02
2.493409369951879494e-04 1.997817005088899975e+02
2.563407409296515377e-04 2.051859724821406701e+02
2.635370519267394326e-04 2.107355589637331832e+02
2.709353865732051759e-04 2.164342936829665405e+02
2.785414163241767813e-04 2.222861133968077070e+02
2.863609718508116210e-04 2.282950587969465062e+02
2.944000475100034728e-04 2.344652596954233843e+02
3.026648059395691654e-04 2.408009368236949683e+02
3.111615827824361444e-04 2.473064162477095920e+02
3.198968915434537695e-04 2.539861360877455070e+02
3.288774285825511105e-04 2.608446648614014407e+02
3.381100782480684795e-04 2.678866628134887264e+02
3.476019181541978613e-04 2.751168248978049746e+02
3.573602246065787046e-04 2.825400006707860712e+02
3.673924781802075296e-04 2.901612458652415398e+02
3.777063694539367416e-04 2.979856762975593369e+02
3.883098049059605528e-04 3.060184643814975516e+02
3.992109129748052884e-04 3.142649419218901699e+02
4.104180502904709654e-04 3.227305842128381528e+02
4.219398080805026588e-04 3.314209651871606184e+02
4.337850187558990231e-04 3.403417705652963150e+02
4.459627626819093779e-04 3.494987944656344325e+02
4.584823751389095932e-04 3.588979827125277211e+02
4.713534534786909978e-04 3.685454538593243683e+02
4.845858644816496185e-04 3.784474127392349487e+02
4.981897519205162042e-04 3.886101494328926265e+02
5.121755443364240474e-04 3.990401199037660263e+02
5.265539630332758715e-04 4.097439262871051255e+02
5.413360302965379654e-04 4.207282466591105390e+02
5.565330778427647921e-04 4.319998887720764174e+02
5.721567555063251324e-04 4.435658364876861697e+02
5.882190401699957617e-04 4.554331977090659507e+02
6.047322449462647380e-04 4.676091788902623989e+02
6.217090286163829381e-04 4.801011100478538651e+02
6.391624053344003523e-04 4.929164499688180285e+02
6.571057546036271476e-04 5.060628093647418950e+02
6.755528315331644270e-04 5.195479332113261535e+02
6.945177773823697038e-04 5.333796265654431181e+02
7.140151304013400355e-04 5.475658111265801153e+02
7.340598369757211656e-04 5.621145669384301300e+02
7.546672630843890076e-04 5.770341014612231447e+02
7.758532060787837713e-04 5.923327322958162995e+02
7.976339067929278130e-04 6.080188528630875453e+02
8.200260619934130737e-04 6.241009306965073620e+02
8.430468371788971344e-04 6.405875740003008332e+02
8.667138797389231696e-04 6.574875265833792355e+02
8.910453324821514341e-04 6.748096584433702674e+02
9.160598475443706154e-04 6.925628807015466464e+02
9.417766006869523988e-04 7.107559748797941666e+02
9.682153059967085751e-04 7.293979404322931259e+02
9.953962309984236857e-04 7.484981642405654156e+02
1.023340212191642049e-03 7.680658683711798176e+02
1.052068671023622922e-03 7.881100660713618709e+02
1.081603630310709867e-03 8.086400456278720412e+02
1.111967731120699519e-03 8.296652788140147550e+02
1.143184250129150028e-03 8.511951567163429218e+02
1.175277117462945366e-03 8.732390996121026774e+02
1.208270935044776636e-03 8.958066564040836965e+02
1.242190995452617476e-03 9.189072304726139464e+02
1.277063301308643990e-03 9.425499061420903217e+02
1.312914585212465604e-03 9.667443548597224208e+02
1.349772330233942573e-03 9.915007269545320696e+02
1.387664790981308705e-03 1.016826915690293390e+03
1.426621015260737648e-03 1.042730780589830374e+03
1.466670866343968349e-03 1.069228920368825356e+03
1.507845045861051347e-03 1.096335857382805898e+03
1.550175117335769997e-03 1.124048225447878394e+03
1.593693530381775150e-03 1.152367162272339101e+03
1.638433645577984637e-03 1.181309506221292622e+03
1.684429760042315850e-03 1.210887765893977758e+03
1.731717133723354026e-03 1.241107825954591135e+03
1.780332016430114135e-03 1.271977776367672959e+03
1.830311675620612021e-03 1.303506645630014873e+03
1.881694424970556086e-03 1.335699228882615671e+03
1.934519653744045872e-03 1.368560516944735127e+03
1.988827856988810081e-03 1.402101986903153602e+03
2.044660666579116784e-03 1.436333200013675651e+03
2.102060883130158625e-03 1.471257459859637038e+03
2.161072508808377368e-03 1.506878862099045818e+03
2.221740781062885202e-03 1.543203218411429361e+03
2.284112207303824749e-03 1.580236188614754155e+03
2.348234600554276272e-03 1.617982722647840546e+03
2.414157116103019234e-03 1.656444916222872507e+03
2.481930289186255051e-03 1.695624101614265328e+03
2.551606073727184613e-03 1.735523471455379195e+03
2.623237882163122550e-03 1.776145191065536665e+03
2.696880626390694112e-03 1.817488943844218966e+03
2.772590759860483686e-03 1.859554304560731680e+03
2.850426320853435488e-03 1.902340971183782813e+03
2.930446976972143555e-03 1.945847003279642422e+03
3.012714070881164757e-03 1.990069024756381850e+03
3.097290667331408388e-03 2.035002856931848328e+03
3.184241601504654226e-03 2.080643321619643302e+03
3.273633528715246682e-03 2.126983903894446939e+03
3.365534975507094694e-03 2.174017088912101826e+03
3.460016392185110562e-03 2.221734481768073692e+03
3.557150206821386215e-03 2.270125928106634547e+03
3.657010880777490907e-03 2.319179363976746117e+03
3.759674965785466966e-03 2.368881922191901594e+03
3.865221162631264206e-03 2.419219621889558312e+03
3.973730381485608698e-03 2.470176092592544137e+03
4.085285803928562741e-03 2.521733134573070856e+03
4.199972946715305709e-03 2.573871089610799118e+03
4.317879727332022029e-03 2.626568466557731881e+03
4.439096531392168997e-03 2.679801583179209047e+03
4.563716281924761094e-03 2.733545041767171369e+03
4.691834510607797992e-03 2.787771704366076847e+03
4.823549431001468782e-03 2.842451961795790339e+03
4.958962013837215146e-03 2.897553873706311606e+03
5.098176064420424994e-03 2.953043477276542035e+03
5.241298302206058926e-03 3.008884633618807584e+03
5.388438442608223244e-03 3.065038503460130414e+03
5.539709281106404079e-03 3.121463858340983734e+03
5.695226779712823234e-03 3.178116972406305649e+03
5.855110155867242032e-03 3.234951278058352273e+03
6.019481973827276768e-03 3.291917199381000046e+03
6.188468238624385796e-03 3.348962230392338370e+03
6.362198492657489789e-03 3.406030992514241007e+03
6.540805914998253610e-03 3.463064741963639335e+03
6.724427423484249239e-03 3.520001914705231229e+03
6.913203779678128193e-03 3.576778321850531484e+03
7.107279696773417810e-03 3.633326052123893078e+03
7.306803950529504668e-03 3.689572238895955252e+03
7.511929493320966197e-03 3.745444553899264974e+03
7.722813571388646714e-03 3.800870568779706446e+03
7.939617845382279313e-03 3.855753442149707098e+03
8.162508514287231468e-03 3.909991891992202454e+03
8.391656442830155299e-03 3.963575751540277452e+03
8.627237292461452031e-03 4.016486976353065074e+03
8.869431656014713575e-03 4.068537507823822125e+03
9.118425196146570655e-03 4.119557738163986869e+03
9.374408787662998066e-03 4.169500058257799537e+03
9.637578663841087079e-03 4.218268492804128982e+03
9.908136566858672528e-03 4.265700512380816690e+03
1.018628990244687879e-02 4.311779872649715799e+03
1.047225189888434729e-02 4.356506290653399446e+03
1.076624177045493527e-02 4.399244341607905881e+03
1.106848488549412070e-02 4.439433767978911419e+03
1.137921293915315074e-02 4.477800798864265744e+03
1.169866413101306943e-02 4.514837135226447572e+03
1.202708334768511945e-02 4.549906884016939330e+03
1.236472235053715993e-02 4.582499466151729393e+03
1.271183996869028332e-02 4.612468274068492974e+03
1.306870229743346996e-02 4.640115909657032716e+03
1.343558290220825575e-02 4.665873335408798084e+03
1.381276302832009847e-02 4.688901348932068686e+03
1.420053181653682141e-02 4.708204774644747886e+03
1.459918652473978819e-02 4.724229577268963112e+03
1.500903275579736421e-02 4.737214744228546806e+03
1.543038469183564444e-02 4.746271461903589625e+03
1.586356533508591002e-02 4.751271472276876921e+03
1.630890675549331870e-02 4.753119499047696991e+03
1.676675034527700184e-02 4.751683398628095347e+03
1.723744708063620554e-02 4.746180406829362255e+03
1.772135779080359283e-02 4.736858585471579318e+03
1.821885343465167589e-02 4.724099822329580093e+03
1.873031538506437013e-02 4.707123815798549003e+03
1.925613572129198509e-02 4.685348565654111553e+03
1.979671752951332395e-02 4.659162339722513025e+03
2.035247521183577296e-02 4.628778110962836763e+03
2.092383480396978190e-02 4.594051056085721029e+03
2.151123430182166549e-02 4.554939638331951755e+03
2.211512399725490061e-02 4.511495495310337901e+03
2.273596682327716154e-02 4.463765739651176773e+03
2.337423870891815886e-02 4.411810005272730450e+03
2.403042894406967958e-02 4.355724094060738025e+03
2.470504055456825693e-02 4.295632720580991190e+03
2.539859068780726467e-02 4.231690026738119741e+03
2.611161100917459149e-02 4.164080365075583359e+03
2.684464810961964890e-02 4.093017906888824655e+03
2.759826392466179640e-02 4.018750720389758044e+03
2.837303616516213128e-02 3.941558827851365550e+03
2.916955876018797328e-02 3.861751764668490978e+03
2.998844231231028931e-02 3.779668505664054464e+03
3.083031456568277942e-02 3.695677375469270373e+03
3.169582088726115993e-02 3.610170914149272448e+03
3.258562476153226140e-02 3.523563770822139304e+03
3.350040829913133317e-02 3.436289545157605517e+03
3.444087275973822804e-02 3.348794528102193908e+03
3.540773908965272332e-02 3.261532704625150018e+03
3.640174847446139839e-02 3.174962062786784372e+03
3.742366290721982347e-02 3.089535643165454076e+03
3.847426577258503816e-02 3.005693849284710268e+03
3.955436244734702317e-02 2.923858870766953714e+03
4.066478091781854792e-02 2.844427426830302011e+03
4.180637241455758407e-02 2.767758597343179645e+03
4.298001206490798670e-02 2.694167624133940080e+03
4.418659956385941057e-02 2.623919390155108886e+03
4.542705986374045990e-02 2.557216793353743469e+03
4.670234388327333674e-02 2.494194013938570151e+03
4.801342923653453137e-02 2.434909114789796149e+03
4.936132098237919208e-02 2.379333415967176734e+03
5.074705239490467923e-02 2.327351410375881187e+03
5.217168575554350513e-02 2.278748266072012029e+03
5.363631316739241039e-02 2.233212006541146820e+03
5.514205739240302800e-02 2.190329873799230882e+03
5.669007271207433807e-02 2.149602328650388699e+03
5.828154581230844677e-02 2.110365882789760235e+03
5.991769669310622465e-02 2.072558839198634814e+03
6.159977960380166873e-02 2.034277535607538994e+03
6.332908400455118658e-02 1.995354419284544974e+03
6.510693555481457395e-02 1.954952137866881458e+03
6.693469712958663442e-02 1.912312434666518584e+03
6.881376986415664587e-02 1.866758399550114746e+03
7.074559422819878818e-02 1.817736883897662665e+03
7.273165113001461846e-02 1.764874025523558203e+03
7.477346305177587360e-02 1.707998067051628823e+03
7.687259521663733497e-02 1.647052967308165535e+03
7.903065678861345700e-02 1.582608006504187870e+03
8.124930210614052239e-02 1.515335621665884673e+03
8.353023195026774983e-02 1.446173826694251147e+03
8.587519484845174134e-02 1.376273513848274206e+03
8.828598841495152727e-02 1.306937018588463843e+03
9.076446072885357985e-02 1.239526884293409239e+03
9.331251175078249249e-02 1.175368345794346624e+03
9.593209477938241525e-02 1.115655591843928050e+03
9.862521794868782388e-02 1.061353507044921344e+03
1.013939457675292477e-01 1.013115823328775036e+03
1.042404007021556500e-01 9.712293646988310911e+02
1.071667648032863795e-01 9.355698568473191017e+02
1.101752813788386687e-01 9.055836886153363139e+02
1.132682567136154145e-01 8.802977522349991659e+02
1.164480618372685794e-01 8.583750878304006164e+02
1.197171343418966943e-01 8.382042071897512869e+02
1.230779802506665743e-01 8.180402118099650579e+02
1.265331759388942934e-01 7.962032749810239238e+02
1.300853701090571579e-01 7.713069463495469336e+02
1.337372858212496074e-01 7.424966616741539838e+02
1.374917225806419896e-01 7.096189845665518305e+02
1.413515584835395023e-01 6.732816160735900439e+02
1.453197524236895799e-01 6.347913526846086825e+02
1.493993463605258198e-01 5.959436968757528348e+02
1.535934676510897212e-01 5.587097346673990614e+02
1.579053314474175851e-01 5.248580808570317231e+02
1.623382431612278298e-01 4.956429866942944500e+02
1.668956009978024568e-01 4.716197313075725219e+02
1.715808985610006165e-01 4.525228057682992358e+02
1.763977275314044801e-01 4.372856246561120770e+02
1.813497804196496366e-01 4.242603646088368237e+02
1.864408533970486059e-01 4.115396988519139541e+02
1.916748492056815356e-01 3.973663758796490129e+02
1.970557801501798822e-01 3.806240118023209220e+02
2.025877711735017406e-01 3.611719034994859499e+02
2.082750630190516594e-01 3.398530080519868193e+02
2.141220154815729193e-01 3.182340325997888044e+02
2.201331107493031680e-01 2.980541309448260563e+02
2.263129568399529223e-01 2.806323156687155347e+02
2.326662911331459360e-01 2.664876921694983025e+02
2.391979840020238557e-01 2.551817773980523327e+02
2.459130425468044889e-01 2.455254204600099968e+02
2.528166144331501219e-01 2.360403025206298366e+02
2.599139918382933900e-01 2.255479692750385539e+02
2.672106155079435608e-01 2.136729410022272191e+02
2.747120789270811603e-01 2.009466227995837073e+02
2.824241326078435477e-01 1.884826888376448721e+02
2.903526884977813416e-01 1.773372246378441730e+02
2.985038245118734057e-01 1.679872173832958424e+02
3.068837891917643446e-01 1.601228555767880835e+02
3.154990064958086982e-01 1.529092334871136529e+02
3.243560807235809640e-01 1.455072357994018546e+02
3.334618015786366407e-01 1.375880023530796734e+02
3.428231493733970847e-01 1.294679104262984026e+02
3.524473003801584237e-01 1.217885384839978116e+02
3.623416323323152555e-01 1.150043293431202045e+02
3.725137300800212548e-01 1.090683543158735205e+02
3.829713914046279921e-01 1.035475846245185920e+02
3.937226329963477989e-01 9.802437303780926925e+01
4.047756965997323930e-01 9.243006462085827479e+01
4.161390553316708374e-01 8.702479903677904360e+01
4.278214201767614466e-01 8.207879853773330581e+01
4.398317466650228380e-01 7.760282688751841818e+01
4.521792417370701922e-01 7.338712180970267696e+01
4.648733708020256206e-01 6.925802308503263305e+01
4.779238649935594330e-01 6.524290702780172069e+01
4.913407286296365140e-01 6.147342755124220304e+01
5.051342468816764075e-01 5.799264428967806850e+01
5.193149936590210070e-01 5.471755115893454757e+01
5.338938397147356962e-01 5.156877635477489008e+01
5.488819609789672427e-01 4.856029244602798656e+01
5.642908471262538805e-01 4.573817991648926551e+01
5.801323103833373462e-01 4.309420299785789155e+01
5.964184945842465613e-01 4.058548108299579837e+01
6.131618844795774237e-01 3.819956486180658572e+01
6.303753153071274262e-01 3.595075246125332313e+01
6.480719826311974741e-01 3.383596441421283174e+01
6.662654524581153037e-01 3.183686216998880170e+01
6.849696716357442927e-01 2.994456716185390377e+01
7.041989785449285222e-01 2.816242613219460722e+01
7.239681140910878554e-01 2.648244480640841303e+01
7.442922330043759693e-01 2.489645377358871059e+01
7.651869154570819509e-01 2.340119025434265154e+01
7.866681790071589075e-01 2.199190176454988688e+01
8.087524908770455934e-01 2.066334523246030841e+01
8.314567805772061782e-01 1.941139784048818484e+01
8.547984528840417706e-01 1.823216167691012757e+01
8.787954011821322853e-01 1.712135378246141570e+01
9.034660211810530139e-01 1.607545602957551978e+01
9.288292250172494047e-01 1.509094387029094975e+01
9.549044557518088228e-01 1.416435230169672366e+01
9.817117022752195332e-01 1.329244501732324046e+01
1.009271514630570854e+00 1.247215338683817443e+01
1.037605019766912440e+00 1.170051374026981428e+01
1.066733937734857918e+00 1.097477689530035327e+01
1.096680598336868151e+00 1.029238193963469783e+01
1.127467958244945612e+00 9.650901925463902131e+00
1.159119618598886126e+00 9.048015907410876579e+00
1.191659843098559213e+00 8.481520038110307524e+00
1.225113576604118126e+00 7.949318239994282109e+00
1.259506464258359104e+00 7.449381902220927998e+00
1.294864871145904983e+00 6.979820111161695095e+00
1.331215902504307769e+00 6.538878969366725968e+00
1.368587424502517580e+00 6.124906676160945196e+00
1.407008085602686087e+00 5.736354352107316146e+00
1.446507338521646480e+00 5.371714805656665703e+00
1.487115462808953126e+00 5.029505722576824489e+00
1.528863588058731571e+00 4.709097323408763636e+00
1.571783717773163280e+00 4.409100779385155988e+00
1.615908753895917815e+00 4.128215738107251731e+00
1.661272522034291654e+00 3.865224687092072120e+00
1.707909797389428608e+00 3.618987676394024522e+00
1.755856331414468618e+00 3.388437377425825403e+00
1.805148879221108116e+00 3.172574456560911305e+00
1.855825227755520057e+00 2.970463243463940195e+00
1.907924224765265908e+00 2.781227675373519226e+00
1.961485808579430667e+00 2.604047499757419892e+00
2.016551038724745393e+00 2.438154718880457317e+00
2.073162127401231736e+00 2.282830260873816464e+00
2.131362471841438122e+00 2.137400862876384977e+00
2.191196687578147895e+00 2.001236152737873919e+00
2.252710642645982198e+00 1.873745916634220965e+00
2.315951492743154372e+00 1.754377540751576481e+00
2.380967717380357840e+00 1.642613615949714223e+00
2.447809157044444017e+00 1.537969695022140204e+00
2.516527051405392790e+00 1.439992192831614171e+00
2.587174078595922744e+00 1.348256420219092533e+00
2.659804395593756698e+00 1.262364743163969738e+00
2.734473679737583041e+00 1.181944859216379706e+00
2.811239171408464355e+00 1.106648183730659651e+00
2.890159717909508874e+00 1.036148338905009902e+00
2.971295818577336600e+00 9.701397390780058805e-01
3.054709671159970164e+00 9.083362661498454171e-01
3.140465219496751281e+00 8.504700293868708849e-01
3.228628202536729219e+00 7.962902042336650332e-01
3.319266204733191561e+00 7.455619450994851460e-01
3.412448707852890450e+00 6.980653674064466463e-01
3.508247144239789783e+00 6.535945944870810154e-01
3.606734951574031900e+00 6.119568651999949260e-01
3.707987629168172372e+00 5.729716983955365217e-01
3.812082795843888317e+00 5.364701106097966576e-01
3.919100249433401739e+00 5.022938835959955828e-01
4.029122027951350660e+00 4.702948785183264091e-01
4.142232472483896366e+00 4.403343938355906428e-01
4.258518291843413017e+00 4.122825640913319045e-01
4.378068629038172510e+00 3.860177970044922913e-01
4.500975129608047354e+00 3.614262464206263181e-01
4.627332011878690032e+00 3.384013188391497007e-01
4.757236139187885904e+00 3.168432113776353254e-01
4.890787094139594338e+00 2.966584791704387492e-01
5.028087254942479767e+00 2.777596303265143507e-01
5.169241873891597727e+00 2.600647466907454741e-01
5.314359158053243881e+00 2.434971287649550509e-01
5.463550352214879169e+00 2.279849632494883871e-01
5.616929824163807261e+00 2.134610117643050142e-01
5.774615152359817039e+00 1.998623194003257275e-01
5.936727216069127344e+00 1.871299418377319612e-01
6.103390288028621491e+00 1.752086898483970756e-01
6.274732129711575013e+00 1.640468900749799119e-01
6.450884089267698407e+00 1.535961610497639795e-01
6.631981202212673843e+00 1.438112034823829100e-01
6.818162294944477786e+00 1.346496039074221163e-01
7.009570091165615580e+00 1.260716508407961900e-01
7.206351321293055889e+00 1.180401626480203497e-01
7.408656834939563396e+00 1.105203263782621181e-01
7.616641716552886798e+00 1.034795468655890921e-01
7.830465404301192756e+00 9.688730544333402916e-02
8.050291812295983007e+00 9.071502765916626687e-02
8.276289456246344045e+00 8.493595941747267286e-02
8.508631582640587609e+00 7.952505101218054762e-02
8.747496301554422260e+00 7.445884854735533576e-02
8.993066723187620681e+00 6.971539227493017687e-02
9.245531098233566780e+00 6.527412140890570535e-02
9.505082962189515428e+00 6.111578500343208681e-02
9.771921283717999174e+00 5.722235850846899702e-02
1.004625061717340628e+01 5.357696564132938266e-02
1.032828125941029640e+01 5.016380523545444642e-02
1.061822941099384643e+01 4.696808274934193006e-02
1.091631734193614811e+01 4.397594613874882680e-02
1.122277356208507015e+01 4.117442581420321240e-02
1.153783299629661485e+01 3.855137842356742145e-02
1.186173716452478821e+01 3.609543421597462276e-02
1.219473436696737778e+01 3.379594775898514536e-02
1.253707987440921379e+01 3.164295179534282187e-02
1.288903612390893194e+01 2.962711403932104942e-02
1.325087291997952832e+01 2.773969672538967313e-02
1.362286764141645712e+01 2.597251873386411183e-02
1.400530545393221082e+01 2.431792012936818612e-02
1.439847952876007753e+01 2.276872895840046859e-02
1.480269126739508501e+01 2.131823016208636568e-02
1.521825053264387861e+01 1.996013646936643793e-02
1.564547588616096618e+01 1.868856114445576269e-02
1.608469483265355748e+01 1.749799247044665426e-02
1.653624407094179460e+01 1.638326985845245734e-02
1.700046975206718614e+01 1.533956147873604368e-02
1.747772774464680978e+01 1.436234331686390975e-02
1.796838390767719673e+01 1.344737956410357871e-02
1.847281437099635681e+01 1.259070425706520883e-02
1.899140582361934904e+01 1.178860408700359123e-02
1.952455581016860364e+01 1.103760230426624293e-02
2.007267303562567662e+01 1.033444364812065829e-02
2.063617767863859598e+01 9.676080236638068613e-03
2.121550171362450854e+01 9.059658355472675548e-03
2.181108924191518383e+01 8.482506088271491579e-03
2.242339683219847757e+01 7.942121735098129839e-03
2.305289387051708516e+01 7.436162968669507954e-03
2.370006292009328064e+01 6.962436681402553972e-03
2.436540009125468131e+01 6.518889479262332878e-03
2.504941542174504221e+01 6.103598781206654063e-03
2.575263326771200667e+01 5.714764485647170697e-03
2.647559270567065681e+01 5.350701167804761647e-03
2.721884794575180422e+01 5.009830774138197829e-03
2.798296875655116978e+01 4.690675782179644024e-03
2.876854090190592217e+01 4.391852796127932584e-03
2.957616658993256564e+01 4.112066550439327957e-03
3.040646493467068723e+01 3.850104295423984347e-03
3.126007243068703190e+01 3.604830540512170018e-03
3.213764344100275139e+01 3.375182132404608119e-03
3.303985069871860247e+01 3.160163646772914860e-03
3.396738582272208617e+01 2.958843073535184515e-03
3.492095984787270169e+01 2.770347777004297102e-03
3.590130377007073292e+01 2.593860713397981230e-03
3.690916910662779316e+01 2.428616889315210643e-03
3.794532847236938977e+01 2.273900045827989113e-03
3.901057617190990356e+01 2.129039553815536504e-03
4.010572880855499989e+01 1.993407507083512758e-03
4.123162591029752377e+01 1.866416000668248091e-03
4.238913057338778145e+01 1.747514582528618366e-03
4.357913012397032304e+01 1.636187867579784808e-03
4.480253679829492341e+01 1.531953303726689376e-03
4.606028844202401018e+01 1.434359080214044025e-03
4.735334922917113687e+01 1.342982169226438578e-03
4.868271040122284887e+01 1.257426492249769231e-03
5.004939102700954123e+01 1.177321203245973924e-03
5.145443878390924652e+01 1.102319081199397942e-03
5.289893076098154978e+01 1.032095025067187710e-03
5.438397428464800498e+01 9.663446446099865396e-04
5.591070776755292115e+01 9.047829409948086833e-04
5.748030158125349942e+01 8.471430714510896909e-04
5.909395895340973937e+01 7.931751926252369632e-04
6.075291689016074059e+01 7.426453776201425144e-04
6.245844712439613744e+01 6.953346020254944863e-04
6.421185709064765490e+01 6.510377945437834492e-04
6.601449092734890201e+01 6.095629480968834616e-04
6.786773050723294887e+01 5.707302875602489204e-04
6.977299649665530978e+01 5.343714905172233668e-04
7.173174944465618807e+01 5.003289576557729034e-04
7.374549090259552031e+01 4.684551296451394046e-04
7.581576457522108115e+01 4.386118475313723866e-04
7.794415750404954224e+01 4.106697538793403096e-04
8.013230128396889995e+01 3.845077320654340667e-04
8.238187331399603863e+01 3.600123812905457353e-04
8.469459808314594795e+01 3.370775250377355901e-04
8.707224849239922548e+01 3.156037508439687262e-04
8.951664721378301692e+01 2.954979793910350486e-04
9.202966808760409378e+01 2.766730610478524408e-04
9.461323755890775544e+01 2.590473981153423844e-04
9.726933615426175095e+01 2.425445911364761684e-04
9.999999999999995737e+01 2.270931077384029048e-04
