1.000000000000000048e-04 2.740069776829973591e+01
1.028073223830865281e-04 2.814366250839916717e+01
1.056934553557988362e-04 2.890675551676525501e+01
1.086606113854597351e-04 2.969052061090826555e+01
1.117110650504824041e-04 3.049551727105068366e+01
1.148471547840289439e-04 3.132231506318666092e+01
1.180712846666190141e-04 3.217149836142719010e+01
1.213859262690628250e-04 3.304367764448927147e+01
1.247936205471311189e-04 3.393947911753505053e+01
1.282969797894147957e-04 3.485953562727556232e+01
1.318986896198670199e-04 3.580449902664054918e+01
1.356015110565633925e-04 3.677504404675848093e+01
1.394082826282578376e-04 3.777185763710997435e+01
1.433219225503574155e-04 3.879564044976740433e+01
1.473454309619835539e-04 3.984712207289224040e+01
1.514818922258346051e-04 4.092705558053227577e+01
1.557344772926134557e-04 4.203620595050647779e+01
1.601064461318317826e-04 4.317535535426716109e+01
1.646011502308550778e-04 4.434530511405561271e+01
1.692220351641037391e-04 4.554688339001065600e+01
1.739726432343801689e-04 4.678094900144927948e+01
1.788566161883461665e-04 4.804837324350681627e+01
1.838776980082327715e-04 4.935004115201575559e+01
1.890397377819221208e-04 5.068687096339861142e+01
1.943466926536020897e-04 5.205980923505688196e+01
1.998026308572550618e-04 5.346981984313644887e+01
2.054117348353064979e-04 5.491789117999629610e+01
2.111783044448243749e-04 5.640504194561123796e+01
2.171067602537265953e-04 5.793231819649644621e+01
2.232016469295233991e-04 5.950079294127390739e+01
2.294676367231936914e-04 6.111156234456065306e+01
2.359095330508635614e-04 6.276574703828920576e+01
2.425322741760353111e-04 6.446450185738063965e+01
2.493409369951879494e-04 6.620901328389196294e+01
2.563407409296515377e-04 6.800049209080843582e+01
2.635370519267394326e-04 6.984018127902815820e+01
2.709353865732051759e-04 7.172936429356020938e+01
2.785414163241767813e-04 7.366935016799581604e+01
2.863609718508116210e-04 7.566146760501234780e+01
2.944000475100034728e-04 7.770709229171686161e+01
3.026648059395691654e-04 7.980764640775566932e+01
3.111615827824361444e-04 8.196456361715286221e+01
3.198968915434537695e-04 8.417930444317869387e+01
3.288774285825511105e-04 8.645339302235851164e+01
3.381100782480684795e-04 8.878839056561345444e+01
3.476019181541978613e-04 9.118586861155569068e+01
3.573602246065787046e-04 9.364744429808034454e+01
3.673924781802075296e-04 9.617479394407561699e+01
3.777063694539367416e-04 9.876962319696770010e+01
3.883098049059605528e-04 1.014336653162139754e+02
3.992109129748052884e-04 1.041686906797229852e+02
4.104180502904709654e-04 1.069765131004279084e+02
4.219398080805026588e-04 1.098590081623038230e+02
4.337850187558990231e-04 1.128180927217129437e+02
4.459627626819093779e-04 1.158557007214360794e+02
4.584823751389095932e-04 1.189738071481922930e+02
4.713534534786909978e-04 1.221744354087655751e+02
4.845858644816496185e-04 1.254596665557253488e+02
4.981897519205162042e-04 1.288316361691250904e+02
5.121755443364240474e-04 1.322924864380978818e+02
5.265539630332758715e-04 1.358443895347455737e+02
5.413360302965379654e-04 1.394896071341780157e+02
5.565330778427647921e-04 1.432304501989549124e+02
5.721567555063251324e-04 1.470692366342541959e+02
5.882190401699957617e-04 1.510083294074743492e+02
6.047322449462647380e-04 1.550501482109305300e+02
6.217090286163829381e-04 1.591971565489185423e+02
6.391624053344003523e-04 1.634518602314363420e+02
6.571057546036271476e-04 1.678168057021213428e+02
6.755528315331644270e-04 1.722945777140492680e+02
6.945177773823697038e-04 1.768877794434986868e+02
7.140151304013400355e-04 1.815990639194634468e+02
7.340598369757211656e-04 1.864311717484073938e+02
7.546672630843890076e-04 1.913868626269623689e+02
7.758532060787837713e-04 1.964688791705434312e+02
7.976339067929278130e-04 2.016800188001339791e+02
8.200260619934130737e-04 2.070231391526761513e+02
8.430468371788971344e-04 2.125011228865991200e+02
8.667138797389231696e-04 2.181168820399581421e+02
8.910453324821514341e-04 2.238733654296056272e+02
9.160598475443706154e-04 2.297735443849773276e+02
9.417766006869523988e-04 2.358203811594416948e+02
9.682153059967085751e-04 2.420168796010395056e+02
9.953962309984236857e-04 2.483661059073862702e+02
1.023340212191642049e-03 2.548711282141555046e+02
1.052068671023622922e-03 2.615350068445823126e+02
1.081603630310709867e-03 2.683608061642966618e+02
1.111967731120699519e-03 2.753516048109143526e+02
1.143184250129150028e-03 2.825105277520954132e+02
1.175277117462945366e-03 2.898407125897574588e+02
1.208270935044776636e-03 2.973452646884352930e+02
1.242190995452617476e-03 3.050272735925939855e+02
1.277063301308643990e-03 3.128898096624396885e+02
1.312914585212465604e-03 3.209360368215205312e+02
1.349772330233942573e-03 3.291691764573065484e+02
1.387664790981308705e-03 3.375919369280580327e+02
1.426621015260737648e-03 3.462070721690291748e+02
1.466670866343968349e-03 3.550196339478150662e+02
1.507845045861051347e-03 3.640340786606095662e+02
1.550175117335769997e-03 3.732499997916706320e+02
1.593693530381775150e-03 3.826682126783783815e+02
1.638433645577984637e-03 3.922938021328120612e+02
1.684429760042315850e-03 4.021307009520117504e+02
1.731717133723354026e-03 4.121810676606726247e+02
1.780332016430114135e-03 4.224476407818764301e+02
1.830311675620612021e-03 4.329333959394211888e+02
1.881694424970556086e-03 4.436401424395131698e+02
1.934519653744045872e-03 4.545697228345133567e+02
1.988827856988810081e-03 4.657257076984757873e+02
2.044660666579116784e-03 4.771111614345201133e+02
2.102060883130158625e-03 4.887274923165575160e+02
2.161072508808377368e-03 5.005762249865790636e+02
2.221740781062885202e-03 5.126592362336089082e+02
2.284112207303824749e-03 5.249784138927383310e+02
2.348234600554276272e-03 5.375354828789811563e+02
2.414157116103019234e-03 5.503313615726553962e+02
2.481930289186255051e-03 5.633666787620853711e+02
2.551606073727184613e-03 5.766423589036954809e+02
2.623237882163122550e-03 5.901590423931374971e+02
2.696880626390694112e-03 6.039167925147056621e+02
2.772590759860483686e-03 6.179155418461847376e+02
2.850426320853435488e-03 6.321551193066158021e+02
2.930446976972143555e-03 6.466347950322176530e+02
3.012714070881164757e-03 6.613533770289043332e+02
3.097290667331408388e-03 6.763095413740485355e+02
3.184241601504654226e-03 6.915016536061638135e+02
3.273633528715246682e-03 7.069275220801207524e+02
3.365534975507094694e-03 7.225845625476968053e+02
3.460016392185110562e-03 7.384698366414334032e+02
3.557150206821386215e-03 7.545799816982600987e+02
3.657010880777490907e-03 7.709111799013869586e+02
3.759674965785466966e-03 7.874591058929627252e+02
3.865221162631264206e-03 8.042189400841398310e+02
3.973730381485608698e-03 8.211854048535484480e+02
4.085285803928562741e-03 8.383526518363090645e+02
4.199972946715305709e-03 8.557139908256714307e+02
4.317879727332022029e-03 8.732622521491307452e+02
4.439096531392168997e-03 8.909899517130996855e+02
4.563716281924761094e-03 9.088887662336207995e+02
4.691834510607797992e-03 9.269494314128510268e+02
4.823549431001468782e-03 9.451621063902492779e+02
4.958962013837215146e-03 9.635163309218343102e+02
5.098176064420424994e-03 9.820007605506019672e+02
5.241298302206058926e-03 1.000603265447363128e+03
5.388438442608223244e-03 1.019310918137731051e+03
5.539709281106404079e-03 1.038109982024795727e+03
5.695226779712823234e-03 1.056985818726835532e+03
5.855110155867242032e-03 1.075922895067608806e+03
6.019481973827276768e-03 1.094904747319847274e+03
6.188468238624385796e-03 1.113913909845425906e+03
6.362198492657489789e-03 1.132931959158364634e+03
6.540805914998253610e-03 1.151939485724649785e+03
6.724427423484249239e-03 1.170916106445494961e+03
6.913203779678128193e-03 1.189840232555028706e+03
7.107279696773417810e-03 1.208689040730891975e+03
7.306803950529504668e-03 1.227438236228629194e+03
7.511929493320966197e-03 1.246063833667582230e+03
7.722813571388646714e-03 1.264541935936221307e+03
7.939617845382279313e-03 1.282840367581840610e+03
8.162508514287231468e-03 1.300925261324223356e+03
8.391656442830155299e-03 1.318792440475320063e+03
8.627237292461452031e-03 1.336435339270336954e+03
8.869431656014713575e-03 1.353792648325902064e+03
9.118425196146570655e-03 1.370808798170207410e+03
9.374408787662998066e-03 1.387467092678762356e+03
9.637578663841087079e-03 1.403734988185893599e+03
9.908136566858672528e-03 1.419558360050536066e+03
1.018628990244687879e-02 1.434931759760422210e+03
1.047225189888434729e-02 1.449855098478352147e+03
1.076624177045493527e-02 1.464117393162132203e+03
1.106848488549412070e-02 1.477532473625660714e+03
1.137921293915315074e-02 1.490340881387759055e+03
1.169866413101306943e-02 1.502705509730106996e+03
1.202708334768511945e-02 1.514415468836756190e+03
1.236472235053715993e-02 1.525301091308667765e+03
1.271183996869028332e-02 1.535313060549141710e+03
1.306870229743346996e-02 1.544551954953164341e+03
1.343558290220825575e-02 1.553161337147216727e+03
1.381276302832009847e-02 1.560861551450597290e+03
1.420053181653682141e-02 1.567321011628975157e+03
1.459918652473978819e-02 1.572688581114692852e+03
1.500903275579736421e-02 1.577044288933487678e+03
1.543038469183564444e-02 1.580092449626687085e+03
1.586356533508591002e-02 1.581789981101089325e+03
1.630890675549331870e-02 1.582437107476926030e+03
1.676675034527700184e-02 1.581989804194147382e+03
1.723744708063620554e-02 1.580188016142848255e+03
1.772135779080359283e-02 1.577114063414420571e+03
1.821885343465167589e-02 1.572894690148099016e+03
1.873031538506437013e-02 1.567270469708035534e+03
1.925613572129198509e-02 1.560047822952077695e+03
1.979671752951332395e-02 1.551355511350207507e+03
2.035247521183577296e-02 1.541264090091276103e+03
2.092383480396978190e-02 1.529725303324891456e+03
2.151123430182166549e-02 1.516725646289535462e+03
2.211512399725490061e-02 1.502282743311543300e+03
2.273596682327716154e-02 1.486411750056010533e+03
2.337423870891815886e-02 1.469131921624494908e+03
2.403042894406967958e-02 1.450475639154117744e+03
2.470504055456825693e-02 1.430484693315743925e+03
2.539859068780726467e-02 1.409210097232134103e+03
2.611161100917459149e-02 1.386713065374892039e+03
2.684464810961964890e-02 1.363064932328383748e+03
2.759826392466179640e-02 1.338348482956715543e+03
2.837303616516213128e-02 1.312656855371917572e+03
2.916955876018797328e-02 1.286093180260077816e+03
2.998844231231028931e-02 1.258770671557512514e+03
3.083031456568277942e-02 1.230811630797856651e+03
3.169582088726115993e-02 1.202346895766653006e+03
3.258562476153226140e-02 1.173514608127115025e+03
3.350040829913133317e-02 1.144458933406725009e+03
3.444087275973822804e-02 1.115328921067189867e+03
3.540773908965272332e-02 1.086275883470891586e+03
3.640174847446139839e-02 1.057452012408227347e+03
3.742366290721982347e-02 1.029008373614834454e+03
3.847426577258503816e-02 1.001091970404387780e+03
3.955436244734702317e-02 9.738432292039236700e+02
4.066478091781854792e-02 9.473940502891407505e+02
4.180637241455758407e-02 9.218645076480527223e+02
4.298001206490798670e-02 8.973596310941022693e+02
4.418659956385941057e-02 8.739674816039557754e+02
4.542705986374045990e-02 8.517558425020370123e+02
4.670234388327333674e-02 8.307694179629323799e+02
4.801342923653453137e-02 8.110274263740676588e+02
4.936132098237919208e-02 7.925206345131663284e+02
5.074705239490467923e-02 7.752101605227554728e+02
5.217168575554350513e-02 7.590252041704529802e+02
5.363631316739241039e-02 7.438613906210016467e+02
5.514205739240302800e-02 7.295809477511025989e+02
5.669007271207433807e-02 7.160183640949154551e+02
5.828154581230844677e-02 7.029520315713338050e+02
5.991769669310622465e-02 6.903615933202349879e+02
6.159977960380166873e-02 6.776129358462334267e+02
6.332908400455118658e-02 6.646503354876491585e+02
6.510693555481457395e-02 6.511946268594383582e+02
6.693469712958663442e-02 6.369937131324725215e+02
6.881376986415664587e-02 6.218216166689466036e+02
7.074559422819878818e-02 6.054943418221056390e+02
7.273165113001461846e-02 5.878874489582743763e+02
7.477346305177587360e-02 5.689434203854946190e+02
7.687259521663733497e-02 5.486438177231250393e+02
7.903065678861345700e-02 5.271783059669153317e+02
8.124930210614052239e-02 5.047707011128638896e+02
8.353023195026774983e-02 4.817335569782706557e+02
8.587519484845174134e-02 4.584502073266010029e+02
8.828598841495152727e-02 4.353544423466561284e+02
9.076446072885357985e-02 4.129004927391869160e+02
9.331251175078249249e-02 3.915291851165782191e+02
9.593209477938241525e-02 3.716389440285081491e+02
9.862521794868782388e-02 3.535508581120480471e+02
1.013939457675292477e-01 3.374829158727782215e+02
1.042404007021556500e-01 3.235305071265802326e+02
1.071667648032863795e-01 3.116522568404710114e+02
1.101752813788386687e-01 3.016638657955709846e+02
1.132682567136154145e-01 2.932410784027041473e+02
1.164480618372685794e-01 2.859387228910815679e+02
1.197171343418966943e-01 2.792198410498122598e+02
1.230779802506665743e-01 2.725031630461154464e+02
1.265331759388942934e-01 2.652292747793934495e+02
1.300853701090571579e-01 2.569361555466699087e+02
1.337372858212496074e-01 2.473392000371463553e+02
1.374917225806419896e-01 2.363872769467503474e+02
1.413515584835395023e-01 2.242828558336406388e+02
1.453197524236895799e-01 2.114612236743625715e+02
1.493993463605258198e-01 1.985205063114845530e+02
1.535934676510897212e-01 1.861172840842659753e+02
1.579053314474175851e-01 1.748408078545410262e+02
1.623382431612278298e-01 1.651087869024883332e+02
1.668956009978024568e-01 1.571062768046344900e+02
1.715808985610006165e-01 1.507447687307657134e+02
1.763977275314044801e-01 1.456690126733632269e+02
1.813497804196496366e-01 1.413301552382410193e+02
1.864408533970486059e-01 1.370926712551904529e+02
1.916748492056815356e-01 1.323713431508003566e+02
1.970557801501798822e-01 1.267941683318901198e+02
2.025877711735017406e-01 1.203142854748753621e+02
2.082750630190516594e-01 1.132125597155921213e+02
2.141220154815729193e-01 1.060108416046423230e+02
2.201331107493031680e-01 9.928853674105911864e+01
2.263129568399529223e-01 9.348494375687499769e+01
2.326662911331459360e-01 8.877308244787403169e+01
2.391979840020238557e-01 8.500687828983726035e+01
2.459130425468044889e-01 8.179014353272809501e+01
2.528166144331501219e-01 7.863046549867314639e+01
2.599139918382933900e-01 7.513525047100326049e+01
2.672106155079435608e-01 7.117940053092328867e+01
2.747120789270811603e-01 6.694001765301599960e+01
2.824241326078435477e-01 6.278799952885654534e+01
2.903526884977813416e-01 5.907519249725113042e+01
2.985038245118734057e-01 5.596050442338315634e+01
3.068837891917643446e-01 5.334071908129551076e+01
3.154990064958086982e-01 5.093768603479840351e+01
3.243560807235809640e-01 4.847192276104473052e+01
3.334618015786366407e-01 4.583384347824555505e+01
3.428231493733970847e-01 4.312885496040959765e+01
3.524473003801584237e-01 4.057068115242177697e+01
3.623416323323152555e-01 3.831070398337785576e+01
3.725137300800212548e-01 3.633329311617615076e+01
3.829713914046279921e-01 3.449420062885536709e+01
3.937226329963477989e-01 3.265429525511149933e+01
4.047756965997323930e-01 3.079069670190256147e+01
4.161390553316708374e-01 2.899007356021707693e+01
4.278214201767614466e-01 2.734244317282527348e+01
4.398317466650228380e-01 2.585139373425234766e+01
4.521792417370701922e-01 2.444704445894792144e+01
4.648733708020256206e-01 2.307153814298901295e+01
4.779238649935594330e-01 2.173400563326229573e+01
4.913407286296365140e-01 2.047830531849384528e+01
5.051342468816764075e-01 1.931877302490095616e+01
5.193149936590210070e-01 1.822776204261585420e+01
5.338938397147356962e-01 1.717882618221730340e+01
5.488819609789672427e-01 1.617662693755490722e+01
5.642908471262538805e-01 1.523651415155212696e+01
5.801323103833373462e-01 1.435574032736852779e+01
5.964184945842465613e-01 1.352002616894530895e+01
6.131618844795774237e-01 1.272521844424846194e+01
6.303753153071274262e-01 1.197608569522966526e+01
6.480719826311974741e-01 1.127159621222935115e+01
6.662654524581153037e-01 1.060564646685625156e+01
6.849696716357442927e-01 9.975277216471257091e+00
7.041989785449285222e-01 9.381603353507463439e+00
7.239681140910878554e-01 8.821960019498739314e+00
7.442922330043759693e-01 8.293625994781455901e+00
7.651869154570819509e-01 7.795517416279446721e+00
7.866681790071589075e-01 7.326048567683787205e+00
8.087524908770455934e-01 6.883474634900454525e+00
8.314567805772061782e-01 6.466421432313699036e+00
8.547984528840417706e-01 6.073588578266471139e+00
8.787954011821322853e-01 5.703550304956114481e+00
9.034660211810530139e-01 5.355135160148885021e+00
9.288292250172494047e-01 5.027171140132278282e+00
9.549044557518088228e-01 4.718501144406578085e+00
9.817117022752195332e-01 4.428046081596971995e+00
1.009271514630570854e+00 4.154785901280280136e+00
1.037605019766912440e+00 3.897734272569770564e+00
1.066733937734857918e+00 3.655974130486193463e+00
1.096680598336868151e+00 3.428651393525644853e+00
1.127467958244945612e+00 3.214957902206703189e+00
1.159119618598886126e+00 3.014121362609412103e+00
1.191659843098559213e+00 2.825407630543762316e+00
1.225113576604118126e+00 2.648117888150478549e+00
1.259506464258359104e+00 2.481576896560319767e+00
1.294864871145904983e+00 2.325153972728810192e+00
1.331215902504307769e+00 2.178265562401758615e+00
1.368587424502517580e+00 2.040361311897278540e+00
1.407008085602686087e+00 1.910924642904245685e+00
1.446507338521646480e+00 1.789454063214344748e+00
1.487115462808953126e+00 1.675455621936459805e+00
1.528863588058731571e+00 1.568719532277953466e+00
1.571783717773163280e+00 1.468783140973988433e+00
1.615908753895917815e+00 1.375213268414362977e+00
1.661272522034291654e+00 1.287604331003420421e+00
1.707909797389428608e+00 1.205576583136354296e+00
1.755856331414468618e+00 1.128774471171661409e+00
1.805148879221108116e+00 1.056865092264948069e+00
1.855825227755520057e+00 9.895367513838217999e-01
1.907924224765265908e+00 9.264976102491745413e-01
1.961485808579430667e+00 8.674744223466194226e-01
2.016551038724745393e+00 8.122113485249234932e-01
2.073162127401231736e+00 7.604688480475813028e-01
2.131362471841438122e+00 7.120226402907363639e-01
2.191196687578147895e+00 6.666627325868718090e-01
2.252710642645982198e+00 6.241925100004117599e-01
2.315951492743154372e+00 5.844278830898108623e-01
2.380967717380357840e+00 5.471964899620668232e-01
2.447809157044444017e+00 5.123369491609159887e-01
2.516527051405392790e+00 4.796981601503176318e-01
2.587174078595922744e+00 4.491386483611318203e-01
2.659804395593756698e+00 4.205259519620669906e-01
2.734473679737583041e+00 3.937360476968173595e-01
2.811239171408464355e+00 3.686528132986535700e-01
2.890159717909508874e+00 3.451675241522734749e-01
2.971295818577336600e+00 3.231783820211672764e-01
3.054709671159970164e+00 3.025900737977396671e-01
3.140465219496751281e+00 2.833133583635695785e-01
3.228628202536729219e+00 2.652646797690294544e-01
3.319266204733191561e+00 2.483658050555719587e-01
3.412448707852890450e+00 2.325434851508051681e-01
3.508247144239789783e+00 2.177291373664869134e-01
3.606734951574031900e+00 2.038585481232106089e-01
3.707987629168172372e+00 1.908715946132255037e-01
3.812082795843888317e+00 1.787119841949246224e-01
3.919100249433401739e+00 1.673270103893919614e-01
4.029122027951350660e+00 1.566673244213625804e-01
4.142232472483896366e+00 1.466867213143283888e-01
4.258518291843413017e+00 1.373419396126067393e-01
4.378068629038172510e+00 1.285924738622567509e-01
4.500975129608047354e+00 1.204003990380322908e-01
4.627332011878690032e+00 1.127302061553402818e-01
4.757236139187885904e+00 1.055486483546558690e-01
4.890787094139594338e+00 9.882459679123942187e-02
5.028087254942479767e+00 9.252890570550109661e-02
5.169241873891597727e+00 8.663428608915391127e-02
5.314359158053243881e+00 8.111518739955381196e-02
5.463550352214879169e+00 7.594768680951211048e-02
5.616929824163807261e+00 7.110938551252693474e-02
5.774615152359817039e+00 6.657931163396364760e-02
5.936727216069127344e+00 6.233782932734729249e-02
6.103390288028621491e+00 5.836655366174046261e-02
6.274732129711575013e+00 5.464827093128098862e-02
6.450884089267698407e+00 5.116686404145720513e-02
6.631981202212673843e+00 4.790724264870348248e-02
6.818162294944477786e+00 4.485527775050233978e-02
7.009570091165615580e+00 4.199774044247067684e-02
7.206351321293055889e+00 3.932224457696918002e-02
7.408656834939563396e+00 3.681719307468576952e-02
7.616641716552886798e+00 3.447172765647772696e-02
7.830465404301192756e+00 3.227568177758248502e-02
8.050291812295983007e+00 3.021953656018793247e-02
8.276289456246344045e+00 2.829437953334961939e-02
8.508631582640587609e+00 2.649186600141081524e-02
8.747496301554422260e+00 2.480418287347478309e-02
8.993066723187620681e+00 2.322401479714622866e-02
9.245531098233566780e+00 2.174451244974673000e-02
9.505082962189515428e+00 2.035926284956084131e-02
9.771921283717999174e+00 1.906226155842533423e-02
1.004625061717340628e+01 1.784788665517221193e-02
1.032828125941029640e+01 1.671087436711199414e-02
1.061822941099384643e+01 1.564629625393070683e-02
1.091631734193614811e+01 1.464953784510283040e-02
1.122277356208507015e+01 1.371627863822311340e-02
1.153783299629661485e+01 1.284247337155878382e-02
1.186173716452478821e+01 1.202433448964713471e-02
1.219473436696737778e+01 1.125831572593468007e-02
1.253707987440921379e+01 1.054109673129591251e-02
1.288903612390893194e+01 9.869568681803199406e-03
1.325087291997952832e+01 9.240820803363906932e-03
1.362286764141645712e+01 8.652127754815081007e-03
1.400530545393221082e+01 8.100937814787042418e-03
1.439847952876007753e+01 7.584861821131219477e-03
1.480269126739508501e+01 7.101662814969570900e-03
1.521825053264387861e+01 6.649246344477210795e-03
1.564547588616096618e+01 6.225651386369432556e-03
1.608469483265355748e+01 5.829041845741840359e-03
1.653624407094179460e+01 5.457698597419216938e-03
1.700046975206718614e+01 5.110012034315885784e-03
1.747772774464680978e+01 4.784475090508086975e-03
1.796838390767719673e+01 4.479676708776476890e-03
1.847281437099635681e+01 4.194295724303452946e-03
1.899140582361934904e+01 3.927095138013903496e-03
1.952455581016860364e+01 3.676916754736835220e-03
2.007267303562567662e+01 3.442676162946730310e-03
2.063617767863859598e+01 3.223358034324030116e-03
2.121550171362450854e+01 3.018011722760473563e-03
2.181108924191518383e+01 2.825747143732905333e-03
2.242339683219847757e+01 2.645730916184514756e-03
2.305289387051708516e+01 2.477182750190260255e-03
2.370006292009328064e+01 2.319372064748637108e-03
2.436540009125468131e+01 2.171614821039418840e-03
2.504941542174504221e+01 2.033270557420960734e-03
2.575263326771200667e+01 1.903739613315109849e-03
2.647559270567065681e+01 1.782460529946491238e-03
2.721884794575180422e+01 1.668907616669548181e-03
2.798296875655116978e+01 1.562588672334440680e-03
2.876854090190592217e+01 1.463042851814951592e-03
2.957616658993256564e+01 1.369838668450744368e-03
3.040646493467068723e+01 1.282572123745454040e-03
3.126007243068703190e+01 1.200864956213691182e-03
3.213764344100275139e+01 1.124363001786488894e-03
3.303985069871860247e+01 1.052734658668283809e-03
3.396738582272208617e+01 9.856694499912755768e-04
3.492095984787270169e+01 9.228766780369079695e-04
3.590130377007073292e+01 8.640841641911261792e-04
3.690916910662779316e+01 8.090370691716811591e-04
3.794532847236938977e+01 7.574967884136874982e-04
3.901057617190990356e+01 7.092399178254313969e-04
4.010572880855499989e+01 6.640572854314364228e-04
4.123162591029752377e+01 6.217530447053980832e-04
4.238913057338778145e+01 5.821438256629842987e-04
4.357913012397032304e+01 5.450579400348737769e-04
4.480253679829492341e+01 5.103346370748092307e-04
4.606028844202401018e+01 4.778234067769266454e-04
4.735334922917113687e+01 4.473833274821202338e-04
4.868271040122284887e+01 4.188824550456054499e-04
5.004939102700954123e+01 3.921972509179972623e-04
5.145443878390924652e+01 3.672120466608888101e-04
5.289893076098154978e+01 3.438185425758448423e-04
5.438397428464800498e+01 3.219153382735920094e-04
5.591070776755292115e+01 3.014074931486307733e-04
5.748030158125349942e+01 2.822061148541252489e-04
5.909395895340973937e+01 2.642279739932919605e-04
6.075291689016074059e+01 2.473951433571468716e-04
6.245844712439613744e+01 2.316346601448681980e-04
6.421185709064765490e+01 2.168782097026505278e-04
6.601449092734890201e+01 2.030618294101999303e-04
6.786773050723294887e+01 1.901256314313498337e-04
6.977299649665530978e+01 1.780135431270459738e-04
7.173174944465618807e+01 1.666730640055062121e-04
7.374549090259552031e+01 1.560550381560430453e-04
7.581576457522108115e+01 1.461134411801508584e-04
7.794415750404954224e+01 1.368051806962996544e-04
8.013230128396889995e+01 1.280899095537123896e-04
8.238187331399603863e+01 1.199298509454912998e-04
8.469459808314594795e+01 1.122896346630365298e-04
8.707224849239922548e+01 1.051361437819934636e-04
8.951664721378301692e+01 9.843837111518028891e-05
9.202966808760409378e+01 9.216728481028398632e-05
9.461323755890775544e+01 8.629570250975041783e-05
9.726933615426175095e+01 8.079817352740783728e-05
9.999999999999995737e+01 7.565086853111228742e-05
