1.000000000000000048e-04 9.469931911335916652e+01
1.028073223830865281e-04 9.726695210519305590e+01
1.056934553557988362e-04 9.990412945949258017e+01
1.086606113854597351e-04 1.026127257120916312e+02
1.117110650504824041e-04 1.053946736973606590e+02
1.148471547840289439e-04 1.082519598474669635e+02
1.180712846666190141e-04 1.111866226572488330e+02
1.213859262690628250e-04 1.142007452414431299e+02
1.247936205471311189e-04 1.172964642299540401e+02
1.282969797894147957e-04 1.204759755444320177e+02
1.318986896198670199e-04 1.237415342325099488e+02
1.356015110565633925e-04 1.270954563470605621e+02
1.394082826282578376e-04 1.305401296497549311e+02
1.433219225503574155e-04 1.340780121463588159e+02
1.473454309619835539e-04 1.377116042616982270e+02
1.514818922258346051e-04 1.414434641284204304e+02
1.557344772926134557e-04 1.452762367807735870e+02
1.601064461318317826e-04 1.492126383179954701e+02
1.646011502308550778e-04 1.532554435452301220e+02
1.692220351641037391e-04 1.574075076827266741e+02
1.739726432343801689e-04 1.616717747038311472e+02
1.788566161883461665e-04 1.660512440111083947e+02
1.838776980082327715e-04 1.705489764487149102e+02
1.890397377819221208e-04 1.751681538135480878e+02
1.943466926536020897e-04 1.799120526424349862e+02
1.998026308572550618e-04 1.847839767878002988e+02
2.054117348353064979e-04 1.897873197538405634e+02
2.111783044448243749e-04 1.949256232722196955e+02
2.171067602537265953e-04 2.002024996411384166e+02
2.232016469295233991e-04 2.056216050353314131e+02
2.294676367231936914e-04 2.111867200997456564e+02
2.359095330508635614e-04 2.169017506704183802e+02
2.425322741760353111e-04 2.227706534550165998e+02
2.493409369951879494e-04 2.287974708458046393e+02
2.563407409296515377e-04 2.349864135553976610e+02
2.635370519267394326e-04 2.413417981566219339e+02
2.709353865732051759e-04 2.478679866273368191e+02
2.785414163241767813e-04 2.545694629812690835e+02
2.863609718508116210e-04 2.614508607794188606e+02
2.944000475100034728e-04 2.685169090875194229e+02
3.026648059395691654e-04 2.757724323146762799e+02
3.111615827824361444e-04 2.832223799328713767e+02
3.198968915434537695e-04 2.908718301633544456e+02
3.288774285825511105e-04 2.987259990042766162e+02
3.381100782480684795e-04 3.067902244961667293e+02
3.476019181541978613e-04 3.150699441731881620e+02
3.573602246065787046e-04 3.235707205196789005e+02
3.673924781802075296e-04 3.322982478429535149e+02
3.777063694539367416e-04 3.412583596859143995e+02
3.883098049059605528e-04 3.504570332276351792e+02
3.992109129748052884e-04 3.599004002539758176e+02
4.104180502904709654e-04 3.695947303568418647e+02
4.219398080805026588e-04 3.795463617855090774e+02
4.337850187558990231e-04 3.897617723675521120e+02
4.459627626819093779e-04 4.002476447579120986e+02
4.584823751389095932e-04 4.110107990177855299e+02
4.713534534786909978e-04 4.220581672889803713e+02
4.845858644816496185e-04 4.333968551868173904e+02
4.981897519205162042e-04 4.450341396735261128e+02
5.121755443364240474e-04 4.569773647212514902e+02
5.265539630332758715e-04 4.692339924618177633e+02
5.413360302965379654e-04 4.818117280207531508e+02
5.565330778427647921e-04 4.947184389222839513e+02
5.721567555063251324e-04 5.079620687412154894e+02
5.882190401699957617e-04 5.215507249166234942e+02
6.047322449462647380e-04 5.354927055068523032e+02
6.217090286163829381e-04 5.497963808686427001e+02
6.391624053344003523e-04 5.644701993523253805e+02
6.571057546036271476e-04 5.795229034655561691e+02
6.755528315331644270e-04 5.949634471473260646e+02
6.945177773823697038e-04 6.108007426922919194e+02
7.140151304013400355e-04 6.270438090567257632e+02
7.340598369757211656e-04 6.437018864232205715e+02
7.546672630843890076e-04 6.607843617258521363e+02
7.758532060787837713e-04 6.783007385600895986e+02
7.976339067929278130e-04 6.962606558422232865e+02
8.200260619934130737e-04 7.146738842472402666e+02
8.430468371788971344e-04 7.335502874931695487e+02
8.667138797389231696e-04 7.528998241577091903e+02
8.910453324821514341e-04 7.727325102737754605e+02
9.160598475443706154e-04 7.930584843775583295e+02
9.417766006869523988e-04 8.138880772868252507e+02
9.682153059967085751e-04 8.352317105049082784e+02
9.953962309984236857e-04 8.570998401631186425e+02
1.023340212191642049e-03 8.795029835428179013e+02
1.052068671023622922e-03 9.024517182304075504e+02
1.081603630310709867e-03 9.259567145287008998e+02
1.111967731120699519e-03 9.500286999075246968e+02
1.143184250129150028e-03 9.746783084876512930e+02
1.175277117462945366e-03 9.999162518360005834e+02
1.208270935044776636e-03 1.025753539247156368e+03
1.242190995452617476e-03 1.052201092151540479e+03
1.277063301308643990e-03 1.079269539004524177e+03
1.312914585212465604e-03 1.106969866912801990e+03
1.349772330233942573e-03 1.135313295686592483e+03
1.387664790981308705e-03 1.164308940308008914e+03
1.426621015260737648e-03 1.193966138445221986e+03
1.466670866343968349e-03 1.224303839393654016e+03
1.507845045861051347e-03 1.255338520597880461e+03
1.550175117335769997e-03 1.287066361850411795e+03
1.593693530381775150e-03 1.319488642769954367e+03
1.638433645577984637e-03 1.352624448711345849e+03
1.684429760042315850e-03 1.386488091161000966e+03
1.731717133723354026e-03 1.421086509765293613e+03
1.780332016430114135e-03 1.456428974145896973e+03
1.830311675620612021e-03 1.492525693768807514e+03
1.881694424970556086e-03 1.529382052517804141e+03
1.934519653744045872e-03 1.567003715142022656e+03
1.988827856988810081e-03 1.605403939538412942e+03
2.044660666579116784e-03 1.644593794393847475e+03
2.102060883130158625e-03 1.684577110872183539e+03
2.161072508808377368e-03 1.725358397136576286e+03
2.221740781062885202e-03 1.766943926618563410e+03
2.284112207303824749e-03 1.809340445423931897e+03
2.348234600554276272e-03 1.852554168621510826e+03
2.414157116103019234e-03 1.896586996668944266e+03
2.481930289186255051e-03 1.941439861588696203e+03
2.551606073727184613e-03 1.987116931328468354e+03
2.623237882163122550e-03 2.033621040260066138e+03
2.696880626390694112e-03 2.080951408369980072e+03
2.772590759860483686e-03 2.129107415246635355e+03
2.850426320853435488e-03 2.178088984263250950e+03
2.930446976972143555e-03 2.227893796455676693e+03
3.012714070881164757e-03 2.278517720107747209e+03
3.097290667331408388e-03 2.329956330222492852e+03
3.184241601504654226e-03 2.382204071721723722e+03
3.273633528715246682e-03 2.435253022216221325e+03
3.365534975507094694e-03 2.489094240928734052e+03
3.460016392185110562e-03 2.543718398557681667e+03
3.557150206821386215e-03 2.599113972741226007e+03
3.657010880777490907e-03 2.655266979305373297e+03
3.759674965785466966e-03 2.712162764149954455e+03
3.865221162631264206e-03 2.769785514646919182e+03
3.973730381485608698e-03 2.828116235032419354e+03
4.085285803928562741e-03 2.887133788988597644e+03
4.199972946715305709e-03 2.946815862155507148e+03
4.317879727332022029e-03 3.007138058737842584e+03
4.439096531392168997e-03 3.068073278682937598e+03
4.563716281924761094e-03 3.129592347182722733e+03
4.691834510607797992e-03 3.191664005405587432e+03
4.823549431001468782e-03 3.254254339396027262e+03
4.958962013837215146e-03 3.317326894194748547e+03
5.098176064420424994e-03 3.380842896612755794e+03
5.241298302206058926e-03 3.444761030820416636e+03
5.388438442608223244e-03 3.509036705961106691e+03
5.539709281106404079e-03 3.573622623782952360e+03
5.695226779712823234e-03 3.638468767881287476e+03
5.855110155867242032e-03 3.703521773290771307e+03
6.019481973827276768e-03 3.768724723636677936e+03
6.188468238624385796e-03 3.834017704299652451e+03
6.362198492657489789e-03 3.899337681610948948e+03
6.540805914998253610e-03 3.964617152956245718e+03
6.724427423484249239e-03 4.029785346792030850e+03
6.913203779678128193e-03 4.094769279497521438e+03
7.107279696773417810e-03 4.159491305114471288e+03
7.306803950529504668e-03 4.223866935480924440e+03
7.511929493320966197e-03 4.287813459183917985e+03
7.722813571388646714e-03 4.351249507412627281e+03
7.939617845382279313e-03 4.414063979612777075e+03
8.162508514287231468e-03 4.476139626240747930e+03
8.391656442830155299e-03 4.537465475353254078e+03
8.627237292461452031e-03 4.598021851119416169e+03
8.869431656014713575e-03 4.657592514274066161e+03
9.118425196146570655e-03 4.715982580530757332e+03
9.374408787662998066e-03 4.773138251764596134e+03
9.637578663841087079e-03 4.828950169711779381e+03
9.908136566858672528e-03 4.883232317008519203e+03
1.018628990244687879e-02 4.935965933626623155e+03
1.047225189888434729e-02 4.987150383908636286e+03
1.076624177045493527e-02 5.036057849875605825e+03
1.106848488549412070e-02 5.082046924306258006e+03
1.137921293915315074e-02 5.125950371485186224e+03
1.169866413101306943e-02 5.168331682814139640e+03
1.202708334768511945e-02 5.208461200758476480e+03
1.236472235053715993e-02 5.245753891322317031e+03
1.271183996869028332e-02 5.280043114060755215e+03
1.306870229743346996e-02 5.311675598574905962e+03
1.343558290220825575e-02 5.341144363899412383e+03
1.381276302832009847e-02 5.367488840171126867e+03
1.420053181653682141e-02 5.389570004603153393e+03
1.459918652473978819e-02 5.407898185911414657e+03
1.500903275579736421e-02 5.422746851023399358e+03
1.543038469183564444e-02 5.433098788751527536e+03
1.586356533508591002e-02 5.438807282115015369e+03
1.630890675549331870e-02 5.440907869691642190e+03
1.676675034527700184e-02 5.439249281557744325e+03
1.723744708063620554e-02 5.432935584927593482e+03
1.772135779080359283e-02 5.422250929599637857e+03
1.821885343465167589e-02 5.407632636846342393e+03
1.873031538506437013e-02 5.388187483309492563e+03
1.925613572129198509e-02 5.363249157838837164e+03
1.979671752951332395e-02 5.333261915664841581e+03
2.035247521183577296e-02 5.298469332150119044e+03
2.092383480396978190e-02 5.258705459599374990e+03
2.151123430182166549e-02 5.213923266023011820e+03
2.211512399725490061e-02 5.164182676481554154e+03
2.273596682327716154e-02 5.109537162565128710e+03
2.337423870891815886e-02 5.050054428240136076e+03
2.403042894406967958e-02 4.985844995557735274e+03
2.470504055456825693e-02 4.917051722153190894e+03
2.539859068780726467e-02 4.843849920472144731e+03
2.611161100917459149e-02 4.766450925301715870e+03
2.684464810961964890e-02 4.685100277392872158e+03
2.759826392466179640e-02 4.600081206534549892e+03
2.837303616516213128e-02 4.511714943910014881e+03
2.916955876018797328e-02 4.420356525274622982e+03
2.998844231231028931e-02 4.326393387452671050e+03
3.083031456568277942e-02 4.230245923233866051e+03
3.169582088726115993e-02 4.132364889080077774e+03
3.258562476153226140e-02 4.033225333983050405e+03
3.350040829913133317e-02 3.933321504606410144e+03
3.444087275973822804e-02 3.833164896072401916e+03
3.540773908965272332e-02 3.733276919594225546e+03
3.640174847446139839e-02 3.634179948016832441e+03
3.742366290721982347e-02 3.536393286164743131e+03
3.847426577258503816e-02 3.440421052507425429e+03
3.955436244734702317e-02 3.346746385604158604e+03
4.066478091781854792e-02 3.255822788226789726e+03
4.180637241455758407e-02 3.168061545159453090e+03
4.298001206490798670e-02 3.083824129928426373e+03
4.418659956385941057e-02 3.003412500850242850e+03
4.542705986374045990e-02 2.927060268607774105e+03
4.670234388327333674e-02 2.854920703007106113e+03
4.801342923653453137e-02 2.787058111448956424e+03
4.936132098237919208e-02 2.723443129368764858e+03
5.074705239490467923e-02 2.663940559208572722e+03
5.217168575554350513e-02 2.608306823774548320e+03
5.363631316739241039e-02 2.556183149038692136e+03
5.514205739240302800e-02 2.507096869522956240e+03
5.669007271207433807e-02 2.460477480012232718e+03
5.828154581230844677e-02 2.415565361316074359e+03
5.991769669310622465e-02 2.372288849971996569e+03
6.159977960380166873e-02 2.328470077551393388e+03
6.332908400455118658e-02 2.283916447584997968e+03
6.510693555481457395e-02 2.237670108989230812e+03
6.693469712958663442e-02 2.188862476564984263e+03
6.881376986415664587e-02 2.136719995953421403e+03
7.074559422819878818e-02 2.080607866928985914e+03
7.273165113001461846e-02 2.020099587359636189e+03
7.477346305177587360e-02 1.954997542749561489e+03
7.687259521663733497e-02 1.885238159414021766e+03
7.903065678861345700e-02 1.811473102336550710e+03
8.124930210614052239e-02 1.734471351784507988e+03
8.353023195026774983e-02 1.655307342059302300e+03
8.587519484845174134e-02 1.575297634493200803e+03
8.828598841495152727e-02 1.495933778567973832e+03
9.076446072885357985e-02 1.418775431745864353e+03
9.331251175078249249e-02 1.345338054175702382e+03
9.593209477938241525e-02 1.276990021122654070e+03
9.862521794868782388e-02 1.214834970962516536e+03
1.013939457675292477e-01 1.159621486393447640e+03
1.042404007021556500e-01 1.111677697206330322e+03
1.071667648032863795e-01 1.070861073094739140e+03
1.101752813788386687e-01 1.036538296519910318e+03
1.132682567136154145e-01 1.007595479875170327e+03
1.164480618372685794e-01 9.825024997496883543e+02
1.197171343418966943e-01 9.594146274797393517e+02
1.230779802506665743e-01 9.363344447737131304e+02
1.265331759388942934e-01 9.113396130794919827e+02
1.300853701090571579e-01 8.828429910776019369e+02
1.337372858212496074e-01 8.498664635590417902e+02
1.374917225806419896e-01 8.122342612983546815e+02
1.413515584835395023e-01 7.706420659615110935e+02
1.453197524236895799e-01 7.265858292851954729e+02
1.493993463605258198e-01 6.821205419300156336e+02
1.535934676510897212e-01 6.395022506976048362e+02
1.579053314474175851e-01 6.007553505001501435e+02
1.623382431612278298e-01 5.673155272074798177e+02
1.668956009978024568e-01 5.398183688353009302e+02
1.715808985610006165e-01 5.179598484526055699e+02
1.763977275314044801e-01 5.005191560616284505e+02
1.813497804196496366e-01 4.856104383165096010e+02
1.864408533970486059e-01 4.710502862995492706e+02
1.916748492056815356e-01 4.548273341232783764e+02
1.970557801501798822e-01 4.356639094635348783e+02
2.025877711735017406e-01 4.133988424405524711e+02
2.082750630190516594e-01 3.889971737557320353e+02
2.141220154815729193e-01 3.642520555678892720e+02
2.201331107493031680e-01 3.411539871454077115e+02
2.263129568399529223e-01 3.212128311595937475e+02
2.326662911331459360e-01 3.050228282361222796e+02
2.391979840020238557e-01 2.920820196840082303e+02
2.459130425468044889e-01 2.810293240194224040e+02
2.528166144331501219e-01 2.701726211879202424e+02
2.599139918382933900e-01 2.581630256731480131e+02
2.672106155079435608e-01 2.445708098641019603e+02
2.747120789270811603e-01 2.300042362575864843e+02
2.824241326078435477e-01 2.157379425598497278e+02
2.903526884977813416e-01 2.029807760928539722e+02
2.985038245118734057e-01 1.922787570670997752e+02
3.068837891917643446e-01 1.832771529695910431e+02
3.154990064958086982e-01 1.750203765531573197e+02
3.243560807235809640e-01 1.665480670466882884e+02
3.334618015786366407e-01 1.574836556501454936e+02
3.428231493733970847e-01 1.481893707104818247e+02
3.524473003801584237e-01 1.393995456485745876e+02
3.623416323323152555e-01 1.316343159388559059e+02
3.725137300800212548e-01 1.248399851701620946e+02
3.829713914046279921e-01 1.185208812758092449e+02
3.937226329963477989e-01 1.121990046295210135e+02
4.047756965997323930e-01 1.057957491404913668e+02
4.161390553316708374e-01 9.960883059935095218e+01
4.278214201767614466e-01 9.394763434233969690e+01
4.398317466650228380e-01 8.882442374145961139e+01
4.521792417370701922e-01 8.399912818340361298e+01
4.648733708020256206e-01 7.927292335591505434e+01
4.779238649935594330e-01 7.467721843763717970e+01
4.913407286296365140e-01 7.036266670216078012e+01
5.051342468816764075e-01 6.637854574615796821e+01
5.193149936590210070e-01 6.262986970994220570e+01
5.338938397147356962e-01 5.902576267790313835e+01
5.488819609789672427e-01 5.558224416457487393e+01
5.642908471262538805e-01 5.235204462858498431e+01
5.801323103833373462e-01 4.932573846167640141e+01
5.964184945842465613e-01 4.645425404301852979e+01
6.131618844795774237e-01 4.372332549865726037e+01
6.303753153071274262e-01 4.114933549515453137e+01
6.480719826311974741e-01 3.872873339617834176e+01
6.662654524581153037e-01 3.644056342089869105e+01
6.849696716357442927e-01 3.427462982826772020e+01
7.041989785449285222e-01 3.223479128611475630e+01
7.239681140910878554e-01 3.031187646268425695e+01
7.442922330043759693e-01 2.849654396540554657e+01
7.651869154570819509e-01 2.678506175655425636e+01
7.866681790071589075e-01 2.517198909318836186e+01
8.087524908770455934e-01 2.365132255847106535e+01
8.314567805772061782e-01 2.221833982933605611e+01
8.547984528840417706e-01 2.086858030355616478e+01
8.787954011821322853e-01 1.959714596679879151e+01
9.034660211810530139e-01 1.840000842232161560e+01
9.288292250172494047e-01 1.727313352389870360e+01
9.549044557518088228e-01 1.621255688050895571e+01
9.817117022752195332e-01 1.521456884087812256e+01
1.009271514630570854e+00 1.427565651874306951e+01
1.037605019766912440e+00 1.339243626753173899e+01
1.066733937734857918e+00 1.256175847552441738e+01
1.096680598336868151e+00 1.178068770442509994e+01
1.127467958244945612e+00 1.104644642604280413e+01
1.159119618598886126e+00 1.035638145115403574e+01
1.191659843098559213e+00 9.707969529193363201e+00
1.225113576604118126e+00 9.098808286730358574e+00
1.259506464258359104e+00 8.526580454491222483e+00
1.294864871145904983e+00 7.989118529080746711e+00
1.331215902504307769e+00 7.484416307916095690e+00
1.368587424502517580e+00 7.010582936464341941e+00
1.407008085602686087e+00 6.565844528635349953e+00
1.446507338521646480e+00 6.148477938994799885e+00
1.487115462808953126e+00 5.756783662465807971e+00
1.528863588058731571e+00 5.390042619531838497e+00
1.571783717773163280e+00 5.046665142168210494e+00
1.615908753895917815e+00 4.725162833571030063e+00
1.661272522034291654e+00 4.424142116583654527e+00
1.707909797389428608e+00 4.142298193126398687e+00
1.755856331414468618e+00 3.878409388446185879e+00
1.805148879221108116e+00 3.631331855670807407e+00
1.855825227755520057e+00 3.399994617714287237e+00
1.907924224765265908e+00 3.183394925042089429e+00
1.961485808579430667e+00 2.980593909174041656e+00
2.016551038724745393e+00 2.790712513084733448e+00
2.073162127401231736e+00 2.612927680861388602e+00
2.131362471841438122e+00 2.446468790102987345e+00
2.191196687578147895e+00 2.290614311596586017e+00
2.252710642645982198e+00 2.144688681791941498e+00
2.315951492743154372e+00 2.008059374517928486e+00
2.380967717380357840e+00 1.880134159247879522e+00
2.447809157044444017e+00 1.760358534029576649e+00
2.516527051405392790e+00 1.648213321952735955e+00
2.587174078595922744e+00 1.543212420735666557e+00
2.659804395593756698e+00 1.444900695676532010e+00
2.734473679737583041e+00 1.352852006836024801e+00
2.811239171408464355e+00 1.266667361900133182e+00
2.890159717909508874e+00 1.185973186716433148e+00
2.971295818577336600e+00 1.110419706007413909e+00
3.054709671159970164e+00 1.039679427241899212e+00
3.140465219496751281e+00 9.734457210928014748e-01
3.228628202536729219e+00 9.114314923280767422e-01
3.319266204733191561e+00 8.533679353737597673e-01
3.412448707852890450e+00 7.990033691549678352e-01
3.508247144239789783e+00 7.481021461643966308e-01
3.606734951574031900e+00 7.004436310295834023e-01
3.707987629168172372e+00 6.558212441514535973e-01
3.812082795843888317e+00 6.140415662687280784e-01
3.919100249433401739e+00 5.749235000668544426e-01
4.029122027951350660e+00 5.382974851973892916e-01
4.142232472483896366e+00 5.040047633052719966e-01
4.258518291843413017e+00 4.718966898781924990e-01
4.378068629038172510e+00 4.418340899352083406e-01
4.500975129608047354e+00 4.136866547617951695e-01
4.627332011878690032e+00 3.873323770764285356e-01
4.757236139187885904e+00 3.626570221803825933e-01
4.890787094139594338e+00 3.395536327984037261e-01
5.028087254942479767e+00 3.179220654639512422e-01
5.169241873891597727e+00 2.976685564394293548e-01
5.314359158053243881e+00 2.787053152898590347e-01
5.463550352214879169e+00 2.609501443483018268e-01
5.616929824163807261e+00 2.443260824235786721e-01
5.774615152359817039e+00 2.287610712059061080e-01
5.936727216069127344e+00 2.141876429244599367e-01
6.103390288028621491e+00 2.005426279029923764e-01
6.274732129711575013e+00 1.877668807458792444e-01
6.450884089267698407e+00 1.758050239677305671e-01
6.631981202212673843e+00 1.646052079553045333e-01
6.818162294944477786e+00 1.541188862212627964e-01
7.009570091165615580e+00 1.443006049755858333e-01
7.206351321293055889e+00 1.351078061025287325e-01
7.408656834939563396e+00 1.265006426891065738e-01
7.616641716552886798e+00 1.184418063055018844e-01
7.830465404301192756e+00 1.108963652887280243e-01
8.050291812295983007e+00 1.038316133285763221e-01
8.276289456246344045e+00 9.721692769953041435e-02
8.508631582640587609e+00 9.102363652414330319e-02
8.747496301554422260e+00 8.522489449251927085e-02
8.993066723187620681e+00 7.979556649919732070e-02
9.245531098233566780e+00 7.471211869305068032e-02
9.505082962189515428e+00 6.995251646794992118e-02
9.771921283717999174e+00 6.549612895202178153e-02
1.004625061717340628e+01 6.132363958150516964e-02
1.032828125941029640e+01 5.741696237157940114e-02
1.061822941099384643e+01 5.375916352123418646e-02
1.091631734193614811e+01 5.033438801237123672e-02
1.122277356208507015e+01 4.712779088497574126e-02
1.153783299629661485e+01 4.412547289046438864e-02
1.186173716452478821e+01 4.131442024429424209e-02
1.219473436696737778e+01 3.868244821668553879e-02
1.253707987440921379e+01 3.621814831694775833e-02
1.288903612390893194e+01 3.391083884247546310e-02
1.325087291997952832e+01 3.175051857806444194e-02
1.362286764141645712e+01 2.972782344485420600e-02
1.400530545393221082e+01 2.783398591098847422e-02
1.439847952876007753e+01 2.606079698805559633e-02
1.480269126739508501e+01 2.440057064857974536e-02
1.521825053264387861e+01 2.284611051032762324e-02
1.564547588616096618e+01 2.139067864302110142e-02
1.608469483265355748e+01 2.002796636224610932e-02
1.653624407094179460e+01 1.875206688396165514e-02
1.700046975206718614e+01 1.755744972107768989e-02
1.747772774464680978e+01 1.643893671112192645e-02
1.796838390767719673e+01 1.539167957108549672e-02
1.847281437099635681e+01 1.441113888215720014e-02
1.899140582361934904e+01 1.349306441325405156e-02
1.952455581016860364e+01 1.263347669805885143e-02
2.007267303562567662e+01 1.182864978570905522e-02
2.063617767863859598e+01 1.107509509036837432e-02
2.121550171362450854e+01 1.036954626967587570e-02
2.181108924191518383e+01 9.708945066526950690e-03
2.242339683219847757e+01 9.090428052816280219e-03
2.305289387051708516e+01 8.511314217682501224e-03
2.370006292009328064e+01 7.969093346454797153e-03
2.436540009125468131e+01 7.461415139929114190e-03
2.504941542174504221e+01 6.986079026810555585e-03
2.575263326771200667e+01 6.541024625163260886e-03
2.647559270567065681e+01 6.124322811522126160e-03
2.721884794575180422e+01 5.734167358954731473e-03
2.798296875655116978e+01 5.368867107828007197e-03
2.876854090190592217e+01 5.026838635343189136e-03
2.957616658993256564e+01 4.706599392064609623e-03
3.040646493467068723e+01 4.406761275692033797e-03
3.126007243068703190e+01 4.126024614221574481e-03
3.213764344100275139e+01 3.863172532414715834e-03
3.303985069871860247e+01 3.617065677156446838e-03
3.396738582272208617e+01 3.386637278839177076e-03
3.492095984787270169e+01 3.170888527365589744e-03
3.590130377007073292e+01 2.968884242727365744e-03
3.690916910662779316e+01 2.779748821393556325e-03
3.794532847236938977e+01 2.602662440937895949e-03
3.901057617190990356e+01 2.436857506453734157e-03
4.010572880855499989e+01 2.281615323353262861e-03
4.123162591029752377e+01 2.136262982129050279e-03
4.238913057338778145e+01 2.000170441574614447e-03
4.357913012397032304e+01 1.872747797821040262e-03
4.480253679829492341e+01 1.753442727352055560e-03
4.606028844202401018e+01 1.641738092914110225e-03
4.735334922917113687e+01 1.537149701944098791e-03
4.868271040122284887e+01 1.439224207798439929e-03
5.004939102700954123e+01 1.347537144686234345e-03
5.145443878390924652e+01 1.261691087788759016e-03
5.289893076098154978e+01 1.181313930590193904e-03
5.438397428464800498e+01 1.106057271952529206e-03
5.591070776755292115e+01 1.035594905943307709e-03
5.748030158125349942e+01 9.696214078702400157e-04
5.909395895340973937e+01 9.078508103937451418e-04
6.075291689016074059e+01 8.500153639789252051e-04
6.245844712439613744e+01 7.958643763140519365e-04
6.421185709064765490e+01 7.451631256649369735e-04
6.601449092734890201e+01 6.976918434550299529e-04
6.786773050723294887e+01 6.532447616611617488e-04
6.977299649665530978e+01 6.116292208957907353e-04
7.173174944465618807e+01 5.726648353096673192e-04
7.374549090259552031e+01 5.361827106951181634e-04
7.581576457522108115e+01 5.020247124007609987e-04
7.794415750404954224e+01 4.700427798843633031e-04
8.013230128396889995e+01 4.400982849327262714e-04
8.238187331399603863e+01 4.120614307667410953e-04
8.469459808314594795e+01 3.858106894269962804e-04
8.707224849239922548e+01 3.612322750012359352e-04
8.951664721378301692e+01 3.382196504103338898e-04
9.202966808760409378e+01 3.166730656149068001e-04
9.461323755890775544e+01 2.964991252408883879e-04
9.726933615426175095e+01 2.776103837499015593e-04
9.999999999999995737e+01 2.599249663996636628e-04
