1.000000000000000048e-04 6.844720651791263322e+01
1.028073223830865281e-04 7.030307298192676058e+01
1.056934553557988362e-04 7.220921120494435286e+01
1.086606113854597351e-04 7.416697622070444140e+01
1.117110650504824041e-04 7.617776275101772399e+01
1.148471547840289439e-04 7.824300191943760296e+01
1.180712846666190141e-04 8.036416338354850097e+01
1.213859262690628250e-04 8.254275962409612077e+01
1.247936205471311189e-04 8.478034158689042954e+01
1.282969797894147957e-04 8.707849353394171033e+01
1.318986896198670199e-04 8.943884474982007760e+01
1.356015110565633925e-04 9.186307432432518283e+01
1.394082826282578376e-04 9.435290672068472873e+01
1.433219225503574155e-04 9.691011131126077771e+01
1.473454309619835539e-04 9.953649440503825474e+01
1.514818922258346051e-04 1.022339086406444437e+02
1.557344772926134557e-04 1.050042744163236108e+02
1.601064461318317826e-04 1.078495595268775418e+02
1.646011502308550778e-04 1.107717588277738088e+02
1.692220351641037391e-04 1.137729301513217735e+02
1.739726432343801689e-04 1.168552077304259029e+02
1.788566161883461665e-04 1.200207678894172574e+02
1.838776980082327715e-04 1.232718310242765511e+02
1.890397377819221208e-04 1.266106927172191376e+02
1.943466926536020897e-04 1.300397135715943193e+02
1.998026308572550618e-04 1.335612915424879645e+02
2.054117348353064979e-04 1.371778846043055466e+02
2.111783044448243749e-04 1.408920290494842789e+02
2.171067602537265953e-04 1.447063328751800668e+02
2.232016469295233991e-04 1.486234761535307030e+02
2.294676367231936914e-04 1.526461924424059191e+02
2.359095330508635614e-04 1.567772726095086568e+02
2.425322741760353111e-04 1.610196011340482869e+02
2.493409369951879494e-04 1.653761416695505773e+02
2.563407409296515377e-04 1.698498949312013622e+02
2.635370519267394326e-04 1.744439435121842052e+02
2.709353865732051759e-04 1.791614981227986618e+02
2.785414163241767813e-04 1.840058287643109338e+02
2.863609718508116210e-04 1.889802384879005501e+02
2.944000475100034728e-04 1.940881402323529983e+02
3.026648059395691654e-04 1.993330603421857177e+02
3.111615827824361444e-04 2.047185860404115658e+02
3.198968915434537695e-04 2.102483802522361884e+02
3.288774285825511105e-04 2.159262099226647535e+02
3.381100782480684795e-04 2.217559326963592525e+02
3.476019181541978613e-04 2.277414815921829927e+02
3.573602246065787046e-04 2.338868910316889753e+02
3.673924781802075296e-04 2.401963070694935141e+02
3.777063694539367416e-04 2.466739523697700918e+02
3.883098049059605528e-04 2.533241281047575910e+02
3.992109129748052884e-04 2.601512551955635786e+02
4.104180502904709654e-04 2.671598679564206691e+02
4.219398080805026588e-04 2.743545955710877706e+02
4.337850187558990231e-04 2.817401599395625453e+02
4.459627626819093779e-04 2.893213588737382338e+02
4.584823751389095932e-04 2.971031171258600807e+02
4.713534534786909978e-04 3.050905081294001775e+02
4.845858644816496185e-04 3.132886560988939664e+02
4.981897519205162042e-04 3.217027399547693562e+02
5.121755443364240474e-04 3.303381375099171464e+02
5.265539630332758715e-04 3.392003730533921271e+02
5.413360302965379654e-04 3.482949615705746851e+02
5.565330778427647921e-04 3.576275138637628856e+02
5.721567555063251324e-04 3.672038286108540888e+02
5.882190401699957617e-04 3.770298112253877889e+02
6.047322449462647380e-04 3.871114414432167905e+02
6.217090286163829381e-04 3.974547997797207017e+02
6.391624053344003523e-04 4.080660690153206929e+02
6.571057546036271476e-04 4.189515231047570865e+02
6.755528315331644270e-04 4.301175416737549995e+02
6.945177773823697038e-04 4.415706455967651891e+02
7.140151304013400355e-04 4.533174598307791143e+02
7.340598369757211656e-04 4.653646592785751182e+02
7.546672630843890076e-04 4.777190147763348591e+02
7.758532060787837713e-04 4.903874006535102694e+02
7.976339067929278130e-04 5.033767729805846898e+02
8.200260619934130737e-04 5.166941681037617400e+02
8.430468371788971344e-04 5.303467351551948923e+02
8.667138797389231696e-04 5.443417160796526559e+02
8.910453324821514341e-04 5.586863638147119673e+02
9.160598475443706154e-04 5.733880109532163942e+02
9.417766006869523988e-04 5.884541356947247550e+02
9.682153059967085751e-04 6.038922659588835131e+02
9.953962309984236857e-04 6.197099239899732765e+02
1.023340212191642049e-03 6.359146788700837760e+02
1.052068671023622922e-03 6.525141546781945863e+02
1.081603630310709867e-03 6.695160952795729372e+02
1.111967731120699519e-03 6.869283129993780221e+02
1.143184250129150028e-03 7.047585104022771247e+02
1.175277117462945366e-03 7.230144197056825988e+02
1.208270935044776636e-03 7.417039542434796431e+02
1.242190995452617476e-03 7.608349428235400183e+02
1.277063301308643990e-03 7.804149829589523506e+02
1.312914585212465604e-03 8.004520256482009017e+02
1.349772330233942573e-03 8.209542909944974554e+02
1.387664790981308705e-03 8.419284005932806849e+02
1.426621015260737648e-03 8.633810636226035058e+02
1.466670866343968349e-03 8.853258236683632276e+02
1.507845045861051347e-03 9.077745087107346080e+02
1.550175117335769997e-03 9.307246534854481297e+02
1.593693530381775150e-03 9.541774099904154127e+02
1.638433645577984637e-03 9.781465135246386353e+02
1.684429760042315850e-03 1.002642245501206730e+03
1.731717133723354026e-03 1.027669593620430987e+03
1.780332016430114135e-03 1.053235276952028471e+03
1.830311675620612021e-03 1.079346735097565443e+03
1.881694424970556086e-03 1.106007979244526723e+03
1.934519653744045872e-03 1.133223206083977630e+03
1.988827856988810081e-03 1.161001958417097512e+03
2.044660666579116784e-03 1.189352178795089685e+03
2.102060883130158625e-03 1.218276606704385586e+03
2.161072508808377368e-03 1.247778554804334135e+03
2.221740781062885202e-03 1.277862692235662507e+03
2.284112207303824749e-03 1.308533882465962506e+03
2.348234600554276272e-03 1.339796550877304298e+03
2.414157116103019234e-03 1.371652305643562613e+03
2.481930289186255051e-03 1.404102012640149269e+03
2.551606073727184613e-03 1.437148322061013687e+03
2.623237882163122550e-03 1.470793125665474236e+03
2.696880626390694112e-03 1.505036333220028610e+03
2.772590759860483686e-03 1.539877636023763898e+03
2.850426320853435488e-03 1.575316668567890929e+03
2.930446976972143555e-03 1.611351732100212530e+03
3.012714070881164757e-03 1.647979994649156652e+03
3.097290667331408388e-03 1.685198177082742404e+03
3.184241601504654226e-03 1.723002164609604051e+03
3.273633528715246682e-03 1.761386398404506963e+03
3.365534975507094694e-03 1.800344458851481022e+03
3.460016392185110562e-03 1.839869294695514100e+03
3.557150206821386215e-03 1.879952656827995497e+03
3.657010880777490907e-03 1.920584956690530817e+03
3.759674965785466966e-03 1.961755308739692737e+03
3.865221162631264206e-03 2.003451592848549126e+03
3.973730381485608698e-03 2.045660630665121516e+03
4.085285803928562741e-03 2.088367887288793099e+03
4.199972946715305709e-03 2.131556835984797999e+03
4.317879727332022029e-03 2.175209441744665583e+03
4.439096531392168997e-03 2.219306227682866847e+03
4.563716281924761094e-03 2.263826204829827475e+03
4.691834510607797992e-03 2.308746798568584381e+03
4.823549431001468782e-03 2.354043601814426438e+03
4.958962013837215146e-03 2.399690357875531845e+03
5.098176064420424994e-03 2.445658630663840995e+03
5.241298302206058926e-03 2.491918205199633121e+03
5.388438442608223244e-03 2.538437468408581935e+03
5.539709281106404079e-03 2.585182544843510641e+03
5.695226779712823234e-03 2.632116531166392633e+03
5.855110155867242032e-03 2.679200624494339536e+03
6.019481973827276768e-03 2.726394202696610591e+03
6.188468238624385796e-03 2.773653964160600935e+03
6.362198492657489789e-03 2.820934009245340349e+03
6.540805914998253610e-03 2.868185579421681723e+03
6.724427423484249239e-03 2.915357559370731906e+03
6.913203779678128193e-03 2.962396695715429814e+03
7.107279696773417810e-03 3.009246753368581267e+03
7.306803950529504668e-03 3.055847580618391021e+03
7.511929493320966197e-03 3.102139278116396781e+03
7.722813571388646714e-03 3.148061620300567029e+03
7.939617845382279313e-03 3.193534442688757736e+03
8.162508514287231468e-03 3.238474047278004491e+03
8.391656442830155299e-03 3.282871735896170776e+03
8.627237292461452031e-03 3.326712301230067624e+03
8.869431656014713575e-03 3.369840505007669890e+03
9.118425196146570655e-03 3.412116153458644021e+03
9.374408787662998066e-03 3.453499229969461339e+03
9.637578663841087079e-03 3.493909913571073048e+03
9.908136566858672528e-03 3.533213714407723273e+03
1.018628990244687879e-02 3.571397406358874832e+03
1.047225189888434729e-02 3.608460971864310523e+03
1.076624177045493527e-02 3.643877856870954020e+03
1.106848488549412070e-02 3.677183691270700365e+03
1.137921293915315074e-02 3.708980161946323733e+03
1.169866413101306943e-02 3.739674586488449222e+03
1.202708334768511945e-02 3.768739824191005937e+03
1.236472235053715993e-02 3.795752861255269636e+03
1.271183996869028332e-02 3.820592622650219255e+03
1.306870229743346996e-02 3.843509765073445124e+03
1.343558290220825575e-02 3.864861065447287729e+03
1.381276302832009847e-02 3.883951690512403275e+03
1.420053181653682141e-02 3.899957490100228370e+03
1.459918652473978819e-02 3.913246850860399718e+03
1.500903275579736421e-02 3.924017369261337990e+03
1.543038469183564444e-02 3.931534359943694199e+03
1.586356533508591002e-02 3.935691842538939909e+03
1.630890675549331870e-02 3.937237712629379530e+03
1.676675034527700184e-02 3.936062201956648551e+03
1.723744708063620554e-02 3.931517515188246307e+03
1.772135779080359283e-02 3.923809408752759737e+03
1.821885343465167589e-02 3.913254302281021410e+03
1.873031538506437013e-02 3.899205731704239042e+03
1.925613572129198509e-02 3.881181264840008225e+03
1.979671752951332395e-02 3.859501837014721332e+03
2.035247521183577296e-02 3.834343871082555324e+03
2.092383480396978190e-02 3.805588245578267561e+03
2.151123430182166549e-02 3.773200644522972652e+03
2.211512399725490061e-02 3.737223421448672525e+03
2.273596682327716154e-02 3.697695648060625444e+03
2.337423870891815886e-02 3.654666926602269541e+03
2.403042894406967958e-02 3.608216669712330713e+03
2.470504055456825693e-02 3.558447729942423393e+03
2.539859068780726467e-02 3.505486889744504424e+03
2.611161100917459149e-02 3.449487508678117592e+03
2.684464810961964890e-02 3.390627958916206353e+03
2.759826392466179640e-02 3.329113696118905409e+03
2.837303616516213128e-02 3.265175562142060244e+03
2.916955876018797328e-02 3.199070057270549569e+03
2.998844231231028931e-02 3.131079672208590182e+03
3.083031456568277942e-02 3.061507922856678306e+03
3.169582088726115993e-02 2.990679897946061828e+03
3.258562476153226140e-02 2.918939877994964718e+03
3.350040829913133317e-02 2.846646709744883992e+03
3.444087275973822804e-02 2.774169708453915518e+03
3.540773908965272332e-02 2.701886476125973331e+03
3.640174847446139839e-02 2.630174852207525873e+03
3.742366290721982347e-02 2.559410883057563751e+03
3.847426577258503816e-02 2.489959262086752460e+03
3.955436244734702317e-02 2.422169751139294931e+03
4.066478091781854792e-02 2.356371170773456925e+03
4.180637241455758407e-02 2.292860404314353218e+03
4.298001206490798670e-02 2.231899587191112460e+03
4.418659956385941057e-02 2.173707468779997271e+03
4.542705986374045990e-02 2.118452320897948994e+03
4.670234388327333674e-02 2.066245627063813572e+03
4.801342923653453137e-02 2.017134546686358362e+03
4.936132098237919208e-02 1.971097142099970597e+03
5.074705239490467923e-02 1.928035659009512301e+03
5.217168575554350513e-02 1.887773930350311275e+03
5.363631316739241039e-02 1.850052277871838896e+03
5.514205739240302800e-02 1.814529123085144192e+03
5.669007271207433807e-02 1.780791176351387776e+03
5.828154581230844677e-02 1.748288094550773621e+03
5.991769669310622465e-02 1.716969267497212059e+03
6.159977960380166873e-02 1.685257222491091397e+03
6.332908400455118658e-02 1.653013274995785650e+03
6.510693555481457395e-02 1.619544257300618710e+03
6.693469712958663442e-02 1.584221057362950432e+03
6.881376986415664587e-02 1.546483670530757990e+03
7.074559422819878818e-02 1.505873791070783227e+03
7.273165113001461846e-02 1.462081574390103924e+03
7.477346305177587360e-02 1.414964230638859817e+03
7.687259521663733497e-02 1.364476005448185788e+03
7.903065678861345700e-02 1.311088433999447489e+03
8.124930210614052239e-02 1.255358108732107439e+03
8.353023195026774983e-02 1.198062717842722805e+03
8.587519484845174134e-02 1.140155072659266352e+03
8.828598841495152727e-02 1.082714619632021140e+03
9.076446072885357985e-02 1.026870241642809560e+03
9.331251175078249249e-02 9.737192717629732215e+02
9.593209477938241525e-02 9.242515062330576256e+02
9.862521794868782388e-02 8.792659106727807057e+02
1.013939457675292477e-01 8.393042914417891325e+02
1.042404007021556500e-01 8.046043347260157361e+02
1.071667648032863795e-01 7.750627414305388356e+02
1.101752813788386687e-01 7.502211738360545041e+02
1.132682567136154145e-01 7.292735809161008547e+02
1.164480618372685794e-01 7.111121784554886744e+02
1.197171343418966943e-01 6.944020165663830539e+02
1.230779802506665743e-01 6.776974289398070823e+02
1.265331759388942934e-01 6.596070909887960170e+02
1.300853701090571579e-01 6.389820878440158367e+02
1.337372858212496074e-01 6.151145592203822616e+02
1.374917225806419896e-01 5.878775374938441018e+02
1.413515584835395023e-01 5.577743451431265385e+02
1.453197524236895799e-01 5.258874741379360103e+02
1.493993463605258198e-01 4.937045580986421101e+02
1.535934676510897212e-01 4.628585090200435275e+02
1.579053314474175851e-01 4.348144585918868756e+02
1.623382431612278298e-01 4.106114828378800325e+02
1.668956009978024568e-01 3.907097066320328622e+02
1.715808985610006165e-01 3.748889701021001315e+02
1.763977275314044801e-01 3.622659235004500715e+02
1.813497804196496366e-01 3.514753490661684054e+02
1.864408533970486059e-01 3.409369663099058698e+02
1.916748492056815356e-01 3.291952629975642708e+02
1.970557801501798822e-01 3.153252525237793975e+02
2.025877711735017406e-01 2.992102793535262322e+02
2.082750630190516594e-01 2.815488294819605244e+02
2.141220154815729193e-01 2.636387886653074020e+02
2.201331107493031680e-01 2.469209007691214310e+02
2.263129568399529223e-01 2.324878883404612111e+02
2.326662911331459360e-01 2.207699036871847795e+02
2.391979840020238557e-01 2.114036784565413711e+02
2.459130425468044889e-01 2.034039127533070257e+02
2.528166144331501219e-01 1.955460474068265739e+02
2.599139918382933900e-01 1.868537748915822476e+02
2.672106155079435608e-01 1.770159679333276017e+02
2.747120789270811603e-01 1.664729691203606592e+02
2.824241326078435477e-01 1.561472724364111286e+02
2.903526884977813416e-01 1.469138898574980487e+02
2.985038245118734057e-01 1.391679608662980172e+02
3.068837891917643446e-01 1.326527721196461869e+02
3.154990064958086982e-01 1.266766878262364600e+02
3.243560807235809640e-01 1.205445765851176532e+02
3.334618015786366407e-01 1.139839268830089622e+02
3.428231493733970847e-01 1.072568974669981969e+02
3.524473003801584237e-01 1.008949782847952719e+02
3.623416323323152555e-01 9.527463373329011631e+01
3.725137300800212548e-01 9.035700640700744657e+01
3.829713914046279921e-01 8.578338386549755512e+01
3.937226329963477989e-01 8.120771694799870488e+01
4.047756965997323930e-01 7.657314096240195056e+01
4.161390553316708374e-01 7.209517261032426916e+01
4.278214201767614466e-01 6.799769064581265354e+01
4.398317466650228380e-01 6.428960131639628628e+01
4.521792417370701922e-01 6.079713555990367269e+01
4.648733708020256206e-01 5.737639668923350911e+01
4.779238649935594330e-01 5.405009804043199040e+01
4.913407286296365140e-01 5.092730598840278589e+01
5.051342468816764075e-01 4.804367001937230697e+01
5.193149936590210070e-01 4.533044318766383896e+01
5.338938397147356962e-01 4.272185527077167677e+01
5.488819609789672427e-01 4.022949543693759011e+01
5.642908471262538805e-01 3.789153459268690938e+01
5.801323103833373462e-01 3.570114024839920575e+01
5.964184945842465613e-01 3.362281175239459685e+01
6.131618844795774237e-01 3.164621325650887229e+01
6.303753153071274262e-01 2.978320176162900523e+01
6.480719826311974741e-01 2.803121300350767342e+01
6.662654524581153037e-01 2.637507543307545888e+01
6.849696716357442927e-01 2.480740733722787184e+01
7.041989785449285222e-01 2.333100351367814085e+01
7.239681140910878554e-01 2.193922872257597234e+01
7.442922330043759693e-01 2.062532341053545082e+01
7.651869154570819509e-01 1.938658108089440191e+01
7.866681790071589075e-01 1.821906677468445679e+01
8.087524908770455934e-01 1.711843309210300390e+01
8.314567805772061782e-01 1.608126457153651501e+01
8.547984528840417706e-01 1.510433471415288764e+01
8.787954011821322853e-01 1.418409317247162704e+01
9.034660211810530139e-01 1.331762310897501855e+01
9.288292250172494047e-01 1.250201134147336468e+01
9.549044557518088228e-01 1.173438178575376512e+01
9.817117022752195332e-01 1.101205250502449928e+01
1.009271514630570854e+00 1.033248601013421464e+01
1.037605019766912440e+00 9.693226713735031197e+00
1.066733937734857918e+00 9.091995271466860373e+00
1.096680598336868151e+00 8.526667913806491583e+00
1.127467958244945612e+00 7.995235729122892820e+00
1.159119618598886126e+00 7.495777992442540949e+00
1.191659843098559213e+00 7.026468381149227227e+00
1.225113576604118126e+00 6.585568891685565696e+00
1.259506464258359104e+00 6.171399325143769765e+00
1.294864871145904983e+00 5.782393107096734930e+00
1.331215902504307769e+00 5.417098419896865025e+00
1.368587424502517580e+00 5.074146036349126199e+00
1.407008085602686087e+00 4.752251774498376768e+00
1.446507338521646480e+00 4.450168344535607723e+00
1.487115462808953126e+00 4.166667264194171771e+00
1.528863588058731571e+00 3.901226818042777822e+00
1.571783717773163280e+00 3.652696440775101028e+00
1.615908753895917815e+00 3.419998864650680925e+00
1.661272522034291654e+00 3.202125450022334174e+00
1.707909797389428608e+00 2.998131813335568996e+00
1.755856331414468618e+00 2.807133733649358920e+00
1.805148879221108116e+00 2.628303319934857107e+00
1.855825227755520057e+00 2.460865422539029179e+00
1.907924224765265908e+00 2.304094273258495473e+00
1.961485808579430667e+00 2.157310339459814763e+00
2.016551038724745393e+00 2.019877378610233531e+00
2.073162127401231736e+00 1.891199680451606691e+00
2.131362471841438122e+00 1.770719484863554571e+00
2.191196687578147895e+00 1.657914564223449183e+00
2.252710642645982198e+00 1.552295959783846380e+00
2.315951492743154372e+00 1.453405862255571890e+00
2.380967717380357840e+00 1.360815627409742046e+00
2.447809157044444017e+00 1.274123918097241459e+00
2.516527051405392790e+00 1.192954964632151116e+00
2.587174078595922744e+00 1.116956935998655309e+00
2.659804395593756698e+00 1.045800414821359325e+00
2.734473679737583041e+00 9.791769694886824915e-01
2.811239171408464355e+00 9.167978172401258785e-01
2.890159717909508874e+00 8.583925724225008880e-01
2.971295818577336600e+00 8.037080744893699835e-01
3.054709671159970164e+00 7.525072906635956738e-01
3.140465219496751281e+00 7.045682885065438494e-01
3.228628202536729219e+00 6.596832739404789869e-01
3.319266204733191561e+00 6.176576905544154394e-01
3.412448707852890450e+00 5.783093762893185552e-01
3.508247144239789783e+00 5.414677738472624124e-01
3.606734951574031900e+00 5.069731914020245700e-01
3.707987629168172372e+00 4.746761104066273829e-01
3.812082795843888317e+00 4.444365374974832417e-01
3.919100249433401739e+00 4.161233976859394779e-01
4.029122027951350660e+00 3.896139662069773579e-01
4.142232472483896366e+00 3.647933365623888258e-01
4.258518291843413017e+00 3.415539224526319417e-01
4.378068629038172510e+00 3.197949914384658476e-01
4.500975129608047354e+00 2.994222283109967409e-01
4.627332011878690032e+00 2.803473262775398878e-01
4.757236139187885904e+00 2.624876041912713731e-01
4.890787094139594338e+00 2.457656481655323133e-01
5.028087254942479767e+00 2.301089760193434919e-01
5.169241873891597727e+00 2.154497230996536006e-01
5.314359158053243881e+00 2.017243481184990139e-01
5.463550352214879169e+00 1.888733577300142352e-01
5.616929824163807261e+00 1.768410486534547355e-01
5.774615152359817039e+00 1.655752662244535101e-01
5.936727216069127344e+00 1.550271783279377757e-01
6.103390288028621491e+00 1.451510637328075337e-01
6.274732129711575013e+00 1.359041139109005425e-01
6.450884089267698407e+00 1.272462474812190991e-01
6.631981202212673843e+00 1.191399364751163092e-01
6.818162294944477786e+00 1.115500436693801778e-01
7.009570091165615580e+00 1.044436702821271712e-01
7.206351321293055889e+00 9.779001337133502725e-02
7.408656834939563396e+00 9.156023231790164085e-02
7.616641716552886798e+00 8.572732381449385541e-02
7.830465404301192756e+00 8.026600481831880352e-02
8.050291812295983007e+00 7.515260296047091004e-02
8.276289456246344045e+00 7.036495393682756783e-02
8.508631582640587609e+00 6.588230543572962117e-02
8.747496301554422260e+00 6.168522718601615606e-02
8.993066723187620681e+00 5.775552673551165306e-02
9.245531098233566780e+00 5.407617059490368860e-02
9.505082962189515428e+00 5.063121040520490029e-02
9.771921283717999174e+00 4.740571380876815177e-02
1.004625061717340628e+01 4.438569972421217702e-02
1.032828125941029640e+01 4.155807774470302723e-02
1.061822941099384643e+01 3.891059139691045721e-02
1.091631734193614811e+01 3.643176501469200246e-02
1.122277356208507015e+01 3.411085399722613848e-02
1.153783299629661485e+01 3.193779823598577594e-02
1.186173716452478821e+01 2.990317850867889315e-02
1.219473436696737778e+01 2.799817565114363568e-02
1.253707987440921379e+01 2.621453233022634152e-02
1.288903612390893194e+01 2.454451725194502915e-02
1.325087291997952832e+01 2.298089164979681340e-02
1.362286764141645712e+01 2.151687790795110689e-02
1.400530545393221082e+01 2.014613018332419084e-02
1.439847952876007753e+01 1.886270689919501004e-02
1.480269126739508501e+01 1.766104499113438711e-02
1.521825053264387861e+01 1.653593579361530008e-02
1.564547588616096618e+01 1.548250246278346128e-02
1.608469483265355748e+01 1.449617883752606605e-02
1.653624407094179460e+01 1.357268964721091917e-02
1.700046975206718614e+01 1.270803198030531940e-02
1.747772774464680978e+01 1.189845793354955654e-02
1.796838390767719673e+01 1.114045836647690330e-02
1.847281437099635681e+01 1.043074769086321796e-02
1.899140582361934904e+01 9.766249629175343186e-03
1.952455581016860364e+01 9.144083880287413174e-03
2.007267303562567662e+01 8.561553634667073628e-03
2.063617767863859598e+01 8.016133884915437741e-03
2.121550171362450854e+01 7.505460480992272310e-03
2.181108924191518383e+01 7.027319882685692520e-03
2.242339683219847757e+01 6.579639564907928569e-03
2.305289387051708516e+01 6.160479034228428206e-03
2.370006292009328064e+01 5.768021417704984229e-03
2.436540009125468131e+01 5.400565587554238302e-03
2.504941542174504221e+01 5.056518787525558084e-03
2.575263326771200667e+01 4.734389729016906176e-03
2.647559270567065681e+01 4.432782127007469340e-03
2.721884794575180422e+01 4.150388647788209005e-03
2.798296875655116978e+01 3.885985242256462940e-03
2.876854090190592217e+01 3.638425840211965794e-03
2.957616658993256564e+01 3.406637382656450917e-03
3.040646493467068723e+01 3.189615170564065721e-03
3.126007243068703190e+01 2.986418509961620473e-03
3.213764344100275139e+01 2.796166634442037204e-03
3.303985069871860247e+01 2.618034887436920810e-03
3.396738582272208617e+01 2.451251147700129248e-03
3.492095984787270169e+01 2.295092482508399433e-03
3.590130377007073292e+01 2.148882014072167872e-03
3.690916910662779316e+01 2.011985985573876839e-03
3.794532847236938977e+01 1.883811014116354128e-03
3.901057617190990356e+01 1.763801518674038785e-03
4.010572880855499989e+01 1.651437311898365165e-03
4.123162591029752377e+01 1.546231345338868737e-03
4.238913057338778145e+01 1.447727598306551653e-03
4.357913012397032304e+01 1.355499101228684316e-03
4.480253679829492341e+01 1.269146084927167588e-03
4.606028844202401018e+01 1.188294247798407774e-03
4.735334922917113687e+01 1.112593133383708638e-03
4.868271040122284887e+01 1.041714611297672862e-03
5.004939102700954123e+01 9.753514549301203285e-04
5.145443878390924652e+01 9.132160097564983496e-04
5.289893076098154978e+01 8.550389464845065688e-04
5.438397428464800498e+01 8.005680936323868744e-04
5.591070776755292115e+01 7.495673444786265334e-04
5.748030158125349942e+01 7.018156336451957227e-04
5.909395895340973937e+01 6.571059788782623607e-04
6.075291689016074059e+01 6.152445838729360362e-04
6.245844712439613744e+01 5.760499982531878211e-04
6.421185709064765490e+01 5.393523310658348982e-04
6.601449092734890201e+01 5.049925143794410654e-04
6.786773050723294887e+01 4.728216137961622307e-04
6.977299649665530978e+01 4.427001828879162100e-04
7.173174944465618807e+01 4.144976587586470234e-04
7.374549090259552031e+01 3.880917961127171669e-04
7.581576457522108115e+01 3.633681373763676952e-04
7.794415750404954224e+01 3.402195165754605790e-04
8.013230128396889995e+01 3.185455948190355998e-04
8.238187331399603863e+01 2.982524253752118237e-04
8.469459808314594795e+01 2.792520464542319700e-04
8.707224849239922548e+01 2.614620999335474515e-04
8.951664721378301692e+01 2.448054743722876650e-04
9.202966808760409378e+01 2.292099707677416854e-04
9.461323755890775544e+01 2.146079896050572292e-04
9.726933615426175095e+01 2.009362378436558780e-04
9.999999999999995737e+01 1.881354545702840567e-04
