1.000000000000000048e-04 7.276755720156454288e+01
1.028073223830865281e-04 7.474055496884329841e+01
1.056934553557988362e-04 7.676699898680098499e+01
1.086606113854597351e-04 7.884833384861747163e+01
1.117110650504824041e-04 8.098604071095408585e+01
1.148471547840289439e-04 8.318163502789720098e+01
1.180712846666190141e-04 8.543667316644595644e+01
1.213859262690628250e-04 8.775276831429060564e+01
1.247936205471311189e-04 9.013157490710912612e+01
1.282969797894147957e-04 9.257477431059680839e+01
1.318986896198670199e-04 9.508409812817376405e+01
1.356015110565633925e-04 9.766133638661911220e+01
1.394082826282578376e-04 1.003083191066093320e+02
1.433219225503574155e-04 1.030269172187814917e+02
1.473454309619835539e-04 1.058190534701792842e+02
1.514818922258346051e-04 1.086867042494371134e+02
1.557344772926134557e-04 1.116319046931132846e+02
1.601064461318317826e-04 1.146567448814430605e+02
1.646011502308550778e-04 1.177633671417593035e+02
1.692220351641037391e-04 1.209539632583723403e+02
1.739726432343801689e-04 1.242307729118032427e+02
1.788566161883461665e-04 1.275961060934765072e+02
1.838776980082327715e-04 1.310523442233124740e+02
1.890397377819221208e-04 1.346019234078967202e+02
1.943466926536020897e-04 1.382473378456346325e+02
1.998026308572550618e-04 1.419911404497692615e+02
2.054117348353064979e-04 1.458359533983677636e+02
2.111783044448243749e-04 1.497844799927547967e+02
2.171067602537265953e-04 1.538394930098773443e+02
2.232016469295233991e-04 1.580038316127297833e+02
2.294676367231936914e-04 1.622803987096333742e+02
2.359095330508635614e-04 1.666721642146390252e+02
2.425322741760353111e-04 1.711821832790285782e+02
2.493409369951879494e-04 1.758135953663675366e+02
2.563407409296515377e-04 1.805696231895262258e+02
2.635370519267394326e-04 1.854535665105015312e+02
2.709353865732051759e-04 1.904687911475207613e+02
2.785414163241767813e-04 1.956187552784079742e+02
2.863609718508116210e-04 2.009070200723593302e+02
2.944000475100034728e-04 2.063372167647259232e+02
3.026648059395691654e-04 2.119130490032417811e+02
3.111615827824361444e-04 2.176383302981890324e+02
3.198968915434537695e-04 2.235169772366743359e+02
3.288774285825511105e-04 2.295529907013485627e+02
3.381100782480684795e-04 2.357504648339531741e+02
3.476019181541978613e-04 2.421135900482325098e+02
3.573602246065787046e-04 2.486466540243090151e+02
3.673924781802075296e-04 2.553540416463310692e+02
3.777063694539367416e-04 2.622402478198523568e+02
3.883098049059605528e-04 2.693098776918767499e+02
3.992109129748052884e-04 2.765676204821153306e+02
4.104180502904709654e-04 2.840182642202403827e+02
4.219398080805026588e-04 2.916667250971660224e+02
4.337850187558990231e-04 2.995180315206868613e+02
4.459627626819093779e-04 3.075773051630159785e+02
4.584823751389095932e-04 3.158497800949556336e+02
4.713534534786909978e-04 3.243408077785435353e+02
4.845858644816496185e-04 3.330558505953180202e+02
4.981897519205162042e-04 3.420004800202806337e+02
5.121755443364240474e-04 3.511803564689490713e+02
5.265539630332758715e-04 3.606012498766485237e+02
5.413360302965379654e-04 3.702690893101098482e+02
5.565330778427647921e-04 3.801899251862135429e+02
5.721567555063251324e-04 3.903698842840711905e+02
5.882190401699957617e-04 4.008152083692156111e+02
6.047322449462647380e-04 4.115322615906918031e+02
6.217090286163829381e-04 4.225274953429238280e+02
6.391624053344003523e-04 4.338074487589580031e+02
6.571057546036271476e-04 4.453788032760338638e+02
6.755528315331644270e-04 4.572483786251340803e+02
6.945177773823697038e-04 4.694231259659879356e+02
7.140151304013400355e-04 4.819100772045999292e+02
7.340598369757211656e-04 4.947162460309459675e+02
7.546672630843890076e-04 5.078487997377070542e+02
7.758532060787837713e-04 5.213151329639593996e+02
7.976339067929278130e-04 5.351226840799910178e+02
8.200260619934130737e-04 5.492789133148714882e+02
8.430468371788971344e-04 5.637913560483527817e+02
8.667138797389231696e-04 5.786676449146758614e+02
8.910453324821514341e-04 5.939155734156792050e+02
9.160598475443706154e-04 6.095430216211833567e+02
9.417766006869523988e-04 6.255578551244954042e+02
9.682153059967085751e-04 6.419680268312290536e+02
9.953962309984236857e-04 6.587816062803535715e+02
1.023340212191642049e-03 6.760066439581914892e+02
1.052068671023622922e-03 6.936511705999291735e+02
1.081603630310709867e-03 7.117234621031500410e+02
1.111967731120699519e-03 7.302319170682127378e+02
1.143184250129150028e-03 7.491846469253083569e+02
1.175277117462945366e-03 7.685897712372000115e+02
1.208270935044776636e-03 7.884557359635439298e+02
1.242190995452617476e-03 8.087909388473759691e+02
1.277063301308643990e-03 8.296035527150540929e+02
1.312914585212465604e-03 8.509020149384299430e+02
1.349772330233942573e-03 8.726949333898904797e+02
1.387664790981308705e-03 8.949893425326773695e+02
1.426621015260737648e-03 9.177924458928462172e+02
1.466670866343968349e-03 9.411186484225345339e+02
1.507845045861051347e-03 9.649805168853932855e+02
1.550175117335769997e-03 9.893754549416016744e+02
1.593693530381775150e-03 1.014304688370708277e+03
1.638433645577984637e-03 1.039782761769230547e+03
1.684429760042315850e-03 1.065820515615574323e+03
1.731717133723354026e-03 1.092423151613267919e+03
1.780332016430114135e-03 1.119597915394791926e+03
1.830311675620612021e-03 1.147352918581915446e+03
1.881694424970556086e-03 1.175692392824075569e+03
1.934519653744045872e-03 1.204620681359931041e+03
1.988827856988810081e-03 1.234147832700343770e+03
2.044660666579116784e-03 1.264282262146356743e+03
2.102060883130158625e-03 1.295026978580184050e+03
2.161072508808377368e-03 1.326385593412462185e+03
2.221740781062885202e-03 1.358363116232289485e+03
2.284112207303824749e-03 1.390964536566590141e+03
2.348234600554276272e-03 1.424194298925043313e+03
2.414157116103019234e-03 1.458054323256668340e+03
2.481930289186255051e-03 1.492545804707391653e+03
2.551606073727184613e-03 1.527671411664366588e+03
2.623237882163122550e-03 1.563432993109669951e+03
2.696880626390694112e-03 1.599830448179920722e+03
2.772590759860483686e-03 1.636863481222319024e+03
2.850426320853435488e-03 1.674531759068491965e+03
2.930446976972143555e-03 1.712833522645900757e+03
3.012714070881164757e-03 1.751765781943905267e+03
3.097290667331408388e-03 1.791324946971388499e+03
3.184241601504654226e-03 1.831506547180402094e+03
3.273633528715246682e-03 1.872304781134232599e+03
3.365534975507094694e-03 1.913712915133178512e+03
3.460016392185110562e-03 1.955723416589032695e+03
3.557150206821386215e-03 1.998327439739973897e+03
3.657010880777490907e-03 2.041514704563690657e+03
3.759674965785466966e-03 2.085273785434198089e+03
3.865221162631264206e-03 2.129592035899082475e+03
3.973730381485608698e-03 2.174455209154206386e+03
4.085285803928562741e-03 2.219847573010012638e+03
4.199972946715305709e-03 2.265751817336898512e+03
4.317879727332022029e-03 2.312148953756756782e+03
4.439096531392168997e-03 2.359018064452835461e+03
4.563716281924761094e-03 2.406336666603158392e+03
4.691834510607797992e-03 2.454080713509997167e+03
4.823549431001468782e-03 2.502224386087259973e+03
4.958962013837215146e-03 2.550739986888437215e+03
5.098176064420424994e-03 2.599597277530759584e+03
5.241298302206058926e-03 2.648764034755823104e+03
5.388438442608223244e-03 2.698206547344806950e+03
5.539709281106404079e-03 2.747888835128670507e+03
5.695226779712823234e-03 2.797771970195647100e+03
5.855110155867242032e-03 2.847814758834952499e+03
6.019481973827276768e-03 2.897973738895151655e+03
6.188468238624385796e-03 2.948202663936952376e+03
6.362198492657489789e-03 2.998452660593819928e+03
6.540805914998253610e-03 3.048672319001529104e+03
6.724427423484249239e-03 3.098807684798590344e+03
6.913203779678128193e-03 3.148801616121068491e+03
7.107279696773417810e-03 3.198593984128245211e+03
7.306803950529504668e-03 3.248121311030314246e+03
7.511929493320966197e-03 3.297320238729439552e+03
7.722813571388646714e-03 3.346126729893825086e+03
7.939617845382279313e-03 3.394455197416086321e+03
8.162508514287231468e-03 3.442216211976839531e+03
8.391656442830155299e-03 3.489401139593373955e+03
8.627237292461452031e-03 3.535994453795253776e+03
8.869431656014713575e-03 3.581830202899303004e+03
9.118425196146570655e-03 3.626758881215872862e+03
9.374408787662998066e-03 3.670739156275416462e+03
9.637578663841087079e-03 3.713686436458563549e+03
9.908136566858672528e-03 3.755456693314566110e+03
1.018628990244687879e-02 3.796036124346765064e+03
1.047225189888434729e-02 3.835425708297426354e+03
1.076624177045493527e-02 3.873064792894585025e+03
1.106848488549412070e-02 3.908458699443096975e+03
1.137921293915315074e-02 3.942248541274604577e+03
1.169866413101306943e-02 3.974868272225535293e+03
1.202708334768511945e-02 4.005756139091941805e+03
1.236472235053715993e-02 4.034462014566608104e+03
1.271183996869028332e-02 4.060858198393264502e+03
1.306870229743346996e-02 4.085211342115541356e+03
1.343558290220825575e-02 4.107900253140844143e+03
1.381276302832009847e-02 4.128185892747048456e+03
1.420053181653682141e-02 4.145192127907489521e+03
1.459918652473978819e-02 4.159311806028092178e+03
1.500903275579736421e-02 4.170755416810596216e+03
1.543038469183564444e-02 4.178740141048826445e+03
1.586356533508591002e-02 4.183152948884102443e+03
1.630890675549331870e-02 4.184790539406823882e+03
1.676675034527700184e-02 4.183536449291921599e+03
1.723744708063620554e-02 4.178701274123032817e+03
1.772135779080359283e-02 4.170503892620643455e+03
1.821885343465167589e-02 4.159280974333616541e+03
1.873031538506437013e-02 4.144344689648904023e+03
1.925613572129198509e-02 4.125182037819530706e+03
1.979671752951332395e-02 4.102135395180685009e+03
2.035247521183577296e-02 4.075392483365546468e+03
2.092383480396978190e-02 4.044825470190489796e+03
2.151123430182166549e-02 4.010397845803056043e+03
2.211512399725490061e-02 3.972155350452181665e+03
2.273596682327716154e-02 3.930139147333733490e+03
2.337423870891815886e-02 3.884401504687246870e+03
2.403042894406967958e-02 3.835027603335764070e+03
2.470504055456825693e-02 3.782127199728909090e+03
2.539859068780726467e-02 3.725834710511374851e+03
2.611161100917459149e-02 3.666312948192746717e+03
2.684464810961964890e-02 3.603751162900546205e+03
2.759826392466179640e-02 3.538367106886561032e+03
2.837303616516213128e-02 3.470407154478437860e+03
2.916955876018797328e-02 3.400144554984286515e+03
2.998844231231028931e-02 3.327878598099306146e+03
3.083031456568277942e-02 3.253931741772018995e+03
3.169582088726115993e-02 3.178650014582105086e+03
3.258562476153226140e-02 3.102399208452795392e+03
3.350040829913133317e-02 3.025560283439973773e+03
3.444087275973822804e-02 2.948526571503305149e+03
3.540773908965272332e-02 2.871698380740081120e+03
3.640174847446139839e-02 2.795478082876420558e+03
3.742366290721982347e-02 2.720265344794679095e+03
3.847426577258503816e-02 2.646447766867996506e+03
3.955436244734702317e-02 2.574396977967765906e+03
4.066478091781854792e-02 2.504461589764719065e+03
4.180637241455758407e-02 2.436958143755105993e+03
4.298001206490798670e-02 2.372164984678474411e+03
4.418659956385941057e-02 2.310315336052935436e+03
4.542705986374045990e-02 2.251586559946948000e+03
4.670234388327333674e-02 2.196098060124568747e+03
4.801342923653453137e-02 2.143899782941661215e+03
4.936132098237919208e-02 2.094968520770221403e+03
5.074705239490467923e-02 2.049200163589288877e+03
5.217168575554350513e-02 2.006407682034185427e+03
5.363631316739241039e-02 1.966314751256548334e+03
5.514205739240302800e-02 1.928558599519391464e+03
5.669007271207433807e-02 1.892699683016864128e+03
5.828154581230844677e-02 1.858153546249307965e+03
5.991769669310622465e-02 1.824866036150124501e+03
6.159977960380166873e-02 1.791160972267993657e+03
6.332908400455118658e-02 1.756890320997426215e+03
6.510693555481457395e-02 1.721317563504360805e+03
6.693469712958663442e-02 1.683774189012223587e+03
6.881376986415664587e-02 1.643665077898019263e+03
7.074559422819878818e-02 1.600502957122250791e+03
7.273165113001461846e-02 1.553958399395716469e+03
7.477346305177587360e-02 1.503879729548637442e+03
7.687259521663733497e-02 1.450218792823898639e+03
7.903065678861345700e-02 1.393476283589952573e+03
8.124930210614052239e-02 1.334243626112748643e+03
8.353023195026774983e-02 1.273347889867769709e+03
8.587519484845174134e-02 1.211801168681008448e+03
8.828598841495152727e-02 1.150751089710485985e+03
9.076446072885357985e-02 1.091397304795571245e+03
9.331251175078249249e-02 1.034906009169444133e+03
9.593209477938241525e-02 9.823295917028419808e+02
9.862521794868782388e-02 9.345171264734000260e+02
1.013939457675292477e-01 8.920444841742314566e+02
1.042404007021556500e-01 8.551639865263022102e+02
1.071667648032863795e-01 8.237657785243839044e+02
1.101752813788386687e-01 7.973633655890459977e+02
1.132682567136154145e-01 7.750991503514045462e+02
1.164480618372685794e-01 7.557965252196448773e+02
1.197171343418966943e-01 7.380363782969634485e+02
1.230779802506665743e-01 7.202821730183866293e+02
1.265331759388942934e-01 7.010548982767613779e+02
1.300853701090571579e-01 6.791338696452982049e+02
1.337372858212496074e-01 6.537664893981473142e+02
1.374917225806419896e-01 6.248178820248161855e+02
1.413515584835395023e-01 5.928230764514435123e+02
1.453197524236895799e-01 5.589325304209241949e+02
1.493993463605258198e-01 5.247272401353109217e+02
1.535934676510897212e-01 4.919429707420504201e+02
1.579053314474175851e-01 4.621367661072461601e+02
1.623382431612278298e-01 4.364129072353399579e+02
1.668956009978024568e-01 4.152605506446075196e+02
1.715808985610006165e-01 3.984457119978877699e+02
1.763977275314044801e-01 3.850293760189659338e+02
1.813497804196496366e-01 3.735607377057443159e+02
1.864408533970486059e-01 3.623602104185098369e+02
1.916748492056815356e-01 3.498806754961826755e+02
1.970557801501798822e-01 3.351390936177054414e+02
2.025877711735017406e-01 3.180114975941946796e+02
2.082750630190516594e-01 2.992402606044272488e+02
2.141220154815729193e-01 2.802048213011596545e+02
2.201331107493031680e-01 2.624364566801095862e+02
2.263129568399529223e-01 2.470964775558978772e+02
2.326662911331459360e-01 2.346422232708239903e+02
2.391979840020238557e-01 2.246874020463166630e+02
2.459130425468044889e-01 2.161850057630039998e+02
2.528166144331501219e-01 2.078333812992752314e+02
2.599139918382933900e-01 1.985949001305818058e+02
2.672106155079435608e-01 1.881389158806768194e+02
2.747120789270811603e-01 1.769334365806701328e+02
2.824241326078435477e-01 1.659589343162852231e+02
2.903526884977813416e-01 1.561453342283399763e+02
2.985038245118734057e-01 1.479126940722053689e+02
3.068837891917643446e-01 1.409881205158403645e+02
3.154990064958086982e-01 1.346365385685796241e+02
3.243560807235809640e-01 1.281190715843351029e+02
3.334618015786366407e-01 1.211461848688194749e+02
3.428231493733970847e-01 1.139964648749205764e+02
3.524473003801584237e-01 1.072347873584939038e+02
3.623416323323152555e-01 1.012612990571890919e+02
3.725137300800212548e-01 9.603466939363109134e+01
3.829713914046279921e-01 9.117364452483205639e+01
3.937226329963477989e-01 8.631046348585327621e+01
4.047756965997323930e-01 8.138468497803611967e+01
4.161390553316708374e-01 7.662532266835239625e+01
4.278214201767614466e-01 7.227037748389881244e+01
4.398317466650228380e-01 6.832928716825885829e+01
4.521792417370701922e-01 6.461736396087933088e+01
4.648733708020256206e-01 6.098169331690672834e+01
4.779238649935594330e-01 5.744637334120589856e+01
4.913407286296365140e-01 5.412735081599493014e+01
5.051342468816764075e-01 5.106252604413697327e+01
5.193149936590210070e-01 4.817881656927139744e+01
5.338938397147356962e-01 4.540630504788357769e+01
5.488819609789672427e-01 4.275733935851008027e+01
5.642908471262538805e-01 4.027246960115835606e+01
5.801323103833373462e-01 3.794444998758726229e+01
5.964184945842465613e-01 3.573552495786538685e+01
6.131618844795774237e-01 3.363472034831590207e+01
6.303753153071274262e-01 3.165464369139558087e+01
6.480719826311974741e-01 2.979257123465396617e+01
6.662654524581153037e-01 2.803236041237046550e+01
6.849696716357442927e-01 2.636619230465772290e+01
7.041989785449285222e-01 2.479701995238484358e+01
7.239681140910878554e-01 2.331779648368750202e+01
7.442922330043759693e-01 2.192132988751069789e+01
7.651869154570819509e-01 2.060475176215142668e+01
7.866681790071589075e-01 1.936387297566249188e+01
8.087524908770455934e-01 1.819407925695976758e+01
8.314567805772061782e-01 1.709174211647376751e+01
8.547984528840417706e-01 1.605342596805969535e+01
8.787954011821322853e-01 1.507535745279320416e+01
9.034660211810530139e-01 1.415444346970016731e+01
9.288292250172494047e-01 1.328758299195120074e+01
9.549044557518088228e-01 1.247171892856792219e+01
9.817117022752195332e-01 1.170400063253944012e+01
1.009271514630570854e+00 1.098173145243321969e+01
1.037605019766912440e+00 1.030230431059700891e+01
1.066733937734857918e+00 9.663295137064739748e+00
1.096680598336868151e+00 9.062444374508997313e+00
1.127467958244945612e+00 8.497620840021912869e+00
1.159119618598886126e+00 7.966781103626273897e+00
1.191659843098559213e+00 7.467980898504828602e+00
1.225113576604118126e+00 6.999376790331757192e+00
1.259506464258359104e+00 6.559182650815903237e+00
1.294864871145904983e+00 6.145732702364213651e+00
1.331215902504307769e+00 5.757484640681018284e+00
1.368587424502517580e+00 5.392982368578524976e+00
1.407008085602686087e+00 5.050860910178473162e+00
1.446507338521646480e+00 4.729796485823801078e+00
1.487115462808953126e+00 4.428481047973984452e+00
1.528863588058731571e+00 4.146361149162423487e+00
1.571783717773163280e+00 3.882213922344537327e+00
1.615908753895917815e+00 3.634894404191072681e+00
1.661272522034291654e+00 3.403330572170102819e+00
1.707909797389428608e+00 3.186518697795662547e+00
1.755856331414468618e+00 2.983518995901365489e+00
1.805148879221108116e+00 2.793451551080494699e+00
1.855825227755520057e+00 2.615492503635462374e+00
1.907924224765265908e+00 2.448870478504382664e+00
1.961485808579430667e+00 2.292863241685710207e+00
2.016551038724745393e+00 2.146794569668007746e+00
2.073162127401231736e+00 2.010031318295162350e+00
2.131362471841438122e+00 1.881980678361875770e+00
2.191196687578147895e+00 1.762087606043620358e+00
2.252710642645982198e+00 1.649832417023095132e+00
2.315951492743154372e+00 1.544728533884760280e+00
2.380967717380357840e+00 1.446320377013392999e+00
2.447809157044444017e+00 1.354181389854625772e+00
2.516527051405392790e+00 1.267912189977826065e+00
2.587174078595922744e+00 1.187138837926982937e+00
2.659804395593756698e+00 1.111511216355821841e+00
2.734473679737583041e+00 1.040701512421403407e+00
2.811239171408464355e+00 9.744027968580416532e-01
2.890159717909508874e+00 9.123276935724445869e-01
2.971295818577336600e+00 8.542071339933545726e-01
3.054709671159970164e+00 7.997891907763294839e-01
3.140465219496751281e+00 7.488379858082905294e-01
3.228628202536729219e+00 7.011326677785023609e-01
3.319266204733191561e+00 6.564664548842084058e-01
3.412448707852890450e+00 6.146457385214620928e-01
3.508247144239789783e+00 5.754892440760439598e-01
3.606734951574031900e+00 5.388272451768607585e-01
3.707987629168172372e+00 5.045008280059543049e-01
3.812082795843888317e+00 4.723612024762245398e-01
3.919100249433401739e+00 4.422690572911238682e-01
4.029122027951350660e+00 4.140939560907833661e-01
4.142232472483896366e+00 3.877137720671308685e-01
4.258518291843413017e+00 3.630141585973002405e-01
4.378068629038172510e+00 3.398880536007601316e-01
4.500975129608047354e+00 3.182352154717645321e-01
4.627332011878690032e+00 2.979617885755957429e-01
4.757236139187885904e+00 2.789798964252123703e-01
4.890787094139594338e+00 2.612072607749031938e-01
5.028087254942479767e+00 2.445668449798813759e-01
5.169241873891597727e+00 2.289865200759387820e-01
5.314359158053243881e+00 2.143987521317605449e-01
5.463550352214879169e+00 2.007403095187093867e-01
5.616929824163807261e+00 1.879519888292194296e-01
5.774615152359817039e+00 1.759783582557771231e-01
5.936727216069127344e+00 1.647675173181472608e-01
6.103390288028621491e+00 1.542708718973671012e-01
6.274732129711575013e+00 1.444429236013778373e-01
6.450884089267698407e+00 1.352410725492862731e-01
6.631981202212673843e+00 1.266254327194111795e-01
6.818162294944477786e+00 1.185586590607288493e-01
7.009570091165615580e+00 1.110057856183214453e-01
7.206351321293055889e+00 1.039340739711718531e-01
7.408656834939563396e+00 9.731287132534929829e-02
7.616641716552886798e+00 9.111347764748087275e-02
7.830465404301192756e+00 8.530902126259089224e-02
8.050291812295983007e+00 7.987434237707861928e-02
8.276289456246344045e+00 7.478588402195689155e-02
8.508631582640587609e+00 7.002158994363850975e-02
8.747496301554422260e+00 6.556080899967091369e-02
8.993066723187620681e+00 6.138420564501657212e-02
9.245531098233566780e+00 5.747367612087578986e-02
9.505082962189515428e+00 5.381226998276710666e-02
9.771921283717999174e+00 5.038411662772357413e-02
1.004625061717340628e+01 4.717435650213236409e-02
1.032828125941029640e+01 4.416907669203339049e-02
1.061822941099384643e+01 4.135525061668924446e-02
1.091631734193614811e+01 3.872068156402392464e-02
1.122277356208507015e+01 3.625394982318136394e-02
1.153783299629661485e+01 3.394436318504624045e-02
1.186173716452478821e+01 3.178191059616831265e-02
1.219473436696737778e+01 2.975721876520041539e-02
1.253707987440921379e+01 2.786151153375757486e-02
1.288903612390893194e+01 2.608657183558794890e-02
1.325087291997952832e+01 2.442470607916485958e-02
1.362286764141645712e+01 2.286871079931408410e-02
1.400530545393221082e+01 2.141184143332571302e-02
1.439847952876007753e+01 2.004778308620856070e-02
1.480269126739508501e+01 1.877062315836719453e-02
1.521825053264387861e+01 1.757482571705462279e-02
1.564547588616096618e+01 1.645520750051180855e-02
1.608469483265355748e+01 1.540691545078258680e-02
1.653624407094179460e+01 1.442540567781841997e-02
1.700046975206718614e+01 1.350642376369151458e-02
1.747772774464680978e+01 1.264598632154371669e-02
1.796838390767719673e+01 1.184036372933718571e-02
1.847281437099635681e+01 1.108606396356514451e-02
1.899140582361934904e+01 1.037981746284897568e-02
1.952455581016860364e+01 9.718562955811816881e-03
2.007267303562567662e+01 9.099434191798750488e-03
2.063617767863859598e+01 8.519747516926972838e-03
2.121550171362450854e+01 7.976990241613550123e-03
2.181108924191518383e+01 7.468809749159051499e-03
2.242339683219847757e+01 6.993003298177502026e-03
2.305289387051708516e+01 6.547508474670615808e-03
2.370006292009328064e+01 6.130394252360237689e-03
2.436540009125468131e+01 5.739852622529374553e-03
2.504941542174504221e+01 5.374190757090862268e-03
2.575263326771200667e+01 5.031823670913956707e-03
2.647559270567065681e+01 4.711267351603225587e-03
2.721884794575180422e+01 4.411132326950338231e-03
2.798296875655116978e+01 4.130117642176430078e-03
2.876854090190592217e+01 3.867005220859026995e-03
2.957616658993256564e+01 3.620654585100602143e-03
3.040646493467068723e+01 3.389997912052963164e-03
3.126007243068703190e+01 3.174035405369699577e-03
3.213764344100275139e+01 2.971830961523906460e-03
3.303985069871860247e+01 2.782508112206585546e-03
3.396738582272208617e+01 2.605246225217770946e-03
3.492095984787270169e+01 2.439276947382903234e-03
3.590130377007073292e+01 2.283880874076034927e-03
3.690916910662779316e+01 2.138384430913707612e-03
3.794532847236938977e+01 2.002156954102986448e-03
3.901057617190990356e+01 1.874607956788249029e-03
4.010572880855499989e+01 1.755184569547514747e-03
4.123162591029752377e+01 1.643369143943988883e-03
4.238913057338778145e+01 1.538677008745255401e-03
4.357913012397032304e+01 1.440654369084308235e-03
4.480253679829492341e+01 1.348876339456193778e-03
4.606028844202401018e+01 1.262945102024165284e-03
4.735334922917113687e+01 1.182488182252402391e-03
4.868271040122284887e+01 1.107156834390918753e-03
5.004939102700954123e+01 1.036624529814433307e-03
5.145443878390924652e+01 9.705855416628126307e-04
5.289893076098154978e+01 9.087536196481183978e-04
5.438397428464800498e+01 8.508607492841234032e-04
5.591070776755292115e+01 7.966559901600923270e-04
5.748030158125349942e+01 7.459043882232581531e-04
5.909395895340973937e+01 6.983859573552026433e-04
6.075291689016074059e+01 6.538947258277231448e-04
6.245844712439613744e+01 6.122378435049844608e-04
6.421185709064765490e+01 5.732347459220658078e-04
6.601449092734890201e+01 5.367163716165483135e-04
6.786773050723294887e+01 5.025244293206130924e-04
6.977299649665530978e+01 4.705107118372494029e-04
7.173174944465618807e+01 4.405364536265229535e-04
7.374549090259552031e+01 4.124717293173202695e-04
7.581576457522108115e+01 3.861948905373802435e-04
7.794415750404954224e+01 3.615920386205150332e-04
8.013230128396889995e+01 3.385565309054359897e-04
8.238187331399603863e+01 3.169885184862043098e-04
8.469459808314594795e+01 2.967945134106562922e-04
8.707224849239922548e+01 2.778869834507961432e-04
8.951664721378301692e+01 2.601839726886623480e-04
9.202966808760409378e+01 2.436087462730729088e-04
9.461323755890775544e+01 2.280894578074232958e-04
9.726933615426175095e+01 2.135588379268090246e-04
9.999999999999995737e+01 1.999539027145899562e-04
