1.000000000000000048e-04 5.752584569965247141e+01
1.028073223830865281e-04 5.908559793974133356e+01
1.056934553557988362e-04 6.068760522420632242e+01
1.086606113854597351e-04 6.233300771286252484e+01
1.117110650504824041e-04 6.402297195081904135e+01
1.148471547840289439e-04 6.575870096125305508e+01
1.180712846666190141e-04 6.754143237466763594e+01
1.213859262690628250e-04 6.937243464237033663e+01
1.247936205471311189e-04 7.125300956589789791e+01
1.282969797894147957e-04 7.318449398089988733e+01
1.318986896198670199e-04 7.516826187134419968e+01
1.356015110565633925e-04 7.720572544837405360e+01
1.394082826282578376e-04 7.929832422103415013e+01
1.433219225503574155e-04 8.144752870512543552e+01
1.473454309619835539e-04 8.365486969136529183e+01
1.514818922258346051e-04 8.592192695854636497e+01
1.557344772926134557e-04 8.825030527407382408e+01
1.601064461318317826e-04 9.064164653808282424e+01
1.646011502308550778e-04 9.309763557866600081e+01
1.692220351641037391e-04 9.562000768279598617e+01
1.739726432343801689e-04 9.821055283545635461e+01
1.788566161883461665e-04 1.008710963873708693e+02
1.838776980082327715e-04 1.036035018915142558e+02
1.890397377819221208e-04 1.064096999978812050e+02
1.943466926536020897e-04 1.092916775836780801e+02
1.998026308572550618e-04 1.122514497492961425e+02
2.054117348353064979e-04 1.152910851535468453e+02
2.111783044448243749e-04 1.184127293154412826e+02
2.171067602537265953e-04 1.216185741849951114e+02
2.232016469295233991e-04 1.249108476502096465e+02
2.294676367231936914e-04 1.282918465867889211e+02
2.359095330508635614e-04 1.317639389171320090e+02
2.425322741760353111e-04 1.353295446437857663e+02
2.493409369951879494e-04 1.389911417681565808e+02
2.563407409296515377e-04 1.427512764999833053e+02
2.635370519267394326e-04 1.466125569686553831e+02
2.709353865732051759e-04 1.505776443049963689e+02
2.785414163241767813e-04 1.546492712437857620e+02
2.863609718508116210e-04 1.588302503405865309e+02
2.944000475100034728e-04 1.631234679028081871e+02
3.026648059395691654e-04 1.675318813024054805e+02
3.111615827824361444e-04 1.720584894229299380e+02
3.198968915434537695e-04 1.767063553512556098e+02
3.288774285825511105e-04 1.814786611812861281e+02
3.381100782480684795e-04 1.863786681017955686e+02
3.476019181541978613e-04 1.914096775491919686e+02
3.573602246065787046e-04 1.965750812369804805e+02
3.673924781802075296e-04 2.018783791725908259e+02
3.777063694539367416e-04 2.073231132923087898e+02
3.883098049059605528e-04 2.129128732758086642e+02
3.992109129748052884e-04 2.186514083147363863e+02
4.104180502904709654e-04 2.245425802965473565e+02
4.219398080805026588e-04 2.305902302890632996e+02
4.337850187558990231e-04 2.367982800276157889e+02
4.459627626819093779e-04 2.431708268694713979e+02
4.584823751389095932e-04 2.497120436155249763e+02
4.713534534786909978e-04 2.564261403284435232e+02
4.845858644816496185e-04 2.633174366231008321e+02
4.981897519205162042e-04 2.703903649277988279e+02
5.121755443364240474e-04 2.776494125350153581e+02
5.265539630332758715e-04 2.850991436033451123e+02
5.413360302965379654e-04 2.927442493563289077e+02
5.565330778427647921e-04 3.005895163575810329e+02
5.721567555063251324e-04 3.086397885156155780e+02
5.882190401699957617e-04 3.169000044942483783e+02
6.047322449462647380e-04 3.253752082182125491e+02
6.217090286163829381e-04 3.340705264102116985e+02
6.391624053344003523e-04 3.429911655806649264e+02
6.571057546036271476e-04 3.521424104208932135e+02
6.755528315331644270e-04 3.615296339236884933e+02
6.945177773823697038e-04 3.711583180103240807e+02
7.140151304013400355e-04 3.810340291212892794e+02
7.340598369757211656e-04 3.911623776700322423e+02
7.546672630843890076e-04 4.015490576548819490e+02
7.758532060787837713e-04 4.121998557149209432e+02
7.976339067929278130e-04 4.231206468096016806e+02
8.200260619934130737e-04 4.343173871530839278e+02
8.430468371788971344e-04 4.457960572539742543e+02
8.667138797389231696e-04 4.575626871268865443e+02
8.910453324821514341e-04 4.696234146752270817e+02
9.160598475443706154e-04 4.819844523344098661e+02
9.417766006869523988e-04 4.946520442271248044e+02
9.682153059967085751e-04 5.076324900341215880e+02
9.953962309984236857e-04 5.209321440542328219e+02
1.023340212191642049e-03 5.345574090282896123e+02
1.052068671023622922e-03 5.485147272033888157e+02
1.081603630310709867e-03 5.628105343113362551e+02
1.111967731120699519e-03 5.774512861693356172e+02
1.143184250129150028e-03 5.924435387500285515e+02
1.175277117462945366e-03 6.077938848910024490e+02
1.208270935044776636e-03 6.235088751884894691e+02
1.242190995452617476e-03 6.395950199268271490e+02
1.277063301308643990e-03 6.560587672532859642e+02
1.312914585212465604e-03 6.729068511904531533e+02
1.349772330233942573e-03 6.901461981093799523e+02
1.387664790981308705e-03 7.077823261285727767e+02
1.426621015260737648e-03 7.258207898390495529e+02
1.466670866343968349e-03 7.442729227478811254e+02
1.507845045861051347e-03 7.631486764889068581e+02
1.550175117335769997e-03 7.824461432616496950e+02
1.593693530381775150e-03 8.021663703076947058e+02
1.638433645577984637e-03 8.223207593425280493e+02
1.684429760042315850e-03 8.429179051957945603e+02
1.731717133723354026e-03 8.639620834491880714e+02
1.780332016430114135e-03 8.854589577597199650e+02
1.830311675620612021e-03 9.074147763168771235e+02
1.881694424970556086e-03 9.298330709224572956e+02
1.934519653744045872e-03 9.527174895482900183e+02
1.988827856988810081e-03 9.760758207767814838e+02
2.044660666579116784e-03 9.999145972674834866e+02
2.102060883130158625e-03 1.024236298556826796e+03
2.161072508808377368e-03 1.049043873187145664e+03
2.221740781062885202e-03 1.074341336906538572e+03
2.284112207303824749e-03 1.100132669109067365e+03
2.348234600554276272e-03 1.126421392813160992e+03
2.414157116103019234e-03 1.153208956797004930e+03
2.481930289186255051e-03 1.180496270179964768e+03
2.551606073727184613e-03 1.208285627096865255e+03
2.623237882163122550e-03 1.236578560546455492e+03
2.696880626390694112e-03 1.265374754598861045e+03
2.772590759860483686e-03 1.294674008060378128e+03
2.850426320853435488e-03 1.324476396920315892e+03
2.930446976972143555e-03 1.354780302586780181e+03
3.012714070881164757e-03 1.385582872841331891e+03
3.097290667331408388e-03 1.416881701812552819e+03
3.184241601504654226e-03 1.448673783974968956e+03
3.273633528715246682e-03 1.480954097018169705e+03
3.365534975507094694e-03 1.513716972054907956e+03
3.460016392185110562e-03 1.546956713481992438e+03
3.557150206821386215e-03 1.580666468008790616e+03
3.657010880777490907e-03 1.614838025562738267e+03
3.759674965785466966e-03 1.649462285212320012e+03
3.865221162631264206e-03 1.684529214232581580e+03
3.973730381485608698e-03 1.720027614573784604e+03
4.085285803928562741e-03 1.755945110981653215e+03
4.199972946715305709e-03 1.792267927380484025e+03
4.317879727332022029e-03 1.828981046476672191e+03
4.439096531392168997e-03 1.866068162587918778e+03
4.563716281924761094e-03 1.903511582958403324e+03
4.691834510607797992e-03 1.941292165496615553e+03
4.823549431001468782e-03 1.979389380735449777e+03
4.958962013837215146e-03 2.017781253782101885e+03
5.098176064420424994e-03 2.056443949585001519e+03
5.241298302206058926e-03 2.095352059644830206e+03
5.388438442608223244e-03 2.134478765872949225e+03
5.539709281106404079e-03 2.173795534220678746e+03
5.695226779712823234e-03 2.213271764687325231e+03
5.855110155867242032e-03 2.252874898448580097e+03
6.019481973827276768e-03 2.292570364527828133e+03
6.188468238624385796e-03 2.332321681102268940e+03
6.362198492657489789e-03 2.372090411824339753e+03
6.540805914998253610e-03 2.411835483011781889e+03
6.724427423484249239e-03 2.451513854034008546e+03
6.913203779678128193e-03 2.491081096842674015e+03
7.107279696773417810e-03 2.530489991506598471e+03
7.306803950529504668e-03 2.569689258965326189e+03
7.511929493320966197e-03 2.608628427750939863e+03
7.722813571388646714e-03 2.647257540822809915e+03
7.939617845382279313e-03 2.685509153475359653e+03
8.162508514287231468e-03 2.723312391613302225e+03
8.391656442830155299e-03 2.760660118631165005e+03
8.627237292461452031e-03 2.797539838715903898e+03
8.869431656014713575e-03 2.833820668741004283e+03
9.118425196146570655e-03 2.869384523986461318e+03
9.374408787662998066e-03 2.904198167117610410e+03
9.637578663841087079e-03 2.938194479614744068e+03
9.908136566858672528e-03 2.971259823236971442e+03
1.018628990244687879e-02 3.003383185017073629e+03
1.047225189888434729e-02 3.034565061509480529e+03
1.076624177045493527e-02 3.064362488666728495e+03
1.106848488549412070e-02 3.092384576971896422e+03
1.137921293915315074e-02 3.119137224395689827e+03
1.169866413101306943e-02 3.144963021960764308e+03
1.202708334768511945e-02 3.169418870699736999e+03
1.236472235053715993e-02 3.192149034628497702e+03
1.271183996869028332e-02 3.213051443619185648e+03
1.306870229743346996e-02 3.232336868397424496e+03
1.343558290220825575e-02 3.250305424754059004e+03
1.381276302832009847e-02 3.266372307559863202e+03
1.420053181653682141e-02 3.279844080835135628e+03
1.459918652473978819e-02 3.291031556712997372e+03
1.500903275579736421e-02 3.300101481406883977e+03
1.543038469183564444e-02 3.306434987613057729e+03
1.586356533508591002e-02 3.309942445271590259e+03
1.630890675549331870e-02 3.311253193459617250e+03
1.676675034527700184e-02 3.310275168173438033e+03
1.723744708063620554e-02 3.306463657577537560e+03
1.772135779080359283e-02 3.299991504144428291e+03
1.821885343465167589e-02 3.291124567516390471e+03
1.873031538506437013e-02 3.279319150117550180e+03
1.925613572129198509e-02 3.264169577904618563e+03
1.979671752951332395e-02 3.245945856699349406e+03
2.035247521183577296e-02 3.224796310609781813e+03
2.092383480396978190e-02 3.200620549099007349e+03
2.151123430182166549e-02 3.173389886902817580e+03
2.211512399725490061e-02 3.143140264315698914e+03
2.273596682327716154e-02 3.109903916464275426e+03
2.337423870891815886e-02 3.073721986130853111e+03
2.403042894406967958e-02 3.034662143537986140e+03
2.470504055456825693e-02 2.992811417301006259e+03
2.539859068780726467e-02 2.948276078182669607e+03
2.611161100917459149e-02 2.901184717379945141e+03
2.684464810961964890e-02 2.851687000706147501e+03
2.759826392466179640e-02 2.799955584296886173e+03
2.837303616516213128e-02 2.746185898203871147e+03
2.916955876018797328e-02 2.690593586332833183e+03
2.998844231231028931e-02 2.633414212600080646e+03
3.083031456568277942e-02 2.574905074601845172e+03
3.169582088726115993e-02 2.515339442389417854e+03
3.258562476153226140e-02 2.455005819039098697e+03
3.350040829913133317e-02 2.394206541273266794e+03
3.444087275973822804e-02 2.333252685297911739e+03
3.540773908965272332e-02 2.272461340267070682e+03
3.640174847446139839e-02 2.212150557102747371e+03
3.742366290721982347e-02 2.152636103408408871e+03
3.847426577258503816e-02 2.094225618290976854e+03
3.955436244734702317e-02 2.037213176916293833e+03
4.066478091781854792e-02 1.981874306262703612e+03
4.180637241455758407e-02 1.928459367649402566e+03
4.298001206490798670e-02 1.877189140928436700e+03
4.418659956385941057e-02 1.828247708875408307e+03
4.542705986374045990e-02 1.781775912472916843e+03
4.670234388327333674e-02 1.737868034150955054e+03
4.801342923653453137e-02 1.696564001328773884e+03
4.936132098237919208e-02 1.657844258978070002e+03
5.074705239490467923e-02 1.621627888987797178e+03
5.217168575554350513e-02 1.587765868081767621e+03
5.363631316739241039e-02 1.556040649194377693e+03
5.514205739240302800e-02 1.526163728786090815e+03
5.669007271207433807e-02 1.497788970702947836e+03
5.828154581230844677e-02 1.470452149127856501e+03
5.991769669310622465e-02 1.444111598842015610e+03
6.159977960380166873e-02 1.417440222339100046e+03
6.332908400455118658e-02 1.390321348274550701e+03
6.510693555481457395e-02 1.362171808227939437e+03
6.693469712958663442e-02 1.332463099900847283e+03
6.881376986415664587e-02 1.300723516562143459e+03
7.074559422819878818e-02 1.266567676892570717e+03
7.273165113001461846e-02 1.229735575970597438e+03
7.477346305177587360e-02 1.190106290605534241e+03
7.687259521663733497e-02 1.147641994204075900e+03
7.903065678861345700e-02 1.102738909868544397e+03
8.124930210614052239e-02 1.055865568767944978e+03
8.353023195026774983e-02 1.007675482081584391e+03
8.587519484845174134e-02 9.589706154175387383e+02
8.828598841495152727e-02 9.106584463434447798e+02
9.076446072885357985e-02 8.636888045632297235e+02
9.331251175078249249e-02 8.189843276235952771e+02
9.593209477938241525e-02 7.773777164315115442e+02
9.862521794868782388e-02 7.395411671717188256e+02
1.013939457675292477e-01 7.059302058607598838e+02
1.042404007021556500e-01 6.767445229299736411e+02
1.071667648032863795e-01 6.518974868518617996e+02
1.101752813788386687e-01 6.310037330206915840e+02
1.132682567136154145e-01 6.133850491157547822e+02
1.164480618372685794e-01 5.981098255632806513e+02
1.197171343418966943e-01 5.840552043016365360e+02
1.230779802506665743e-01 5.700052938834552378e+02
1.265331759388942934e-01 5.547897853222955291e+02
1.300853701090571579e-01 5.374423919311702775e+02
1.337372858212496074e-01 5.173676942078724323e+02
1.374917225806419896e-01 4.944589274721078596e+02
1.413515584835395023e-01 4.691393856456517710e+02
1.453197524236895799e-01 4.423197549413195020e+02
1.493993463605258198e-01 4.152510063478761708e+02
1.535934676510897212e-01 3.893066862102419350e+02
1.579053314474175851e-01 3.657191320623953743e+02
1.623382431612278298e-01 3.453622894340416565e+02
1.668956009978024568e-01 3.286230419914720642e+02
1.715808985610006165e-01 3.153163562588257491e+02
1.763977275314044801e-01 3.046992824593291971e+02
1.813497804196496366e-01 2.956233658695256281e+02
1.864408533970486059e-01 2.867597353997134064e+02
1.916748492056815356e-01 2.768838447356412757e+02
1.970557801501798822e-01 2.652178861812030277e+02
2.025877711735017406e-01 2.516637286647597023e+02
2.082750630190516594e-01 2.368088319609806263e+02
2.141220154815729193e-01 2.217448267068481869e+02
2.201331107493031680e-01 2.076836002063224953e+02
2.263129568399529223e-01 1.955440449102800926e+02
2.326662911331459360e-01 1.856881548884582855e+02
2.391979840020238557e-01 1.778102498703548235e+02
2.459130425468044889e-01 1.710817542202243828e+02
2.528166144331501219e-01 1.644725488100224027e+02
2.599139918382933900e-01 1.571615140174111787e+02
2.672106155079435608e-01 1.488870442359213655e+02
2.747120789270811603e-01 1.400193896587747702e+02
2.824241326078435477e-01 1.313345213535112919e+02
2.903526884977813416e-01 1.235683641198409646e+02
2.985038245118734057e-01 1.170533385994258424e+02
3.068837891917643446e-01 1.115734569339793723e+02
3.154990064958086982e-01 1.065470158336560900e+02
3.243560807235809640e-01 1.013893255055409526e+02
3.334618015786366407e-01 9.587121615050909895e+01
3.428231493733970847e-01 9.021313902454404854e+01
3.524473003801584237e-01 8.486215885941402348e+01
3.623416323323152555e-01 8.013493192384120789e+01
3.725137300800212548e-01 7.599875693446394109e+01
3.829713914046279921e-01 7.215190005207091417e+01
3.937226329963477989e-01 6.830333520207354070e+01
4.047756965997323930e-01 6.440522742967883119e+01
4.161390553316708374e-01 6.063882837113410318e+01
4.278214201767614466e-01 5.719246940968871940e+01
4.398317466650228380e-01 5.407361701213385885e+01
4.521792417370701922e-01 5.113612857450889493e+01
4.648733708020256206e-01 4.825896369037742772e+01
4.779238649935594330e-01 4.546123273555834032e+01
4.913407286296365140e-01 4.283466934741945664e+01
5.051342468816764075e-01 4.040926058377809227e+01
5.193149936590210070e-01 3.812718354251456532e+01
5.338938397147356962e-01 3.593311512090497928e+01
5.488819609789672427e-01 3.383680154005171659e+01
5.642908471262538805e-01 3.187035520722145066e+01
5.801323103833373462e-01 3.002803263647919607e+01
5.964184945842465613e-01 2.827995704888364870e+01
6.131618844795774237e-01 2.661745248680803400e+01
6.303753153071274262e-01 2.505048398322562520e+01
6.480719826311974741e-01 2.357689725225206345e+01
6.662654524581153037e-01 2.218393309409967884e+01
6.849696716357442927e-01 2.086536855441288196e+01
7.041989785449285222e-01 1.962357919107990156e+01
7.239681140910878554e-01 1.845296829421132756e+01
7.442922330043759693e-01 1.734784810244718045e+01
7.651869154570819509e-01 1.630594849260902635e+01
7.866681790071589075e-01 1.532395904673505882e+01
8.087524908770455934e-01 1.439822050446076851e+01
8.314567805772061782e-01 1.352586268732445873e+01
8.547984528840417706e-01 1.270417303477534965e+01
8.787954011821322853e-01 1.193016244821678740e+01
9.034660211810530139e-01 1.120137913659472773e+01
9.288292250172494047e-01 1.051537248664885382e+01
9.549044557518088228e-01 9.869723963146107337e+00
9.817117022752195332e-01 9.262176830735088018e+00
1.009271514630570854e+00 8.690597203977301177e+00
1.037605019766912440e+00 8.152920893135222613e+00
1.066733937734857918e+00 7.647226907987779043e+00
1.096680598336868151e+00 7.171733795576743731e+00
1.127467958244945612e+00 6.724750317003991285e+00
1.159119618598886126e+00 6.304659288635074965e+00
1.191659843098559213e+00 5.909925311918089008e+00
1.225113576604118126e+00 5.539086665453237579e+00
1.259506464258359104e+00 5.190731584535607901e+00
1.294864871145904983e+00 4.863540032128236490e+00
1.331215902504307769e+00 4.556292441484115052e+00
1.368587424502517580e+00 4.267837146738793663e+00
1.407008085602686087e+00 3.997093169276457303e+00
1.446507338521646480e+00 3.743012935694397747e+00
1.487115462808953126e+00 3.504561103595225990e+00
1.528863588058731571e+00 3.281300048874681519e+00
1.571783717773163280e+00 3.072262030101147179e+00
1.615908753895917815e+00 2.876540956636454816e+00
1.661272522034291654e+00 2.693288461119494492e+00
1.707909797389428608e+00 2.521710222155605141e+00
1.755856331414468618e+00 2.361062521272183190e+00
1.805148879221108116e+00 2.210649019216360145e+00
1.855825227755520057e+00 2.069817737621395093e+00
1.907924224765265908e+00 1.937958232958577387e+00
1.961485808579430667e+00 1.814498950524941812e+00
2.016551038724745393e+00 1.698904746997449200e+00
2.073162127401231736e+00 1.590674570814965438e+00
2.131362471841438122e+00 1.489339290333487886e+00
2.191196687578147895e+00 1.394459660340593876e+00
2.252710642645982198e+00 1.305624418114823992e+00
2.315951492743154372e+00 1.222448500777221447e+00
2.380967717380357840e+00 1.144571376208017854e+00
2.447809157044444017e+00 1.071655480293691065e+00
2.516527051405392790e+00 1.003384753730535150e+00
2.587174078595922744e+00 9.394632720424055394e-01
2.659804395593756698e+00 8.796139628743530059e-01
2.734473679737583041e+00 8.235774050021612558e-01
2.811239171408464355e+00 7.711107038520051971e-01
2.890159717909508874e+00 7.219864386560900238e-01
2.971295818577336600e+00 6.759916766806385313e-01
3.054709671159970164e+00 6.329270502533230758e-01
3.140465219496751281e+00 5.926058925894556184e-01
3.228628202536729219e+00 5.548534286711056529e-01
3.319266204733191561e+00 5.195060176719537015e-01
3.412448707852890450e+00 4.864104436441176738e-01
3.508247144239789783e+00 4.554232513923780479e-01
3.606734951574031900e+00 4.264101246571034287e-01
3.707987629168172372e+00 3.992453039105625101e-01
3.812082795843888317e+00 3.738110412430191154e-01
3.919100249433401739e+00 3.499970899757734455e-01
4.029122027951350660e+00 3.277002267888395881e-01
4.142232472483896366e+00 3.068238042918876030e-01
4.258518291843413017e+00 2.872773320990350543e-01
4.378068629038172510e+00 2.689760845916260301e-01
4.500975129608047354e+00 2.518407336688175402e-01
4.627332011878690032e+00 2.357970048941030738e-01
4.757236139187885904e+00 2.207753555473142004e-01
4.890787094139594338e+00 2.067106731865954727e-01
5.028087254942479767e+00 1.935419934137449227e-01
5.169241873891597727e+00 1.812122356195546291e-01
5.314359158053243881e+00 1.696679555637195524e-01
5.463550352214879169e+00 1.588591137168547940e-01
5.616929824163807261e+00 1.487388583604818404e-01
5.774615152359817039e+00 1.392633225048152956e-01
5.936727216069127344e+00 1.303914337440754412e-01
6.103390288028621491e+00 1.220847362251302332e-01
6.274732129711575013e+00 1.143072239577766352e-01
6.450884089267698407e+00 1.070251847441329729e-01
6.631981202212673843e+00 1.002070540506422719e-01
6.818162294944477786e+00 9.382327818928436203e-02
7.009570091165615580e+00 8.784618621494562352e-02
7.206351321293055889e+00 8.224986998367599111e-02
7.408656834939563396e+00 7.701007185193706195e-02
7.616641716552886798e+00 7.210407953006535420e-02
7.830465404301192756e+00 6.751062763418544388e-02
8.050291812295983007e+00 6.320980550984248159e-02
8.276289456246344045e+00 5.918297092780862995e-02
8.508631582640587609e+00 5.541266927797212916e-02
8.747496301554422260e+00 5.188255791104824655e-02
8.993066723187620681e+00 4.857733530016629386e-02
9.245531098233566780e+00 4.548267471527801115e-02
9.505082962189515428e+00 4.258516212289456537e-02
9.771921283717999174e+00 3.987223804197348453e-02
1.004625061717340628e+01 3.733214310392619917e-02
1.032828125941029640e+01 3.495386708077155569e-02
1.061822941099384643e+01 3.272710116049439011e-02
1.091631734193614811e+01 3.064219326274302338e-02
1.122277356208507015e+01 2.869010620117842456e-02
1.153783299629661485e+01 2.686237851112660904e-02
1.186173716452478821e+01 2.515108777273881296e-02
1.219473436696737778e+01 2.354881627068106803e-02
1.253707987440921379e+01 2.204861884150255066e-02
1.288903612390893194e+01 2.064399276931473681e-02
1.325087291997952832e+01 1.932884959929203131e-02
1.362286764141645712e+01 1.809748874681732164e-02
1.400530545393221082e+01 1.694457278787951313e-02
1.439847952876007753e+01 1.586510432361730449e-02
1.480269126739508501e+01 1.485440431872693881e-02
1.521825053264387861e+01 1.390809181984021918e-02
1.564547588616096618e+01 1.302206496596050242e-02
1.608469483265355748e+01 1.219248320864507913e-02
1.653624407094179460e+01 1.141575066486603084e-02
1.700046975206718614e+01 1.068850053039123969e-02
1.747772774464680978e+01 1.000758048612430083e-02
1.796838390767719673e+01 9.370039034145977858e-03
1.847281437099635681e+01 8.773112704229793848e-03
1.899140582361934904e+01 8.214214075377472557e-03
1.952455581016860364e+01 7.690920560452658636e-03
2.007267303562567662e+01 7.200963905299157149e-03
2.063617767863859598e+01 6.742220356826746260e-03
2.121550171362450854e+01 6.312701457447519524e-03
2.181108924191518383e+01 5.910545425960492261e-03
2.242339683219847757e+01 5.534009087524304968e-03
2.305289387051708516e+01 5.181460317737906877e-03
2.370006292009328064e+01 4.851370968077525075e-03
2.436540009125468131e+01 4.542310242024704021e-03
2.504941542174504221e+01 4.252938493173753082e-03
2.575263326771200667e+01 3.982001418436064213e-03
2.647559270567065681e+01 3.728324621171288326e-03
2.721884794575180422e+01 3.490808520678889519e-03
2.798296875655116978e+01 3.268423585984867735e-03
2.876854090190592217e+01 3.060205873264179588e-03
2.957616658993256564e+01 2.865252847555463736e-03
3.040646493467068723e+01 2.682719470656989586e-03
3.126007243068703190e+01 2.511814538246543056e-03
3.213764344100275139e+01 2.351797250348203194e-03
3.303985069871860247e+01 2.201974000280464659e-03
3.396738582272208617e+01 2.061695368167159627e-03
3.492095984787270169e+01 1.930353305979327265e-03
3.590130377007073292e+01 1.807378501906396762e-03
3.690916910662779316e+01 1.692237912632349331e-03
3.794532847236938977e+01 1.584432452820332647e-03
3.901057617190990356e+01 1.483494831790631296e-03
4.010572880855499989e+01 1.388987528014909087e-03
4.123162591029752377e+01 1.300500892647027699e-03
4.238913057338778145e+01 1.217651373870047918e-03
4.357913012397032304e+01 1.140079854362723586e-03
4.480253679829492341e+01 1.067450094679108039e-03
4.606028844202401018e+01 9.994472757939936412e-04
4.735334922917113687e+01 9.357766344967333996e-04
4.868271040122284887e+01 8.761621857184669635e-04
5.004939102700954123e+01 8.203455262545787533e-04
5.145443878390924652e+01 7.680847146970378120e-04
5.289893076098154978e+01 7.191532227216032493e-04
5.438397428464800498e+01 6.733389531841736230e-04
5.591070776755292115e+01 6.304433207701441244e-04
5.748030158125349942e+01 5.902803912117835557e-04
5.909395895340973937e+01 5.526760753425003512e-04
6.075291689016074059e+01 5.174673744945697653e-04
6.245844712439613744e+01 4.845016739694427295e-04
6.421185709064765490e+01 4.536360815181315919e-04
6.601449092734890201e+01 4.247368079642667199e-04
6.786773050723294887e+01 3.976785872850896420e-04
6.977299649665530978e+01 3.723441336366820542e-04
7.173174944465618807e+01 3.486236329698645642e-04
7.374549090259552031e+01 3.264142670331393300e-04
7.581576457522108115e+01 3.056197676994306398e-04
7.794415750404954224e+01 2.861499996848211711e-04
8.013230128396889995e+01 2.679205698505466291e-04
8.238187331399603863e+01 2.508524613947406951e-04
8.469459808314594795e+01 2.348716913483059907e-04
8.707224849239922548e+01 2.199089898903040807e-04
8.951664721378301692e+01 2.058995000928308091e-04
9.202966808760409378e+01 1.927824967939013845e-04
9.461323755890775544e+01 1.805011233797776523e-04
9.726933615426175095e+01 1.690021453358020876e-04
9.999999999999995737e+01 1.582357194974857387e-04
