1.000000000000000048e-04 7.749761974583593371e+01
1.028073223830865281e-04 7.959887304085302162e+01
1.056934553557988362e-04 8.175703839687587049e+01
1.086606113854597351e-04 8.397365099624877871e+01
1.117110650504824041e-04 8.625029705471344244e+01
1.148471547840289439e-04 8.858859737170442372e+01
1.180712846666190141e-04 9.099021336585404640e+01
1.213859262690628250e-04 9.345685818653950605e+01
1.247936205471311189e-04 9.599028716167526909e+01
1.282969797894147957e-04 9.859228721310856258e+01
1.318986896198670199e-04 1.012647024367292943e+02
1.356015110565633925e-04 1.040094442921962781e+02
1.394082826282578376e-04 1.068284674102952891e+02
1.433219225503574155e-04 1.097237690127380318e+02
1.473454309619835539e-04 1.126973912832301892e+02
1.514818922258346051e-04 1.157514306190744833e+02
1.557344772926134557e-04 1.188880598729166422e+02
1.601064461318317826e-04 1.221095075439581592e+02
1.646011502308550778e-04 1.254180383367323230e+02
1.692220351641037391e-04 1.288159840953341302e+02
1.739726432343801689e-04 1.323057552398654764e+02
1.788566161883461665e-04 1.358898166965051360e+02
1.838776980082327715e-04 1.395706884121482290e+02
1.890397377819221208e-04 1.433509562644036350e+02
1.943466926536020897e-04 1.472332759689918760e+02
1.998026308572550618e-04 1.512203823958643909e+02
2.054117348353064979e-04 1.553150779444363252e+02
2.111783044448243749e-04 1.595202187460659786e+02
2.171067602537265953e-04 1.638387476424692863e+02
2.232016469295233991e-04 1.682737076818598894e+02
2.294676367231936914e-04 1.728281931153797757e+02
2.359095330508635614e-04 1.775053525822998211e+02
2.425322741760353111e-04 1.823084433376245670e+02
2.493409369951879494e-04 1.872408203355268768e+02
2.563407409296515377e-04 1.923059128244176463e+02
2.635370519267394326e-04 1.975072241954776757e+02
2.709353865732051759e-04 2.028483198588484981e+02
2.785414163241767813e-04 2.083328854194618884e+02
2.863609718508116210e-04 2.139647531898209820e+02
2.944000475100034728e-04 2.197477897573623125e+02
3.026648059395691654e-04 2.256858994715783808e+02
3.111615827824361444e-04 2.317831457062608820e+02
3.198968915434537695e-04 2.380437233828359069e+02
3.288774285825511105e-04 2.444718967436971298e+02
3.381100782480684795e-04 2.510720152450402054e+02
3.476019181541978613e-04 2.578485104339812892e+02
3.573602246065787046e-04 2.648059488960536783e+02
3.673924781802075296e-04 2.719490576002689863e+02
3.777063694539367416e-04 2.792826146163492353e+02
3.883098049059605528e-04 2.868114514547436897e+02
3.992109129748052884e-04 2.945405756293199033e+02
4.104180502904709654e-04 3.024751410318052081e+02
4.219398080805026588e-04 3.106203710039440580e+02
4.337850187558990231e-04 3.189815945738442338e+02
4.459627626819093779e-04 3.275642675317819794e+02
4.584823751389095932e-04 3.363739630700754901e+02
4.713534534786909978e-04 3.454163672574392194e+02
4.845858644816496185e-04 3.546972927582668831e+02
4.981897519205162042e-04 3.642226791309189480e+02
5.121755443364240474e-04 3.739985675363284940e+02
5.265539630332758715e-04 3.840311170929567766e+02
5.413360302965379654e-04 3.943266403457339493e+02
5.565330778427647921e-04 4.048915598267762448e+02
5.721567555063251324e-04 4.157323396820402195e+02
5.882190401699957617e-04 4.268556092816492082e+02
6.047322449462647380e-04 4.382682160277641401e+02
6.217090286163829381e-04 4.499770521845080111e+02
6.391624053344003523e-04 4.619890492957957235e+02
6.571057546036271476e-04 4.743113487306995921e+02
6.755528315331644270e-04 4.869512479289975886e+02
6.945177773823697038e-04 4.999160230164571885e+02
7.140151304013400355e-04 5.132130697714352436e+02
7.340598369757211656e-04 5.268500504268272380e+02
7.546672630843890076e-04 5.408346839764719789e+02
7.758532060787837713e-04 5.551746436408889167e+02
7.976339067929278130e-04 5.698778061833269248e+02
8.200260619934130737e-04 5.849522593453928039e+02
8.430468371788971344e-04 6.004060407103024772e+02
8.667138797389231696e-04 6.162472123656563099e+02
8.910453324821514341e-04 6.324840576814284532e+02
9.160598475443706154e-04 6.491249765238284226e+02
9.417766006869523988e-04 6.661783723699419397e+02
9.682153059967085751e-04 6.836527008498694613e+02
9.953962309984236857e-04 7.015564668570945059e+02
1.023340212191642049e-03 7.198983124923811374e+02
1.052068671023622922e-03 7.386870082095133512e+02
1.081603630310709867e-03 7.579312437098645887e+02
1.111967731120699519e-03 7.776396856589611843e+02
1.143184250129150028e-03 7.978211260362708117e+02
1.175277117462945366e-03 8.184844369791445615e+02
1.208270935044776636e-03 8.396385423622620010e+02
1.242190995452617476e-03 8.612922579525956053e+02
1.277063301308643990e-03 8.834541744666532850e+02
1.312914585212465604e-03 9.061333279791417681e+02
1.349772330233942573e-03 9.293390967490614685e+02
1.387664790981308705e-03 9.530789538761440554e+02
1.426621015260737648e-03 9.773604385266900181e+02
1.466670866343968349e-03 1.002199010900194480e+03
1.507845045861051347e-03 1.027608151759496877e+03
1.550175117335769997e-03 1.053584806817841582e+03
1.593693530381775150e-03 1.080130132859655077e+03
1.638433645577984637e-03 1.107259888669854490e+03
1.684429760042315850e-03 1.134985734915994271e+03
1.731717133723354026e-03 1.163313105893071679e+03
1.780332016430114135e-03 1.192249656398597608e+03
1.830311675620612021e-03 1.221804001495009061e+03
1.881694424970556086e-03 1.251980639969739741e+03
1.934519653744045872e-03 1.282784187354634241e+03
1.988827856988810081e-03 1.314225309746272387e+03
2.044660666579116784e-03 1.346312952308298691e+03
2.102060883130158625e-03 1.379050349608019360e+03
2.161072508808377368e-03 1.412441392116101269e+03
2.221740781062885202e-03 1.446491464926112712e+03
2.284112207303824749e-03 1.481205878206144916e+03
2.348234600554276272e-03 1.516589313366429906e+03
2.414157116103019234e-03 1.552643695548317055e+03
2.481930289186255051e-03 1.589370214030911484e+03
2.551606073727184613e-03 1.626771845734376029e+03
2.623237882163122550e-03 1.664850659076561897e+03
2.696880626390694112e-03 1.703606481644852465e+03
2.772590759860483686e-03 1.743038977222113544e+03
2.850426320853435488e-03 1.783147829149189192e+03
2.930446976972143555e-03 1.823931049993542274e+03
3.012714070881164757e-03 1.865385294717755187e+03
3.097290667331408388e-03 1.907506967990701924e+03
3.184241601504654226e-03 1.950291537560514143e+03
3.273633528715246682e-03 1.993732508088883606e+03
3.365534975507094694e-03 2.037822530863195880e+03
3.460016392185110562e-03 2.082553919101181691e+03
3.557150206821386215e-03 2.127917377430391753e+03
3.657010880777490907e-03 2.173901770831833346e+03
3.759674965785466966e-03 2.220494836060887337e+03
3.865221162631264206e-03 2.267683100792184632e+03
3.973730381485608698e-03 2.315451489028285778e+03
4.085285803928562741e-03 2.363783277128858572e+03
4.199972946715305709e-03 2.412659688130376253e+03
4.317879727332022029e-03 2.462060428115654304e+03
4.439096531392168997e-03 2.511963849214297170e+03
4.563716281924761094e-03 2.562346180574892060e+03
4.691834510607797992e-03 2.613181355738728143e+03
4.823549431001468782e-03 2.664441650287054927e+03
4.958962013837215146e-03 2.716097565781577487e+03
5.098176064420424994e-03 2.768117157911078266e+03
5.241298302206058926e-03 2.820466345598795670e+03
5.388438442608223244e-03 2.873108990270092818e+03
5.539709281106404079e-03 2.926006617018315865e+03
5.695226779712823234e-03 2.979117991075032933e+03
5.855110155867242032e-03 3.032399277425173750e+03
6.019481973827276768e-03 3.085803967589950389e+03
6.188468238624385796e-03 3.139282901142916216e+03
6.362198492657489789e-03 3.192784275554163742e+03
6.540805914998253610e-03 3.246253051172626328e+03
6.724427423484249239e-03 3.299631504225471417e+03
6.913203779678128193e-03 3.352859428451111853e+03
7.107279696773417810e-03 3.405873091836438107e+03
7.306803950529504668e-03 3.458604061660024399e+03
7.511929493320966197e-03 3.510984620706132773e+03
7.722813571388646714e-03 3.562947198206282337e+03
7.939617845382279313e-03 3.614401002190953022e+03
8.162508514287231468e-03 3.665250845071691401e+03
8.391656442830155299e-03 3.715487101916793563e+03
8.627237292461452031e-03 3.765092893045558867e+03
8.869431656014713575e-03 3.813892202705988893e+03
9.118425196146570655e-03 3.861726073703970997e+03
9.374408787662998066e-03 3.908549314648675590e+03
9.637578663841087079e-03 3.954271800189511850e+03
9.908136566858672528e-03 3.998741592167152703e+03
1.018628990244687879e-02 4.041943685557395384e+03
1.047225189888434729e-02 4.083877820330598297e+03
1.076624177045493527e-02 4.123948004143217076e+03
1.106848488549412070e-02 4.161628770211099436e+03
1.137921293915315074e-02 4.197601404137385543e+03
1.169866413101306943e-02 4.232327086142646294e+03
1.202708334768511945e-02 4.265209057990215115e+03
1.236472235053715993e-02 4.295768565533747278e+03
1.271183996869028332e-02 4.323868790239550435e+03
1.306870229743346996e-02 4.349793215065791628e+03
1.343558290220825575e-02 4.373945161142688448e+03
1.381276302832009847e-02 4.395538121365153529e+03
1.420053181653682141e-02 4.413639633227375271e+03
1.459918652473978819e-02 4.428667796639761946e+03
1.500903275579736421e-02 4.440846615334378839e+03
1.543038469183564444e-02 4.449342901360561882e+03
1.586356533508591002e-02 4.454036328324792521e+03
1.630890675549331870e-02 4.455774783753773590e+03
1.676675034527700184e-02 4.454434105607513629e+03
1.723744708063620554e-02 4.449280322302531204e+03
1.772135779080359283e-02 4.440546770207864029e+03
1.821885343465167589e-02 4.428592193603863961e+03
1.873031538506437013e-02 4.412684148858292247e+03
1.925613572129198509e-02 4.392276229688726744e+03
1.979671752951332395e-02 4.367732733155023197e+03
2.035247521183577296e-02 4.339253514585107951e+03
2.092383480396978190e-02 4.306702726365727358e+03
2.151123430182166549e-02 4.270041707480993864e+03
2.211512399725490061e-02 4.229319291972622523e+03
2.273596682327716154e-02 4.184579230401748646e+03
2.337423870891815886e-02 4.135877013278821323e+03
2.403042894406967958e-02 4.083303184288979537e+03
2.470504055456825693e-02 4.026974497660473389e+03
2.539859068780726467e-02 3.967034049022618547e+03
2.611161100917459149e-02 3.903655407939786983e+03
2.684464810961964890e-02 3.837040401346171166e+03
2.759826392466179640e-02 3.767421134050254295e+03
2.837303616516213128e-02 3.695059631164943767e+03
2.916955876018797328e-02 3.620246205188717340e+03
2.998844231231028931e-02 3.543299168255085078e+03
3.083031456568277942e-02 3.464562882760963475e+03
3.169582088726115993e-02 3.384405901666684258e+03
3.258562476153226140e-02 3.303217338852421108e+03
3.350040829913133317e-02 3.221402766689632699e+03
3.444087275973822804e-02 3.139380831807987761e+03
3.540773908965272332e-02 3.057578016993394158e+03
3.640174847446139839e-02 2.976422540331603614e+03
3.742366290721982347e-02 2.896339763254365607e+03
3.847426577258503816e-02 2.817742415596394494e+03
3.955436244734702317e-02 2.741026441118501225e+03
4.066478091781854792e-02 2.666563297554064320e+03
4.180637241455758407e-02 2.594689313168946228e+03
4.298001206490798670e-02 2.525701344527759375e+03
4.418659956385941057e-02 2.459847296314767846e+03
4.542705986374045990e-02 2.397316221724948718e+03
4.670234388327333674e-02 2.338235725827041279e+03
4.801342923653453137e-02 2.282658395399058918e+03
4.936132098237919208e-02 2.230558863374963039e+03
5.074705239490467923e-02 2.181827976364595088e+03
5.217168575554350513e-02 2.136264848799082301e+03
5.363631316739241039e-02 2.093576569632003157e+03
5.514205739240302800e-02 2.053376080709064809e+03
5.669007271207433807e-02 2.015195746830403323e+03
5.828154581230844677e-02 1.978413057621249209e+03
5.991769669310622465e-02 1.942970906374359856e+03
6.159977960380166873e-02 1.907083876687744578e+03
6.332908400455118658e-02 1.870594698297316654e+03
6.510693555481457395e-02 1.832718957403682225e+03
6.693469712958663442e-02 1.792745611757602546e+03
6.881376986415664587e-02 1.750040361036292552e+03
7.074559422819878818e-02 1.704084460977015624e+03
7.273165113001461846e-02 1.654527388689570671e+03
7.477346305177587360e-02 1.601207464852492876e+03
7.687259521663733497e-02 1.544073368740474962e+03
7.903065678861345700e-02 1.483657992043900094e+03
8.124930210614052239e-02 1.420591987322062096e+03
8.353023195026774983e-02 1.355754652965072410e+03
8.587519484845174134e-02 1.290224984900573872e+03
8.828598841495152727e-02 1.225223416333962859e+03
9.076446072885357985e-02 1.162028664698688317e+03
9.331251175078249249e-02 1.101881294520282609e+03
9.593209477938241525e-02 1.045902354543075717e+03
9.862521794868782388e-02 9.949952927026641873e+02
1.013939457675292477e-01 9.497738496369380528e+02
1.042404007021556500e-01 9.105064178564964550e+02
1.071667648032863795e-01 8.770763515325048729e+02
1.101752813788386687e-01 8.489650009735605636e+02
1.132682567136154145e-01 8.252599848192251102e+02
1.164480618372685794e-01 8.047081486328406754e+02
1.197171343418966943e-01 7.857985725308021756e+02
1.230779802506665743e-01 7.668952136287641679e+02
1.265331759388942934e-01 7.464236780035288348e+02
1.300853701090571579e-01 7.230839117832280181e+02
1.337372858212496074e-01 6.960749041885542283e+02
1.374917225806419896e-01 6.652528696882772010e+02
1.413515584835395023e-01 6.311874126279258235e+02
1.453197524236895799e-01 5.951035959616879154e+02
1.493993463605258198e-01 5.586847633560604436e+02
1.535934676510897212e-01 5.237787504533565652e+02
1.579053314474175851e-01 4.920435647603567304e+02
1.623382431612278298e-01 4.646551094441450687e+02
1.668956009978024568e-01 4.421337424035905315e+02
1.715808985610006165e-01 4.242307568400856326e+02
1.763977275314044801e-01 4.099462413534447478e+02
1.813497804196496366e-01 3.977353745426267437e+02
1.864408533970486059e-01 3.858100118325569952e+02
1.916748492056815356e-01 3.725228611094137250e+02
1.970557801501798822e-01 3.568272943706366505e+02
2.025877711735017406e-01 3.385912922662829487e+02
2.082750630190516594e-01 3.186052881229821310e+02
2.141220154815729193e-01 2.983379962960470380e+02
2.201331107493031680e-01 2.794197784833176570e+02
2.263129568399529223e-01 2.630870634456180710e+02
2.326662911331459360e-01 2.498267927285011751e+02
2.391979840020238557e-01 2.392278112237590051e+02
2.459130425468044889e-01 2.301751649504850548e+02
2.528166144331501219e-01 2.212830497429482364e+02
2.599139918382933900e-01 2.114466927510463563e+02
2.672106155079435608e-01 2.003140854604382639e+02
2.747120789270811603e-01 1.883834188649996122e+02
2.824241326078435477e-01 1.766987327024004912e+02
2.903526884977813416e-01 1.662500887990943568e+02
2.985038245118734057e-01 1.574846639754338753e+02
3.068837891917643446e-01 1.501119704159506512e+02
3.154990064958086982e-01 1.433493421293039489e+02
3.243560807235809640e-01 1.364101372750074290e+02
3.334618015786366407e-01 1.289860183818082930e+02
3.428231493733970847e-01 1.213735804196575003e+02
3.524473003801584237e-01 1.141743224522401619e+02
3.623416323323152555e-01 1.078142651599938375e+02
3.725137300800212548e-01 1.022494182374233134e+02
3.829713914046279921e-01 9.707380012275658032e+01
3.937226329963477989e-01 9.189590005431378472e+01
4.047756965997323930e-01 8.665135191203467002e+01
4.161390553316708374e-01 8.158400608532261344e+01
4.278214201767614466e-01 7.694724606730852656e+01
4.398317466650228380e-01 7.275110421659340432e+01
4.521792417370701922e-01 6.879897932301962271e+01
4.648733708020256206e-01 6.492801950487975660e+01
4.779238649935594330e-01 6.116392118125671118e+01
4.913407286296365140e-01 5.763012001530118056e+01
5.051342468816764075e-01 5.436695683897918485e+01
5.193149936590210070e-01 5.129662605810445797e+01
5.338938397147356962e-01 4.834470722689636801e+01
5.488819609789672427e-01 4.552431414745131377e+01
5.642908471262538805e-01 4.287863827358776092e+01
5.801323103833373462e-01 4.039996539778843498e+01
5.964184945842465613e-01 3.804808864948070379e+01
6.131618844795774237e-01 3.581133768698364150e+01
6.303753153071274262e-01 3.370312161880777069e+01
6.480719826311974741e-01 3.172055013236902354e+01
6.662654524581153037e-01 2.984643889511828974e+01
6.849696716357442927e-01 2.807243728342934830e+01
7.041989785449285222e-01 2.640172098930843703e+01
7.239681140910878554e-01 2.482676782073682276e+01
7.442922330043759693e-01 2.333993118512026044e+01
7.651869154570819509e-01 2.193815098941364283e+01
7.866681790071589075e-01 2.061697240420214072e+01
8.087524908770455934e-01 1.937147674890218951e+01
8.314567805772061782e-01 1.819780270566919356e+01
8.547984528840417706e-01 1.709229425332852870e+01
8.787954011821322853e-01 1.605092985233851266e+01
9.034660211810530139e-01 1.507042368098504248e+01
9.288292250172494047e-01 1.414746528177831486e+01
9.549044557518088228e-01 1.327880463592382121e+01
9.817117022752195332e-01 1.246140653489185546e+01
1.009271514630570854e+00 1.169239657905339946e+01
1.037605019766912440e+00 1.096900173258213407e+01
1.066733937734857918e+00 1.028863794445003599e+01
1.096680598336868151e+00 9.648905605353521153e+00
1.127467958244945612e+00 9.047529877099481865e+00
1.159119618598886126e+00 8.482336067700860127e+00
1.191659843098559213e+00 7.951258463842375335e+00
1.225113576604118126e+00 7.452329909787166251e+00
1.259506464258359104e+00 6.983649351584969800e+00
1.294864871145904983e+00 6.543442776200673272e+00
1.331215902504307769e+00 6.130069880612082578e+00
1.368587424502517580e+00 5.741980116175350091e+00
1.407008085602686087e+00 5.377718764873893775e+00
1.446507338521646480e+00 5.035877170520298485e+00
1.487115462808953126e+00 4.715062401487109867e+00
1.528863588058731571e+00 4.414685405764263493e+00
1.571783717773163280e+00 4.133444177901250072e+00
1.615908753895917815e+00 3.870119657794267809e+00
1.661272522034291654e+00 3.623570446583505245e+00
1.707909797389428608e+00 3.392727859178604533e+00
1.755856331414468618e+00 3.176591291967138631e+00
1.805148879221108116e+00 2.974223885627086172e+00
1.855825227755520057e+00 2.784748464243474331e+00
1.907924224765265908e+00 2.607343733126990415e+00
1.961485808579430667e+00 2.441240718853740610e+00
2.016551038724745393e+00 2.285719436095257073e+00
2.073162127401231736e+00 2.140105766790886932e+00
2.131362471841438122e+00 2.003768538135114685e+00
2.191196687578147895e+00 1.876116786714146167e+00
2.252710642645982198e+00 1.756597196932968119e+00
2.315951492743154372e+00 1.644691702629545560e+00
2.380967717380357840e+00 1.539915241480199537e+00
2.447809157044444017e+00 1.441813652462468509e+00
2.516527051405392790e+00 1.349961707261856381e+00
2.587174078595922744e+00 1.263961267089461549e+00
2.659804395593756698e+00 1.183439556921080715e+00
2.734473679737583041e+00 1.108047549677355637e+00
2.811239171408464355e+00 1.037458453341075559e+00
2.890159717909508874e+00 9.713662944539360744e-01
2.971295818577336600e+00 9.094845918528248196e-01
3.054709671159970164e+00 8.515451148968447015e-01
3.140465219496751281e+00 7.972967208025253383e-01
3.228628202536729219e+00 7.465042660475670333e-01
3.319266204733191561e+00 6.989475871245192096e-01
3.412448707852890450e+00 6.544205462264011119e-01
3.508247144239789783e+00 6.127301377277155625e-01
3.606734951574031900e+00 5.736956515878398610e-01
3.707987629168172372e+00 5.371478900505026743e-01
3.812082795843888317e+00 5.029284342440750732e-01
3.919100249433401739e+00 4.708889575037070729e-01
4.029122027951350660e+00 4.408905824388477113e-01
4.142232472483896366e+00 4.128032789593203966e-01
4.258518291843413017e+00 3.865053006506488642e-01
4.378068629038172510e+00 3.618826570555649935e-01
4.500975129608047354e+00 3.388286195742650220e-01
4.627332011878690032e+00 3.172432588417035682e-01
4.757236139187885904e+00 2.970330115766532941e-01
4.890787094139594338e+00 2.781102750250088462e-01
5.028087254942479767e+00 2.603930272394186507e-01
5.169241873891597727e+00 2.438044715493211945e-01
5.314359158053243881e+00 2.282727036803139931e-01
5.463550352214879169e+00 2.137304000799632731e-01
5.616929824163807261e+00 2.001145260990774277e-01
5.774615152359817039e+00 1.873660627635373443e-01
5.936727216069127344e+00 1.754297509523555787e-01
6.103390288028621491e+00 1.642538518730865815e-01
6.274732129711575013e+00 1.537899227963510917e-01
6.450884089267698407e+00 1.439926070773805689e-01
6.631981202212673843e+00 1.348194375544146950e-01
6.818162294944477786e+00 1.262306524717683731e-01
7.009570091165615580e+00 1.181890231296740673e-01
7.206351321293055889e+00 1.106596925138347842e-01
7.408656834939563396e+00 1.036100242052168524e-01
7.616641716552886798e+00 9.700946091517032022e-02
7.830465404301192756e+00 9.082939203268822204e-02
8.050291812295983007e+00 8.504302960967839720e-02
8.276289456246344045e+00 7.962529224669726013e-02
8.508631582640587609e+00 7.455269637584026332e-02
8.747496301554422260e+00 6.980325446954660507e-02
8.993066723187620681e+00 6.535637973409734458e-02
9.245531098233566780e+00 6.119279687469382500e-02
9.505082962189515428e+00 5.729445854532163457e-02
9.771921283717999174e+00 5.364446712124568833e-02
1.004625061717340628e+01 5.022700145505415437e-02
1.032828125941029640e+01 4.702724829876976653e-02
1.061822941099384643e+01 4.403133809477298433e-02
1.091631734193614811e+01 4.122628485721808317e-02
1.122277356208507015e+01 3.859992988335394365e-02
1.153783299629661485e+01 3.614088905076231345e-02
1.186173716452478821e+01 3.383850347206947273e-02
1.219473436696737778e+01 3.168279329324097393e-02
1.253707987440921379e+01 2.966441443519443957e-02
1.288903612390893194e+01 2.777461809122435538e-02
1.325087291997952832e+01 2.600521280467712332e-02
1.362286764141645712e+01 2.434852896249964718e-02
1.400530545393221082e+01 2.279738555075611420e-02
1.439847952876007753e+01 2.134505902801236976e-02
1.480269126739508501e+01 1.998525418166738690e-02
1.521825053264387861e+01 1.871207684090656423e-02
1.564547588616096618e+01 1.752000832799911409e-02
1.608469483265355748e+01 1.640388153719697303e-02
1.653624407094179460e+01 1.535885853754746268e-02
1.700046975206718614e+01 1.438040960253747676e-02
1.747772774464680978e+01 1.346429357567178152e-02
1.796838390767719673e+01 1.260653948687857212e-02
1.847281437099635681e+01 1.180342934005724521e-02
1.899140582361934904e+01 1.105148199715992423e-02
1.952455581016860364e+01 1.034743808895098247e-02
2.007267303562567662e+01 9.688245887039304699e-03
2.063617767863859598e+01 9.071048075944537076e-03
2.121550171362450854e+01 8.493169367859917940e-03
2.181108924191518383e+01 7.952104906427032160e-03
2.242339683219847757e+01 7.445509409257769495e-03
2.305289387051708516e+01 6.971187002141022819e-03
2.370006292009328064e+01 6.527081700869751674e-03
2.436540009125468131e+01 6.111268499431216430e-03
2.504941542174504221e+01 5.721945025931512996e-03
2.575263326771200667e+01 5.357423730086412379e-03
2.647559270567065681e+01 5.016124568414640286e-03
2.721884794575180422e+01 4.696568155427034014e-03
2.798296875655116978e+01 4.397369351124927675e-03
2.876854090190592217e+01 4.117231257012315786e-03
2.957616658993256564e+01 3.854939594597095020e-03
3.040646493467068723e+01 3.609357442014571749e-03
3.126007243068703190e+01 3.379420305958791455e-03
3.213764344100275139e+01 3.164131507560593096e-03
3.303985069871860247e+01 2.962557862212169060e-03
3.396738582272208617e+01 2.773825634612015877e-03
3.492095984787270169e+01 2.597116751497131025e-03
3.590130377007073292e+01 2.431665255646271468e-03
3.690916910662779316e+01 2.276753985783907912e-03
3.794532847236938977e+01 2.131711467993667366e-03
3.901057617190990356e+01 1.995909005166892659e-03
4.010572880855499989e+01 1.868757951870308673e-03
4.123162591029752377e+01 1.749707162820530581e-03
4.238913057338778145e+01 1.638240603905634059e-03
4.357913012397032304e+01 1.533875115398598745e-03
4.480253679829492341e+01 1.436158317667109727e-03
4.606028844202401018e+01 1.344666650301866396e-03
4.735334922917113687e+01 1.259003536163867286e-03
4.868271040122284887e+01 1.178797662392595943e-03
5.004939102700954123e+01 1.103701370924019482e-03
5.145443878390924652e+01 1.033389151541984916e-03
5.289893076098154978e+01 9.675562309310375888e-04
5.438397428464800498e+01 9.059172516148103742e-04
5.591070776755292115e+01 8.482050350537463515e-04
5.748030158125349942e+01 7.941694235407197001e-04
5.909395895340973937e+01 7.435761958746617837e-04
6.075291689016074059e+01 6.962060521121085687e-04
6.245844712439613744e+01 6.518536629959981437e-04
6.421185709064765490e+01 6.103267799414036814e-04
6.601449092734890201e+01 5.714454017203694954e-04
6.786773050723294887e+01 5.350409942337872862e-04
6.977299649665530978e+01 5.009557599883568369e-04
7.173174944465618807e+01 4.690419541121294833e-04
7.374549090259552031e+01 4.391612439438528350e-04
7.581576457522108115e+01 4.111841094202127304e-04
7.794415750404954224e+01 3.849892816619070917e-04
8.013230128396889995e+01 3.604632173250644600e-04
8.238187331399603863e+01 3.374996064395446881e-04
8.469459808314594795e+01 3.159989116008126374e-04
8.707224849239922548e+01 2.958679365179792738e-04
8.951664721378301692e+01 2.770194220478508084e-04
9.202966808760409378e+01 2.593716679639666302e-04
9.461323755890775544e+01 2.428481788211574698e-04
9.726933615426175095e+01 2.273773323805977512e-04
9.999999999999995737e+01 2.128920691581178250e-04
