1.000000000000000048e-04 4.429501661363364917e+01
1.028073223830865281e-04 4.549605054997597620e+01
1.056934553557988362e-04 4.672961544771963815e+01
1.086606113854597351e-04 4.799658920915771887e+01
1.117110650504824041e-04 4.929788033246448720e+01
1.148471547840289439e-04 5.063441534071726835e+01
1.180712846666190141e-04 5.200714291819286927e+01
1.213859262690628250e-04 5.341704095111999351e+01
1.247936205471311189e-04 5.486511317813185684e+01
1.282969797894147957e-04 5.635238631257465158e+01
1.318986896198670199e-04 5.787991648422040214e+01
1.356015110565633925e-04 5.944879201065386809e+01
1.394082826282578376e-04 6.106012920338931593e+01
1.433219225503574155e-04 6.271507235373718459e+01
1.473454309619835539e-04 6.441479153684028347e+01
1.514818922258346051e-04 6.616048630163598432e+01
1.557344772926134557e-04 6.795339246748562800e+01
1.601064461318317826e-04 6.979478051758086110e+01
1.646011502308550778e-04 7.168595590482803459e+01
1.692220351641037391e-04 7.362825654296932498e+01
1.739726432343801689e-04 7.562305226800492619e+01
1.788566161883461665e-04 7.767175398145423060e+01
1.838776980082327715e-04 7.977581298067674709e+01
1.890397377819221208e-04 8.193670310776266774e+01
1.943466926536020897e-04 8.415593287442651160e+01
1.998026308572550618e-04 8.643507383131351673e+01
2.054117348353064979e-04 8.877573805466185775e+01
2.111783044448243749e-04 9.117955732693664572e+01
2.171067602537265953e-04 9.364820898806134153e+01
2.232016469295233991e-04 9.618342512055747306e+01
2.294676367231936914e-04 9.878698364937548604e+01
2.359095330508635614e-04 1.014607075385825681e+02
2.425322741760353111e-04 1.042064574744654664e+02
2.493409369951879494e-04 1.070261366472792446e+02
2.563407409296515377e-04 1.099216964664713032e+02
2.635370519267394326e-04 1.128951456926157277e+02
2.709353865732051759e-04 1.159485652422494866e+02
2.785414163241767813e-04 1.190840689627625295e+02
2.863609718508116210e-04 1.223037869192030200e+02
2.944000475100034728e-04 1.256099358449912984e+02
3.026648059395691654e-04 1.290048194853436598e+02
3.111615827824361444e-04 1.324907575280506080e+02
3.198968915434537695e-04 1.360701095230487283e+02
3.288774285825511105e-04 1.397453284312185815e+02
3.381100782480684795e-04 1.435189244929349286e+02
3.476019181541978613e-04 1.473934269453798720e+02
3.573602246065787046e-04 1.513714452910206489e+02
3.673924781802075296e-04 1.554556944635160107e+02
3.777063694539367416e-04 1.596489186029032794e+02
3.883098049059605528e-04 1.639538914421639788e+02
3.992109129748052884e-04 1.683734901863521429e+02
4.104180502904709654e-04 1.729106721528340813e+02
4.219398080805026588e-04 1.775684054647877872e+02
4.337850187558990231e-04 1.823497323851775036e+02
4.459627626819093779e-04 1.872578375324038689e+02
4.584823751389095932e-04 1.922959376428745770e+02
4.713534534786909978e-04 1.974672323842391108e+02
4.845858644816496185e-04 2.027750474582549032e+02
4.981897519205162042e-04 2.082228399764586584e+02
5.121755443364240474e-04 2.138140760210381188e+02
5.265539630332758715e-04 2.195522642760859071e+02
5.413360302965379654e-04 2.254410367041873258e+02
5.565330778427647921e-04 2.314840954064951575e+02
5.721567555063251324e-04 2.376851493300921732e+02
5.882190401699957617e-04 2.440479971745412229e+02
6.047322449462647380e-04 2.505765607187758235e+02
6.217090286163829381e-04 2.572748164819204817e+02
6.391624053344003523e-04 2.641467863746495937e+02
6.571057546036271476e-04 2.711965302103640170e+02
6.755528315331644270e-04 2.784281694159590188e+02
6.945177773823697038e-04 2.858459504786436014e+02
7.140151304013400355e-04 2.934541905604789918e+02
7.340598369757211656e-04 3.012572114644044063e+02
7.546672630843890076e-04 3.092594021446711849e+02
7.758532060787837713e-04 3.174652372695624081e+02
7.976339067929278130e-04 3.258792442488640404e+02
8.200260619934130737e-04 3.345059983995056427e+02
8.430468371788971344e-04 3.433501287815216756e+02
8.667138797389231696e-04 3.524163167653432538e+02
8.910453324821514341e-04 3.617092770107061028e+02
9.160598475443706154e-04 3.712337770910737618e+02
9.417766006869523988e-04 3.809946528448523964e+02
9.682153059967085751e-04 3.909967639272533120e+02
9.953962309984236857e-04 4.012449634024359852e+02
1.023340212191642049e-03 4.117441854755618351e+02
1.052068671023622922e-03 4.224994441749307725e+02
1.081603630310709867e-03 4.335157031652108230e+02
1.111967731120699519e-03 4.447979075133339961e+02
1.143184250129150028e-03 4.563510623868014022e+02
1.175277117462945366e-03 4.681802207056032330e+02
1.208270935044776636e-03 4.802904880204945357e+02
1.242190995452617476e-03 4.926869113397190745e+02
1.277063301308643990e-03 5.053744049472837219e+02
1.312914585212465604e-03 5.183580903418557000e+02
1.349772330233942573e-03 5.316432444792014849e+02
1.387664790981308705e-03 5.452341882131210014e+02
1.426621015260737648e-03 5.591353065356045136e+02
1.466670866343968349e-03 5.733551442491775560e+02
1.507845045861051347e-03 5.879011995666586472e+02
1.550175117335769997e-03 6.027722639952063446e+02
1.593693530381775150e-03 6.179693110080924043e+02
1.638433645577984637e-03 6.335009436858033496e+02
1.684429760042315850e-03 6.493737384439339166e+02
1.731717133723354026e-03 6.655911227617315262e+02
1.780332016430114135e-03 6.821573973786671559e+02
1.830311675620612021e-03 6.990772275239684177e+02
1.881694424970556086e-03 7.163535012240125752e+02
1.934519653744045872e-03 7.339892414607649016e+02
1.988827856988810081e-03 7.519903941663267233e+02
2.044660666579116784e-03 7.703619186003563755e+02
2.102060883130158625e-03 7.891057255723062553e+02
2.161072508808377368e-03 8.082241347436230399e+02
2.221740781062885202e-03 8.277203244631815551e+02
2.284112207303824749e-03 8.475973404217335201e+02
2.348234600554276272e-03 8.678578321672034690e+02
2.414157116103019234e-03 8.885030260208765185e+02
2.481930289186255051e-03 9.095337503974251376e+02
2.551606073727184613e-03 9.309517210260446518e+02
2.623237882163122550e-03 9.527580643327307826e+02
2.696880626390694112e-03 9.749525519553524191e+02
2.772590759860483686e-03 9.975350004096536622e+02
2.850426320853435488e-03 1.020505397523163992e+03
2.930446976972143555e-03 1.043862630398014744e+03
3.012714070881164757e-03 1.067604715106859885e+03
3.097290667331408388e-03 1.091729600563316126e+03
3.184241601504654226e-03 1.116234724407847580e+03
3.273633528715246682e-03 1.141116381886901763e+03
3.365534975507094694e-03 1.166370365156271646e+03
3.460016392185110562e-03 1.191992250641806777e+03
3.557150206821386215e-03 1.217976637763983717e+03
3.657010880777490907e-03 1.244317028645774599e+03
3.759674965785466966e-03 1.271006506352292263e+03
3.865221162631264206e-03 1.298037585713430644e+03
3.973730381485608698e-03 1.325401616362520599e+03
4.085285803928562741e-03 1.353088947282875097e+03
4.199972946715305709e-03 1.381088906640023652e+03
4.317879727332022029e-03 1.409389971515555089e+03
4.439096531392168997e-03 1.437979806750518947e+03
4.563716281924761094e-03 1.466844830283728243e+03
4.691834510607797992e-03 1.495970116864186366e+03
4.823549431001468782e-03 1.525339841347437186e+03
4.958962013837215146e-03 1.554937163706792717e+03
5.098176064420424994e-03 1.584743615408019878e+03
5.241298302206058926e-03 1.614739514259850921e+03
5.388438442608223244e-03 1.644904381159132754e+03
5.539709281106404079e-03 1.675216311271786708e+03
5.695226779712823234e-03 1.705651465666260719e+03
5.855110155867242032e-03 1.736184645623102824e+03
6.019481973827276768e-03 1.766789332145877097e+03
6.188468238624385796e-03 1.797437508415734101e+03
6.362198492657489789e-03 1.828099623894934211e+03
6.540805914998253610e-03 1.858744088934282900e+03
6.724427423484249239e-03 1.889337699365513799e+03
6.913203779678128193e-03 1.919845836473436293e+03
7.107279696773417810e-03 1.950231918643466770e+03
7.306803950529504668e-03 1.980456790794361950e+03
7.511929493320966197e-03 2.010481729721425609e+03
7.722813571388646714e-03 2.040268101419270124e+03
7.939617845382279313e-03 2.069763918930087584e+03
8.162508514287231468e-03 2.098914578705856457e+03
8.391656442830155299e-03 2.127714093450072596e+03
8.627237292461452031e-03 2.156152468482951008e+03
8.869431656014713575e-03 2.184129709985207683e+03
9.118425196146570655e-03 2.211555324386119537e+03
9.374408787662998066e-03 2.238402858675494372e+03
9.637578663841087079e-03 2.264620262211108184e+03
9.908136566858672528e-03 2.290120433614159538e+03
1.018628990244687879e-02 2.314894864566024808e+03
1.047225189888434729e-02 2.338943570306415495e+03
1.076624177045493527e-02 2.361925140631105478e+03
1.106848488549412070e-02 2.383538464624381959e+03
1.137921293915315074e-02 2.404173665641109892e+03
1.169866413101306943e-02 2.424094712267666637e+03
1.202708334768511945e-02 2.442959381598054279e+03
1.236472235053715993e-02 2.460493397969978560e+03
1.271183996869028332e-02 2.476618802347578821e+03
1.306870229743346996e-02 2.491498020157665451e+03
1.343558290220825575e-02 2.505361864766614417e+03
1.381276302832009847e-02 2.517759751357918958e+03
1.420053181653682141e-02 2.528157472304264047e+03
1.459918652473978819e-02 2.536794220096969184e+03
1.500903275579736421e-02 2.543798260340463003e+03
1.543038469183564444e-02 2.548692868693071432e+03
1.586356533508591002e-02 2.551409113634981168e+03
1.630890675549331870e-02 2.552431983903337823e+03
1.676675034527700184e-02 2.551690266005861304e+03
1.723744708063620554e-02 2.548763809565996780e+03
1.772135779080359283e-02 2.543786014736031575e+03
1.821885343465167589e-02 2.536962040968250676e+03
1.873031538506437013e-02 2.527872519110598205e+03
1.925613572129198509e-02 2.516204636653860234e+03
1.979671752951332395e-02 2.502167000032998203e+03
2.035247521183577296e-02 2.485873893724971822e+03
2.092383480396978190e-02 2.467247210281062962e+03
2.151123430182166549e-02 2.446264923271382486e+03
2.211512399725490061e-02 2.422955333144828273e+03
2.273596682327716154e-02 2.397343185177392115e+03
2.337423870891815886e-02 2.369459881305720501e+03
2.403042894406967958e-02 2.339357560757794090e+03
2.470504055456825693e-02 2.307103260605213563e+03
2.539859068780726467e-02 2.272778780743844436e+03
2.611161100917459149e-02 2.236483486833525149e+03
2.684464810961964890e-02 2.198333055396473810e+03
2.759826392466179640e-02 2.158460588789548183e+03
2.837303616516213128e-02 2.117016041716377458e+03
2.916955876018797328e-02 2.074165575158277534e+03
2.998844231231028931e-02 2.030091700401589833e+03
3.083031456568277942e-02 1.984992158000024347e+03
3.169582088726115993e-02 1.939077589170331748e+03
3.258562476153226140e-02 1.892570901932750303e+03
3.350040829913133317e-02 1.845705233063379183e+03
3.444087275973822804e-02 1.798719835698936777e+03
3.540773908965272332e-02 1.751858837727025275e+03
3.640174847446139839e-02 1.705368070416049477e+03
3.742366290721982347e-02 1.659491353459210586e+03
3.847426577258503816e-02 1.614464996242773395e+03
3.955436244734702317e-02 1.570516244782236299e+03
4.066478091781854792e-02 1.527857421422903371e+03
4.180637241455758407e-02 1.486681991509033423e+03
4.298001206490798670e-02 1.447159116498206231e+03
4.418659956385941057e-02 1.409431420617414233e+03
4.542705986374045990e-02 1.373607662725879209e+03
4.670234388327333674e-02 1.339759967456052891e+03
4.801342923653453137e-02 1.307919658298645572e+03
4.936132098237919208e-02 1.278071541113294643e+03
5.074705239490467923e-02 1.250153013533999001e+03
5.217168575554350513e-02 1.224049770669923646e+03
5.363631316739241039e-02 1.199593039136889956e+03
5.514205739240302800e-02 1.176561969821265393e+03
5.669007271207433807e-02 1.154687826421165937e+03
5.828154581230844677e-02 1.133614353707772352e+03
5.991769669310622465e-02 1.113308939009872120e+03
6.159977960380166873e-02 1.092748268140391247e+03
6.332908400455118658e-02 1.071842410071655195e+03
6.510693555481457395e-02 1.050142034823751601e+03
6.693469712958663442e-02 1.027239286572720857e+03
6.881376986415664587e-02 1.002771130486329071e+03
7.074559422819878818e-02 9.764401085527845225e+02
7.273165113001461846e-02 9.480454992741390470e+02
7.477346305177587360e-02 9.174948154131585625e+02
7.687259521663733497e-02 8.847581720268792651e+02
7.903065678861345700e-02 8.501414430619837503e+02
8.124930210614052239e-02 8.140053027593220349e+02
8.353023195026774983e-02 7.768544086198218110e+02
8.587519484845174134e-02 7.393063582974893961e+02
8.828598841495152727e-02 7.020611780342145494e+02
9.076446072885357985e-02 6.658508699011924818e+02
9.331251175078249249e-02 6.313867200070192212e+02
9.593209477938241525e-02 5.993109484137536356e+02
9.862521794868782388e-02 5.701413861790348392e+02
1.013939457675292477e-01 5.442295746536943852e+02
1.042404007021556500e-01 5.217293522613947516e+02
1.071667648032863795e-01 5.025741171250544994e+02
1.101752813788386687e-01 4.864664103604363277e+02
1.132682567136154145e-01 4.728835052729104405e+02
1.164480618372685794e-01 4.611074046472147074e+02
1.197171343418966943e-01 4.502722808936492243e+02
1.230779802506665743e-01 4.394407902423994869e+02
1.265331759388942934e-01 4.277105978549552674e+02
1.300853701090571579e-01 4.143368791676680871e+02
1.337372858212496074e-01 3.988606020289138883e+02
1.374917225806419896e-01 3.811993462173902003e+02
1.413515584835395023e-01 3.616795110735246226e+02
1.453197524236895799e-01 3.410031320106326689e+02
1.493993463605258198e-01 3.201348287782582247e+02
1.535934676510897212e-01 3.001333064689738990e+02
1.579053314474175851e-01 2.819486463653140049e+02
1.623382431612278298e-01 2.662547498036603884e+02
1.668956009978024568e-01 2.533497751449078237e+02
1.715808985610006165e-01 2.430911807365427535e+02
1.763977275314044801e-01 2.349059788886832507e+02
1.813497804196496366e-01 2.279090033630350263e+02
1.864408533970486059e-01 2.210756361761388575e+02
1.916748492056815356e-01 2.134619493808226878e+02
1.970557801501798822e-01 2.044681810376854401e+02
2.025877711735017406e-01 1.940186770831223555e+02
2.082750630190516594e-01 1.825663969515562144e+02
2.141220154815729193e-01 1.709529457312686418e+02
2.201331107493031680e-01 1.601125104146318563e+02
2.263129568399529223e-01 1.507536235224538643e+02
2.326662911331459360e-01 1.431552803304611245e+02
2.391979840020238557e-01 1.370818745307370818e+02
2.459130425468044889e-01 1.318945855059344012e+02
2.528166144331501219e-01 1.267992594398887860e+02
2.599139918382933900e-01 1.211628773037246418e+02
2.672106155079435608e-01 1.147837114703730350e+02
2.747120789270811603e-01 1.079472481026596142e+02
2.824241326078435477e-01 1.012517018742840378e+02
2.903526884977813416e-01 9.526442840972541148e+01
2.985038245118734057e-01 9.024169643925648643e+01
3.068837891917643446e-01 8.601702425380739214e+01
3.154990064958086982e-01 8.214190972583358530e+01
3.243560807235809640e-01 7.816561523531284195e+01
3.334618015786366407e-01 7.391146169593935156e+01
3.428231493733970847e-01 6.954939287401981574e+01
3.524473003801584237e-01 6.542408899502498798e+01
3.623416323323152555e-01 6.177966537483172260e+01
3.725137300800212548e-01 5.859090692231681174e+01
3.829713914046279921e-01 5.562517037856610358e+01
3.937226329963477989e-01 5.265815424283599100e+01
4.047756965997323930e-01 4.965292166635003923e+01
4.161390553316708374e-01 4.674924106650779265e+01
4.278214201767614466e-01 4.409228938159886013e+01
4.398317466650228380e-01 4.168781524668978733e+01
4.521792417370701922e-01 3.942316687835781153e+01
4.648733708020256206e-01 3.720503785483193582e+01
4.779238649935594330e-01 3.504813579046159333e+01
4.913407286296365140e-01 3.302320240303382803e+01
5.051342468816764075e-01 3.115334304653726605e+01
5.193149936590210070e-01 2.939398679797521652e+01
5.338938397147356962e-01 2.770248411198990723e+01
5.488819609789672427e-01 2.608633746204897719e+01
5.642908471262538805e-01 2.457031342442559207e+01
5.801323103833373462e-01 2.314998720167950808e+01
5.964184945842465613e-01 2.180231549574047634e+01
6.131618844795774237e-01 2.052061559955574666e+01
6.303753153071274262e-01 1.931256464217030100e+01
6.480719826311974741e-01 1.817650898874872922e+01
6.662654524581153037e-01 1.710260629537627608e+01
6.849696716357442927e-01 1.608607243351685412e+01
7.041989785449285222e-01 1.512871768137560480e+01
7.239681140910878554e-01 1.422623852817576307e+01
7.442922330043759693e-01 1.337425180653256973e+01
7.651869154570819509e-01 1.257100416342218097e+01
7.866681790071589075e-01 1.181394074063334898e+01
8.087524908770455934e-01 1.110024698936119592e+01
8.314567805772061782e-01 1.042770937549667565e+01
8.547984528840417706e-01 9.794231687771832284e+00
8.787954011821322853e-01 9.197510698645835703e+00
9.034660211810530139e-01 8.635658247476825977e+00
9.288292250172494047e-01 8.106783397859524953e+00
9.549044557518088228e-01 7.609024318368554418e+00
9.817117022752195332e-01 7.140638866150405661e+00
1.009271514630570854e+00 6.699980160203574009e+00
1.037605019766912440e+00 6.285461149318335217e+00
1.066733937734857918e+00 5.895599458513880897e+00
1.096680598336868151e+00 5.529019123482894926e+00
1.127467958244945612e+00 5.184418486799232006e+00
1.159119618598886126e+00 4.860551649732911095e+00
1.191659843098559213e+00 4.556233529042367891e+00
1.225113576604118126e+00 4.270336882207184104e+00
1.259506464258359104e+00 4.001773335613542315e+00
1.294864871145904983e+00 3.749526996931065614e+00
1.331215902504307769e+00 3.512656021887798019e+00
1.368587424502517580e+00 3.290272375871547084e+00
1.407008085602686087e+00 3.081543597772446130e+00
1.446507338521646480e+00 2.885661161925304530e+00
1.487115462808953126e+00 2.701828046272269912e+00
1.528863588058731571e+00 2.529706151207641529e+00
1.571783717773163280e+00 2.368549405017499332e+00
1.615908753895917815e+00 2.217659265021992177e+00
1.661272522034291654e+00 2.076381689704102751e+00
1.707909797389428608e+00 1.944104303731127414e+00
1.755856331414468618e+00 1.820253743580497519e+00
1.805148879221108116e+00 1.704293172264410128e+00
1.855825227755520057e+00 1.595719952380713291e+00
1.907924224765265908e+00 1.494063467403752954e+00
1.961485808579430667e+00 1.398883081771450820e+00
2.016551038724745393e+00 1.309766230926500130e+00
2.073162127401231736e+00 1.226326633032857050e+00
2.131362471841438122e+00 1.148202614616116612e+00
2.191196687578147895e+00 1.075055542870170244e+00
2.252710642645982198e+00 1.006568357834894067e+00
2.315951492743154372e+00 9.424441980825107867e-01
2.380967717380357840e+00 8.824051139555857404e-01
2.447809157044444017e+00 8.261908627791250126e-01
2.516527051405392790e+00 7.735577808245479581e-01
2.587174078595922744e+00 7.242777271360044677e-01
2.659804395593756698e+00 6.781370946409975842e-01
2.734473679737583041e+00 6.349358842589110097e-01
2.811239171408464355e+00 5.944868379941191661e-01
2.890159717909508874e+00 5.566146272560210662e-01
2.971295818577336600e+00 5.211550928877323186e-01
3.054709671159970164e+00 4.879545336092904750e-01
3.140465219496751281e+00 4.568690397911008283e-01
3.228628202536729219e+00 4.277638696698202736e-01
3.319266204733191561e+00 4.005128653028573460e-01
3.412448707852890450e+00 3.749979057299099861e-01
3.508247144239789783e+00 3.511083949712394681e-01
3.606734951574031900e+00 3.287407826433823010e-01
3.707987629168172372e+00 3.077981151143821537e-01
3.812082795843888317e+00 2.881896152529999644e-01
3.919100249433401739e+00 2.698302889503023660e-01
4.029122027951350660e+00 2.526405567080743375e-01
4.142232472483896366e+00 2.365459086971570257e-01
4.258518291843413017e+00 2.214765817905414713e-01
4.378068629038172510e+00 2.073672571713008062e-01
4.500975129608047354e+00 1.941567772046264850e-01
4.627332011878690032e+00 1.817878803467346260e-01
4.757236139187885904e+00 1.702069529415903559e-01
4.890787094139594338e+00 1.593637968296005569e-01
5.028087254942479767e+00 1.492114117609613100e-01
5.169241873891597727e+00 1.397057916705193303e-01
5.314359158053243881e+00 1.308057339310895184e-01
5.463550352214879169e+00 1.224726607584269572e-01
5.616929824163807261e+00 1.146704519937232353e-01
5.774615152359817039e+00 1.073652885388139411e-01
5.936727216069127344e+00 1.005255057654586143e-01
6.103390288028621491e+00 9.412145626328782821e-02
6.274732129711575013e+00 8.812538133149065700e-02
6.450884089267698407e+00 8.251129065721660161e-02
6.631981202212673843e+00 7.725484965915119240e-02
6.818162294944477786e+00 7.233327400795000472e-02
7.009570091165615580e+00 6.772523086632412093e-02
7.206351321293055889e+00 6.341074642069684242e-02
7.408656834939563396e+00 5.937111930362268947e-02
7.616641716552886798e+00 5.558883953169307945e-02
7.830465404301192756e+00 5.204751260756121378e-02
8.050291812295983007e+00 4.873178845710179202e-02
8.276289456246344045e+00 4.562729489367991359e-02
8.508631582640587609e+00 4.272057532112668449e-02
8.747496301554422260e+00 3.999903040539130872e-02
8.993066723187620681e+00 3.745086346204250932e-02
9.245531098233566780e+00 3.506502932289840002e-02
9.505082962189515428e+00 3.283118646014434455e-02
9.771921283717999174e+00 3.073965216041831330e-02
1.004625061717340628e+01 2.878136055456326919e-02
1.032828125941029640e+01 2.694782332112433121e-02
1.061822941099384643e+01 2.523109289325782892e-02
1.091631734193614811e+01 2.362372800957063257e-02
1.122277356208507015e+01 2.211876145956803014e-02
1.153783299629661485e+01 2.070966988390094202e-02
1.186173716452478821e+01 1.939034549851010106e-02
1.219473436696737778e+01 1.815506962010391204e-02
1.253707987440921379e+01 1.699848787821475402e-02
1.288903612390893194e+01 1.591558700638903007e-02
1.325087291997952832e+01 1.490167311191108006e-02
1.362286764141645712e+01 1.395235132987000110e-02
1.400530545393221082e+01 1.306350677337866743e-02
1.439847952876007753e+01 1.223128669737278025e-02
1.480269126739508501e+01 1.145208379867785828e-02
1.521825053264387861e+01 1.072252057995748756e-02
1.564547588616096618e+01 1.003943470976744259e-02
1.608469483265355748e+01 9.399865315258075157e-03
1.653624407094179460e+01 8.801040148109945740e-03
1.700046975206718614e+01 8.240363568072733499e-03
1.747772774464680978e+01 7.715405292021408623e-03
1.796838390767719673e+01 7.223889859761896057e-03
1.847281437099635681e+01 6.763686770925102926e-03
1.899140582361934904e+01 6.332801250197234340e-03
1.952455581016860364e+01 5.929365600857707148e-03
2.007267303562567662e+01 5.551631109146163909e-03
2.063617767863859598e+01 5.197960464367576243e-03
2.121550171362450854e+01 4.866820661880010002e-03
2.181108924191518383e+01 4.556776358202638787e-03
2.242339683219847757e+01 4.266483649441373677e-03
2.305289387051708516e+01 3.994684246064353003e-03
2.370006292009328064e+01 3.740200018777548908e-03
2.436540009125468131e+01 3.501927891859269761e-03
2.504941542174504221e+01 3.278835061818465620e-03
2.575263326771200667e+01 3.069954520651830415e-03
2.647559270567065681e+01 2.874380864295030674e-03
2.721884794575180422e+01 2.691266368099549857e-03
2.798296875655116978e+01 2.519817312324105531e-03
2.876854090190592217e+01 2.359290541713264522e-03
2.957616658993256564e+01 2.208990244250581651e-03
3.040646493467068723e+01 2.068264935123572974e-03
3.126007243068703190e+01 1.936504632827370500e-03
3.213764344100275139e+01 1.813138215166721842e-03
3.303985069871860247e+01 1.697630943695772670e-03
3.396738582272208617e+01 1.589482145865200044e-03
3.492095984787270169e+01 1.488223044829818783e-03
3.590130377007073292e+01 1.393414727509854597e-03
3.690916910662779316e+01 1.304646242098332935e-03
3.794532847236938977e+01 1.221532816768125355e-03
3.901057617190990356e+01 1.143714191857539073e-03
4.010572880855499989e+01 1.070853058305225531e-03
4.123162591029752377e+01 1.002633595565709983e-03
4.238913057338778145e+01 9.387601026680641178e-04
4.357913012397032304e+01 8.789557164839665064e-04
4.480253679829492341e+01 8.229612116494190027e-04
4.606028844202401018e+01 7.705338769383088650e-04
4.735334922917113687e+01 7.214464632174016553e-04
4.868271040122284887e+01 6.754861984226155679e-04
5.004939102700954123e+01 6.324538652869390485e-04
5.145443878390924652e+01 5.921629378223539813e-04
5.289893076098154978e+01 5.544387728127978931e-04
5.438397428464800498e+01 5.191178528136467787e-04
5.591070776755292115e+01 4.860470773764589492e-04
5.748030158125349942e+01 4.550830994267571444e-04
5.909395895340973937e+01 4.260917039183381391e-04
6.075291689016074059e+01 3.989472260708569408e-04
6.245844712439613744e+01 3.735320066690027939e-04
6.421185709064765490e+01 3.497358820622322264e-04
6.601449092734890201e+01 3.274557066544355301e-04
6.786773050723294887e+01 3.065949058137410030e-04
6.977299649665530978e+01 2.870630572645218996e-04
7.173174944465618807e+01 2.687754991471255563e-04
7.374549090259552031e+01 2.516529630464388692e-04
7.581576457522108115e+01 2.356212303986324772e-04
7.794415750404954224e+01 2.206108107867600675e-04
8.013230128396889995e+01 2.065566407307672361e-04
8.238187331399603863e+01 1.933978016662990366e-04
8.469459808314594795e+01 1.810772558898702481e-04
8.707224849239922548e+01 1.695415993258379763e-04
8.951664721378301692e+01 1.587408300435316712e-04
9.202966808760409378e+01 1.486281315211655817e-04
9.461323755890775544e+01 1.391596697170793470e-04
9.726933615426175095e+01 1.302944030687007405e-04
9.999999999999995737e+01 1.219939045956608111e-04
