1.000000000000000048e-04 1.179817459754822551e+02
1.028073223830865281e-04 1.211806161785040814e+02
1.056934553557988362e-04 1.244661281400113779e+02
1.086606113854597351e-04 1.278406224249631151e+02
1.117110650504824041e-04 1.313065119028090919e+02
1.148471547840289439e-04 1.348662537287945042e+02
1.180712846666190141e-04 1.385223665050006332e+02
1.213859262690628250e-04 1.422774679400059483e+02
1.247936205471311189e-04 1.461342384946651691e+02
1.282969797894147957e-04 1.500953860382783773e+02
1.318986896198670199e-04 1.541637168308425032e+02
1.356015110565633925e-04 1.583421613136436576e+02
1.394082826282578376e-04 1.626336854339136551e+02
1.433219225503574155e-04 1.670412946315158820e+02
1.473454309619835539e-04 1.715681070871945622e+02
1.514818922258346051e-04 1.762173428846317904e+02
1.557344772926134557e-04 1.809923097059972861e+02
1.601064461318317826e-04 1.858963910429865223e+02
1.646011502308550778e-04 1.909330257003619522e+02
1.692220351641037391e-04 1.961057552285599854e+02
1.739726432343801689e-04 2.014182423262951147e+02
1.788566161883461665e-04 2.068742404147278933e+02
1.838776980082327715e-04 2.124775933474660974e+02
1.890397377819221208e-04 2.182322388636753487e+02
1.943466926536020897e-04 2.241422162683434181e+02
1.998026308572550618e-04 2.302116805539296820e+02
2.054117348353064979e-04 2.364448915744112014e+02
2.111783044448243749e-04 2.428462012322969770e+02
2.171067602537265953e-04 2.494200819872050943e+02
2.232016469295233991e-04 2.561711389291656928e+02
2.294676367231936914e-04 2.631040853933830022e+02
2.359095330508635614e-04 2.702237471749547808e+02
2.425322741760353111e-04 2.775350976528243336e+02
2.493409369951879494e-04 2.850432348245848289e+02
2.563407409296515377e-04 2.927533023320314669e+02
2.635370519267394326e-04 3.006705892654771901e+02
2.709353865732051759e-04 3.088006363606962736e+02
2.785414163241767813e-04 3.171490804723650285e+02
2.863609718508116210e-04 3.257215966468767192e+02
2.944000475100034728e-04 3.345240582172964423e+02
3.026648059395691654e-04 3.435625428265943242e+02
3.111615827824361444e-04 3.528432168518812659e+02
3.198968915434537695e-04 3.623723703521386028e+02
3.288774285825511105e-04 3.721564893692376472e+02
3.381100782480684795e-04 3.822022162333988717e+02
3.476019181541978613e-04 3.925163071669144870e+02
3.573602246065787046e-04 4.031056819030433758e+02
3.673924781802075296e-04 4.139774424185591215e+02
3.777063694539367416e-04 4.251388893906625981e+02
3.883098049059605528e-04 4.365975127659687018e+02
3.992109129748052884e-04 4.483608609756701071e+02
4.104180502904709654e-04 4.604366086904552162e+02
4.219398080805026588e-04 4.728327135948048863e+02
4.337850187558990231e-04 4.855573478335667801e+02
4.459627626819093779e-04 4.986188541083753307e+02
4.584823751389095932e-04 5.120257045413349033e+02
4.713534534786909978e-04 5.257864641701346500e+02
4.845858644816496185e-04 5.399098975173284316e+02
4.981897519205162042e-04 5.544049886381524175e+02
5.121755443364240474e-04 5.692809916465162132e+02
5.265539630332758715e-04 5.845473730207999097e+02
5.413360302965379654e-04 6.002136238535167649e+02
5.565330778427647921e-04 6.162893973244101744e+02
5.721567555063251324e-04 6.327846190674996478e+02
5.882190401699957617e-04 6.497094175866564001e+02
6.047322449462647380e-04 6.670740996173336725e+02
6.217090286163829381e-04 6.848891106756639147e+02
6.391624053344003523e-04 7.031650344620322812e+02
6.571057546036271476e-04 7.219126525604782501e+02
6.755528315331644270e-04 7.411429512845132876e+02
6.945177773823697038e-04 7.608671396153894193e+02
7.140151304013400355e-04 7.810965983549757539e+02
7.340598369757211656e-04 8.018427943145629797e+02
7.546672630843890076e-04 8.231173572948370065e+02
7.758532060787837713e-04 8.449320925352708400e+02
7.976339067929278130e-04 8.672989630962900947e+02
8.200260619934130737e-04 8.902300903986485991e+02
8.430468371788971344e-04 9.137378037152188881e+02
8.667138797389231696e-04 9.378345955181852105e+02
8.910453324821514341e-04 9.625329452173660911e+02
9.160598475443706154e-04 9.878454616526610153e+02
9.417766006869523988e-04 1.013785015814836697e+03
9.682153059967085751e-04 1.040364607807443008e+03
9.953962309984236857e-04 1.067597296921117277e+03
1.023340212191642049e-03 1.095496110864306957e+03
1.052068671023622922e-03 1.124074056997542357e+03
1.081603630310709867e-03 1.153344521877522538e+03
1.111967731120699519e-03 1.183321108664265012e+03
1.143184250129150028e-03 1.214017124616317460e+03
1.175277117462945366e-03 1.245445880958558064e+03
1.208270935044776636e-03 1.277620973348880170e+03
1.242190995452617476e-03 1.310555895436877336e+03
1.277063301308643990e-03 1.344263832998411544e+03
1.312914585212465604e-03 1.378758562830011670e+03
1.349772330233942573e-03 1.414054275822080172e+03
1.387664790981308705e-03 1.450162207672490922e+03
1.426621015260737648e-03 1.487093748567136117e+03
1.466670866343968349e-03 1.524872864187767618e+03
1.507845045861051347e-03 1.563520370668744135e+03
1.550175117335769997e-03 1.603030809873017233e+03
1.593693530381775150e-03 1.643405391468303833e+03
1.638433645577984637e-03 1.684668487012635524e+03
1.684429760042315850e-03 1.726838086981280640e+03
1.731717133723354026e-03 1.769922409523494252e+03
1.780332016430114135e-03 1.813932835561473439e+03
1.830311675620612021e-03 1.858882115293783045e+03
1.881694424970556086e-03 1.904777029145736833e+03
1.934519653744045872e-03 1.951624703696433698e+03
1.988827856988810081e-03 1.999441652799728672e+03
2.044660666579116784e-03 2.048241577423116269e+03
2.102060883130158625e-03 2.098029037329312814e+03
2.161072508808377368e-03 2.148809681641136194e+03
2.221740781062885202e-03 2.200591613593227066e+03
2.284112207303824749e-03 2.253383010993770768e+03
2.348234600554276272e-03 2.307191180263057049e+03
2.414157116103019234e-03 2.362018988418400568e+03
2.481930289186255051e-03 2.417868053853396304e+03
2.551606073727184613e-03 2.474742611797956670e+03
2.623237882163122550e-03 2.532645671980730185e+03
2.696880626390694112e-03 2.591577187836828216e+03
2.772590759860483686e-03 2.651536747843579633e+03
2.850426320853435488e-03 2.712523773173862992e+03
2.930446976972143555e-03 2.774534974252042502e+03
3.012714070881164757e-03 2.837564976910543010e+03
3.097290667331408388e-03 2.901608610919671264e+03
3.184241601504654226e-03 2.966659411927053497e+03
3.273633528715246682e-03 3.032707546447653840e+03
3.365534975507094694e-03 3.099741690166407807e+03
3.460016392185110562e-03 3.167749795835220084e+03
3.557150206821386215e-03 3.236717653575024997e+03
3.657010880777490907e-03 3.306628584328342640e+03
3.759674965785466966e-03 3.377463738967926929e+03
3.865221162631264206e-03 3.449202196007920065e+03
3.973730381485608698e-03 3.521821233570799905e+03
4.085285803928562741e-03 3.595295742513510504e+03
4.199972946715305709e-03 3.669596975785986615e+03
4.317879727332022029e-03 3.744693759251284519e+03
4.439096531392168997e-03 3.820552865011200538e+03
4.563716281924761094e-03 3.897138154297944766e+03
4.691834510607797992e-03 3.974410349107145066e+03
4.823549431001468782e-03 4.052327279293122047e+03
4.958962013837215146e-03 4.130843841643409178e+03
5.098176064420424994e-03 4.209911487823257630e+03
5.241298302206058926e-03 4.289478510953786099e+03
5.388438442608223244e-03 4.369489983064846456e+03
5.539709281106404079e-03 4.449887289780325773e+03
5.695226779712823234e-03 4.530607397106006829e+03
5.855110155867242032e-03 4.611583562944088953e+03
6.019481973827276768e-03 4.692745327066528262e+03
6.188468238624385796e-03 4.774018390560571788e+03
6.362198492657489789e-03 4.855324393988117663e+03
6.540805914998253610e-03 4.936578917951053882e+03
6.724427423484249239e-03 5.017693505298039781e+03
6.913203779678128193e-03 5.098577816814830840e+03
7.107279696773417810e-03 5.179135508190063774e+03
7.306803950529504668e-03 5.259260894047562033e+03
7.511929493320966197e-03 5.338850939794598162e+03
7.722813571388646714e-03 5.417804869301916369e+03
7.939617845382279313e-03 5.495983955895546387e+03
8.162508514287231468e-03 5.573241357639388298e+03
8.391656442830155299e-03 5.649564189711481959e+03
8.627237292461452031e-03 5.724929049474524618e+03
8.869431656014713575e-03 5.799066408440894520e+03
9.118425196146570655e-03 5.871733269015588121e+03
9.374408787662998066e-03 5.942862823446634138e+03
9.637578663841087079e-03 6.012318475621615107e+03
9.908136566858672528e-03 6.079867509379468174e+03
1.018628990244687879e-02 6.145487482041329713e+03
1.047225189888434729e-02 6.209179636054283947e+03
1.076624177045493527e-02 6.270037163481517382e+03
1.106848488549412070e-02 6.327260117265844201e+03
1.137921293915315074e-02 6.381885465046764693e+03
1.169866413101306943e-02 6.434615399160319612e+03
1.202708334768511945e-02 6.484542378131696751e+03
1.236472235053715993e-02 6.530938031189438334e+03
1.271183996869028332e-02 6.573593851859553979e+03
1.306870229743346996e-02 6.612941954476867068e+03
1.343558290220825575e-02 6.649597354233628721e+03
1.381276302832009847e-02 6.682363003146495430e+03
1.420053181653682141e-02 6.709819525935685306e+03
1.459918652473978819e-02 6.732604070521755602e+03
1.500903275579736421e-02 6.751058362896455947e+03
1.543038469183564444e-02 6.763914666764048889e+03
1.586356533508591002e-02 6.770989787115612671e+03
1.630890675549331870e-02 6.773573725728927457e+03
1.676675034527700184e-02 6.771478461476331177e+03
1.723744708063620554e-02 6.763588543562103041e+03
1.772135779080359283e-02 6.750257967602344252e+03
1.821885343465167589e-02 6.732031374844696984e+03
1.873031538506437013e-02 6.707796352705749996e+03
1.925613572129198509e-02 6.676723074498107053e+03
1.979671752951332395e-02 6.639364768360838752e+03
2.035247521183577296e-02 6.596025211521325218e+03
2.092383480396978190e-02 6.546498685020094854e+03
2.151123430182166549e-02 6.490726571173482625e+03
2.211512399725490061e-02 6.428782739829096499e+03
2.273596682327716154e-02 6.360733214491247963e+03
2.337423870891815886e-02 6.286662122950621779e+03
2.403042894406967958e-02 6.206707870842067678e+03
2.470504055456825693e-02 6.121048961377038722e+03
2.539859068780726467e-02 6.029903693824459879e+03
2.611161100917459149e-02 5.933534183439102890e+03
2.684464810961964890e-02 5.832245966934563512e+03
2.759826392466179640e-02 5.726393657827312381e+03
2.837303616516213128e-02 5.616375935207756811e+03
2.916955876018797328e-02 5.502633316566993926e+03
2.998844231231028931e-02 5.385648984916731024e+03
3.083031456568277942e-02 5.265947668197562052e+03
3.169582088726115993e-02 5.144089515436080546e+03
3.258562476153226140e-02 5.020665005161166846e+03
3.350040829913133317e-02 4.896290191106350903e+03
3.444087275973822804e-02 4.771601579108239093e+03
3.540773908965272332e-02 4.647247911779281822e+03
3.640174847446139839e-02 4.523880819565459205e+03
3.742366290721982347e-02 4.402144974073124104e+03
3.847426577258503816e-02 4.282669210530860255e+03
3.955436244734702317e-02 4.166054086975143946e+03
4.066478091781854792e-02 4.052863517969252825e+03
4.180637241455758407e-02 3.943610744200039790e+03
4.298001206490798670e-02 3.838744495782862941e+03
4.418659956385941057e-02 3.738642000642666517e+03
4.542705986374045990e-02 3.643593043034345555e+03
4.670234388327333674e-02 3.553787443294273544e+03
4.801342923653453137e-02 3.469308196246301122e+03
4.936132098237919208e-02 3.390114816776724638e+03
5.074705239490467923e-02 3.316042286840873658e+03
5.217168575554350513e-02 3.246784704670103565e+03
5.363631316739241039e-02 3.181897762570244140e+03
5.514205739240302800e-02 3.120792302729604671e+03
5.669007271207433807e-02 3.062757538319648575e+03
5.828154581230844677e-02 3.006847706609051329e+03
5.991769669310622465e-02 2.952975304549635894e+03
6.159977960380166873e-02 2.898427552363801169e+03
6.332908400455118658e-02 2.842964924066488948e+03
6.510693555481457395e-02 2.785395812645260321e+03
6.693469712958663442e-02 2.724638568712032338e+03
6.881376986415664587e-02 2.659730271548737164e+03
7.074559422819878818e-02 2.589881466431183526e+03
7.273165113001461846e-02 2.514560184046212726e+03
7.477346305177587360e-02 2.433521042283046881e+03
7.687259521663733497e-02 2.346685058234424559e+03
7.903065678861345700e-02 2.254862862339010462e+03
8.124930210614052239e-02 2.159012000277490642e+03
8.353023195026774983e-02 2.060470030733677049e+03
8.587519484845174134e-02 1.960875666232634103e+03
8.828598841495152727e-02 1.862085096231360694e+03
9.076446072885357985e-02 1.766039786081852071e+03
9.331251175078249249e-02 1.674626676286835391e+03
9.593209477938241525e-02 1.589548781163995272e+03
9.862521794868782388e-02 1.512179794392193116e+03
1.013939457675292477e-01 1.443451433642116399e+03
1.042404007021556500e-01 1.383772111940055083e+03
1.071667648032863795e-01 1.332964464002554223e+03
1.101752813788386687e-01 1.290240519078764692e+03
1.132682567136154145e-01 1.254213098793142763e+03
1.164480618372685794e-01 1.222978005252429284e+03
1.197171343418966943e-01 1.194238593619690619e+03
1.230779802506665743e-01 1.165509094976720917e+03
1.265331759388942934e-01 1.134396335684605447e+03
1.300853701090571579e-01 1.098924458568666751e+03
1.337372858212496074e-01 1.057876233809249698e+03
1.374917225806419896e-01 1.011033166825974718e+03
1.413515584835395023e-01 9.592609343161487914e+02
1.453197524236895799e-01 9.044212736120595082e+02
1.493993463605258198e-01 8.490725853973474386e+02
1.535934676510897212e-01 7.960230068691595307e+02
1.579053314474175851e-01 7.477927332570189947e+02
1.623382431612278298e-01 7.061680875377244320e+02
1.668956009978024568e-01 6.719408906758303601e+02
1.715808985610006165e-01 6.447321658099800743e+02
1.763977275314044801e-01 6.230227907782094690e+02
1.813497804196496366e-01 6.044649105101790383e+02
1.864408533970486059e-01 5.863409235130587831e+02
1.916748492056815356e-01 5.661473424599582813e+02
1.970557801501798822e-01 5.422936837920815378e+02
2.025877711735017406e-01 5.145790697254967654e+02
2.082750630190516594e-01 4.842049498293731062e+02
2.141220154815729193e-01 4.534032227594504434e+02
2.201331107493031680e-01 4.246519653495079751e+02
2.263129568399529223e-01 3.998300631066279038e+02
2.326662911331459360e-01 3.796775232881215629e+02
2.391979840020238557e-01 3.635694207419227268e+02
2.459130425468044889e-01 3.498115138394875316e+02
2.528166144331501219e-01 3.362976139453129463e+02
2.599139918382933900e-01 3.213485882464023007e+02
2.672106155079435608e-01 3.044296255185191171e+02
2.747120789270811603e-01 2.862978754639275962e+02
2.824241326078435477e-01 2.685399030282658828e+02
2.903526884977813416e-01 2.526603574571468016e+02
2.985038245118734057e-01 2.393390244105026454e+02
3.068837891917643446e-01 2.281342583716047443e+02
3.154990064958086982e-01 2.178566166569190727e+02
3.243560807235809640e-01 2.073106716207598765e+02
3.334618015786366407e-01 1.960277714876321795e+02
3.428231493733970847e-01 1.844586809915614936e+02
3.524473003801584237e-01 1.735175423867693780e+02
3.623416323323152555e-01 1.638517626194298771e+02
3.725137300800212548e-01 1.553944881772909810e+02
3.829713914046279921e-01 1.475288043630951051e+02
3.937226329963477989e-01 1.396596615128740098e+02
4.047756965997323930e-01 1.316891887299441066e+02
4.161390553316708374e-01 1.239880499659892195e+02
4.278214201767614466e-01 1.169412563785274557e+02
4.398317466650228380e-01 1.105641397075945775e+02
4.521792417370701922e-01 1.045578422463673292e+02
4.648733708020256206e-01 9.867491763440783359e+01
4.779238649935594330e-01 9.295439093019362531e+01
4.913407286296365140e-01 8.758386065176794943e+01
5.051342468816764075e-01 8.262464385635605879e+01
5.193149936590210070e-01 7.795848367562760473e+01
5.338938397147356962e-01 7.347226850822269739e+01
5.488819609789672427e-01 6.918594407599310614e+01
5.642908471262538805e-01 6.516515534198209991e+01
5.801323103833373462e-01 6.139815952195871063e+01
5.964184945842465613e-01 5.782388239991075807e+01
6.131618844795774237e-01 5.442456369094242064e+01
6.303753153071274262e-01 5.122058903452765577e+01
6.480719826311974741e-01 4.820754876566773817e+01
6.662654524581153037e-01 4.535936015495972384e+01
6.849696716357442927e-01 4.266329464699374796e+01
7.041989785449285222e-01 4.012421244770388284e+01
7.239681140910878554e-01 3.773067269380409527e+01
7.442922330043759693e-01 3.547104633120608241e+01
7.651869154570819509e-01 3.334067327115883472e+01
7.866681790071589075e-01 3.133279852883734051e+01
8.087524908770455934e-01 2.943994913301943583e+01
8.314567805772061782e-01 2.765624861670767487e+01
8.547984528840417706e-01 2.597614236984902547e+01
8.787954011821322853e-01 2.439352319037966055e+01
9.034660211810530139e-01 2.290338510162114005e+01
9.288292250172494047e-01 2.150071030849800380e+01
9.549044557518088228e-01 2.018055910598374325e+01
9.817117022752195332e-01 1.893831305708211232e+01
1.009271514630570854e+00 1.776960290873960702e+01
1.037605019766912440e+00 1.667021729575786537e+01
1.066733937734857918e+00 1.563623333175594432e+01
1.096680598336868151e+00 1.466399379609210918e+01
1.127467958244945612e+00 1.375004668654582396e+01
1.159119618598886126e+00 1.289108935302408376e+01
1.191659843098559213e+00 1.208397899537406595e+01
1.225113576604118126e+00 1.132572797763838857e+01
1.259506464258359104e+00 1.061344766855259003e+01
1.294864871145904983e+00 9.944443530758857008e+00
1.331215902504307769e+00 9.316217025812560948e+00
1.368587424502517580e+00 8.726413200882003451e+00
1.407008085602686087e+00 8.172824896046632759e+00
1.446507338521646480e+00 7.653307529415386945e+00
1.487115462808953126e+00 7.165747705688541913e+00
1.528863588058731571e+00 6.709248254329972738e+00
1.571783717773163280e+00 6.281830450504881647e+00
1.615908753895917815e+00 5.881641625561107922e+00
1.661272522034291654e+00 5.506947136523360875e+00
1.707909797389428608e+00 5.156122847176990653e+00
1.755856331414468618e+00 4.827648088150079175e+00
1.805148879221108116e+00 4.520099065478898837e+00
1.855825227755520057e+00 4.232142689085762299e+00
1.907924224765265908e+00 3.962530794418422264e+00
1.961485808579430667e+00 3.710094732204362256e+00
2.016551038724745393e+00 3.473740302868941310e+00
2.073162127401231736e+00 3.252443013660312410e+00
2.131362471841438122e+00 3.045243637922832480e+00
2.191196687578147895e+00 2.851244057270365673e+00
2.252710642645982198e+00 2.669603368637128771e+00
2.315951492743154372e+00 2.499534239331837160e+00
2.380967717380357840e+00 2.340299494295930760e+00
2.447809157044444017e+00 2.191208920773124902e+00
2.516527051405392790e+00 2.051616276539941275e+00
2.587174078595922744e+00 1.920916488729200067e+00
2.659804395593756698e+00 1.798543031104619550e+00
2.734473679737583041e+00 1.683965468418138212e+00
2.811239171408464355e+00 1.576687157205841405e+00
2.890159717909508874e+00 1.476243093056444522e+00
2.971295818577336600e+00 1.382197895021190615e+00
3.054709671159970164e+00 1.294143918428455553e+00
3.140465219496751281e+00 1.211699487922950791e+00
3.228628202536729219e+00 1.134507243070515203e+00
3.319266204733191561e+00 1.062232589357424262e+00
3.412448707852890450e+00 9.945622478699738256e-01
3.508247144239789783e+00 9.312028973678388999e-01
3.606734951574031900e+00 8.718799028651899041e-01
3.707987629168172372e+00 8.163361252085249431e-01
3.812082795843888317e+00 7.643308064912557320e-01
3.919100249433401739e+00 7.156385264738162055e-01
4.029122027951350660e+00 6.700482254858242115e-01
4.142232472483896366e+00 6.273622895750130546e-01
4.258518291843413017e+00 5.873956939374499475e-01
4.378068629038172510e+00 5.499752009161893440e-01
4.500975129608047354e+00 5.149386090920377024e-01
4.627332011878690032e+00 4.821340502115666338e-01
4.757236139187885904e+00 4.514193309048649128e-01
4.890787094139594338e+00 4.226613163396670814e-01
5.028087254942479767e+00 3.957353531402677538e-01
5.169241873891597727e+00 3.705247290698291951e-01
5.314359158053243881e+00 3.469201671340405579e-01
5.463550352214879169e+00 3.248193519132936968e-01
5.616929824163807261e+00 3.041264860702285189e-01
5.774615152359817039e+00 2.847518751103065293e-01
5.936727216069127344e+00 2.666115385955298844e-01
6.103390288028621491e+00 2.496268461260886529e-01
6.274732129711575013e+00 2.337241765120765813e-01
6.450884089267698407e+00 2.188345986579335045e-01
6.631981202212673843e+00 2.048935727763893655e-01
6.818162294944477786e+00 1.918406706368028514e-01
7.009570091165615580e+00 1.796193136352942921e-01
7.206351321293055889e+00 1.681765275513212032e-01
7.408656834939563396e+00 1.574627129276746640e-01
7.616641716552886798e+00 1.474314300785935505e-01
7.830465404301192756e+00 1.380391977941022308e-01
8.050291812295983007e+00 1.292453048680422822e-01
8.276289456246344045e+00 1.210116336328556502e-01
8.508631582640587609e+00 1.133024947362197554e-01
8.747496301554422260e+00 1.060844724433637476e-01
8.993066723187620681e+00 9.932627979451920386e-02
9.245531098233566780e+00 9.299862298967653818e-02
9.505082962189515428e+00 8.707407441281443672e-02
9.771921283717999174e+00 8.152695374521820582e-02
1.004625061717340628e+01 7.633321665256521948e-02
1.032828125941029640e+01 7.147035056328492064e-02
1.061822941099384643e+01 6.691727708643840922e-02
1.091631734193614811e+01 6.265426064614171286e-02
1.122277356208507015e+01 5.866282293650324636e-02
1.153783299629661485e+01 5.492566282627501378e-02
1.186173716452478821e+01 5.142658136603944080e-02
1.219473436696737778e+01 4.815041157287085205e-02
1.253707987440921379e+01 4.508295268811894629e-02
1.288903612390893194e+01 4.221090862335052929e-02
1.325087291997952832e+01 3.952183032763976339e-02
1.362286764141645712e+01 3.700406182639436742e-02
1.400530545393221082e+01 3.464668969781974778e-02
1.439847952876007753e+01 3.243949576802376139e-02
1.480269126739508501e+01 3.037291281971597756e-02
1.521825053264387861e+01 2.843798312251841903e-02
1.564547588616096618e+01 2.662631960513443460e-02
1.608469483265355748e+01 2.493006950107443803e-02
1.653624407094179460e+01 2.334188031035858146e-02
1.700046975206718614e+01 2.185486792965514805e-02
1.747772774464680978e+01 2.046258681271300589e-02
1.796838390767719673e+01 1.915900203174659283e-02
1.847281437099635681e+01 1.793846311867168877e-02
1.899140582361934904e+01 1.679567957280546017e-02
1.952455581016860364e+01 1.572569792886711199e-02
2.007267303562567662e+01 1.472388028587926986e-02
2.063617767863859598e+01 1.378588420390204107e-02
2.121550171362450854e+01 1.290764388146113835e-02
2.181108924191518383e+01 1.208535253208231977e-02
2.242339683219847757e+01 1.131544588354223280e-02
2.305289387051708516e+01 1.059458672831213762e-02
2.370006292009328064e+01 9.919650458227454587e-03
2.436540009125468131e+01 9.287711520682277386e-03
2.504941542174504221e+01 8.696030737642381631e-03
2.575263326771200667e+01 8.142043432510268769e-03
2.647559270567065681e+01 7.623348313377344317e-03
2.721884794575180422e+01 7.137697064477053176e-03
2.798296875655116978e+01 6.682984600722461678e-03
2.876854090190592217e+01 6.257239943086006367e-03
2.957616658993256564e+01 5.858617675270169634e-03
3.040646493467068723e+01 5.485389944637489995e-03
3.126007243068703190e+01 5.135938972727474572e-03
3.213764344100275139e+01 4.808750042896751779e-03
3.303985069871860247e+01 4.502404934687008996e-03
3.396738582272208617e+01 4.215575776461538346e-03
3.492095984787270169e+01 3.947019289664288610e-03
3.590130377007073292e+01 3.695571399752804135e-03
3.690916910662779316e+01 3.460142190445821258e-03
3.794532847236938977e+01 3.239711179414379773e-03
3.901057617190990356e+01 3.033322894938658958e-03
4.010572880855499989e+01 2.840082734357281431e-03
4.123162591029752377e+01 2.659153086357279872e-03
4.238913057338778145e+01 2.489749700296549784e-03
4.357913012397032304e+01 2.331138286821403827e-03
4.480253679829492341e+01 2.182631335044391083e-03
4.606028844202401018e+01 2.043585132486238232e-03
4.735334922917113687e+01 1.913396974864680017e-03
4.868271040122284887e+01 1.791502553635828526e-03
5.004939102700954123e+01 1.677373509964223209e-03
5.145443878390924652e+01 1.570515144519093282e-03
5.289893076098154978e+01 1.470464273169806105e-03
5.438397428464800498e+01 1.376787219285881530e-03
5.591070776755292115e+01 1.289077933939069978e-03
5.748030158125349942e+01 1.206956235859402453e-03
5.909395895340973937e+01 1.130066163516186802e-03
6.075291689016074059e+01 1.058074432180949225e-03
6.245844712439613744e+01 9.906689892843630833e-04
6.421185709064765490e+01 9.275576618052710359e-04
6.601449092734890201e+01 8.684668898288303322e-04
6.786773050723294887e+01 8.131405407843030368e-04
6.977299649665530978e+01 7.613387992227392802e-04
7.173174944465618807e+01 7.128371273222243974e-04
7.374549090259552031e+01 6.674252916149348101e-04
7.581576457522108115e+01 6.249064517172949135e-04
7.794415750404954224e+01 5.850963071132762264e-04
8.013230128396889995e+01 5.478222982925216519e-04
8.238187331399603863e+01 5.129228587805778660e-04
8.469459808314594795e+01 4.802467148191146896e-04
8.707224849239922548e+01 4.496522296605535789e-04
8.951664721378301692e+01 4.210067896349090825e-04
9.202966808760409378e+01 3.941862293277132692e-04
9.461323755890775544e+01 3.690742933774209867e-04
9.726933615426175095e+01 3.455621325594236118e-04
9.999999999999995737e+01 3.235478319724178630e-04
