1.000000000000000048e-04 6.449193550071699121e+01
1.028073223830865281e-04 6.624056209538267126e+01
1.056934553557988362e-04 6.803655732618450713e+01
1.086606113854597351e-04 6.988119812362242556e+01
1.117110650504824041e-04 7.177579780866912529e+01
1.148471547840289439e-04 7.372170602373711290e+01
1.180712846666190141e-04 7.572030828640289712e+01
1.213859262690628250e-04 7.777302310444713385e+01
1.247936205471311189e-04 7.988130732583216798e+01
1.282969797894147957e-04 8.204666112608921935e+01
1.318986896198670199e-04 8.427062696266705188e+01
1.356015110565633925e-04 8.655479014515692882e+01
1.394082826282578376e-04 8.890076806364133688e+01
1.433219225503574155e-04 9.131021309308059131e+01
1.473454309619835539e-04 9.378483469946847606e+01
1.514818922258346051e-04 9.632639315409932124e+01
1.557344772926134557e-04 9.893668590813874175e+01
1.601064461318317826e-04 1.016175573139195905e+02
1.646011502308550778e-04 1.043709063140077689e+02
1.692220351641037391e-04 1.071986817654646416e+02
1.739726432343801689e-04 1.101028817068708605e+02
1.788566161883461665e-04 1.130855529211079329e+02
1.838776980082327715e-04 1.161487927205107979e+02
1.890397377819221208e-04 1.192947550700508401e+02
1.943466926536020897e-04 1.225256522084475819e+02
1.998026308572550618e-04 1.258437582642490895e+02
2.054117348353064979e-04 1.292514043223179101e+02
2.111783044448243749e-04 1.327509718365128037e+02
2.171067602537265953e-04 1.363449112516065327e+02
2.232016469295233991e-04 1.400357501298062175e+02
2.294676367231936914e-04 1.438260694132235642e+02
2.359095330508635614e-04 1.477185043581980324e+02
2.425322741760353111e-04 1.517157611649011244e+02
2.493409369951879494e-04 1.558206184879090017e+02
2.563407409296515377e-04 1.600359305297143351e+02
2.635370519267394326e-04 1.643646218101284830e+02
2.709353865732051759e-04 1.688096795887368842e+02
2.785414163241767813e-04 1.733741682140631895e+02
2.863609718508116210e-04 1.780612349543001187e+02
2.944000475100034728e-04 1.828741057736025937e+02
3.026648059395691654e-04 1.878160852789704336e+02
3.111615827824361444e-04 1.928905474412270564e+02
3.198968915434537695e-04 1.981009460489569278e+02
3.288774285825511105e-04 2.034508376695793572e+02
3.381100782480684795e-04 2.089438645420745502e+02
3.476019181541978613e-04 2.145837352212548694e+02
3.573602246065787046e-04 2.203742429510724889e+02
3.673924781802075296e-04 2.263192708799325885e+02
3.777063694539367416e-04 2.324228072028936083e+02
3.883098049059605528e-04 2.386889464496423443e+02
3.992109129748052884e-04 2.451218695373652849e+02
4.104180502904709654e-04 2.517258393660490583e+02
4.219398080805026588e-04 2.585051642488343759e+02
4.337850187558990231e-04 2.654642629929736017e+02
4.459627626819093779e-04 2.726077407740501144e+02
4.584823751389095932e-04 2.799402739354416099e+02
4.713534534786909978e-04 2.874665606620524159e+02
4.845858644816496185e-04 2.951914278357524495e+02
4.981897519205162042e-04 3.031198382633095889e+02
5.121755443364240474e-04 3.112568300244425927e+02
5.265539630332758715e-04 3.196075307129930820e+02
5.413360302965379654e-04 3.281771830443493627e+02
5.565330778427647921e-04 3.369711369621077779e+02
5.721567555063251324e-04 3.459948369668887267e+02
5.882190401699957617e-04 3.552538136538969411e+02
6.047322449462647380e-04 3.647536727067361539e+02
6.217090286163829381e-04 3.745001705131192011e+02
6.391624053344003523e-04 3.844992094120389083e+02
6.571057546036271476e-04 3.947566847067715798e+02
6.755528315331644270e-04 4.052785446218031211e+02
6.945177773823697038e-04 4.160709434297668281e+02
7.140151304013400355e-04 4.271401550292365528e+02
7.340598369757211656e-04 4.384924856889300031e+02
7.546672630843890076e-04 4.501343154463357337e+02
7.758532060787837713e-04 4.620720976117285659e+02
7.976339067929278130e-04 4.743123835294661603e+02
8.200260619934130737e-04 4.868618233828956932e+02
8.430468371788971344e-04 4.997271516974138308e+02
8.667138797389231696e-04 5.129151794056641620e+02
8.910453324821514341e-04 5.264327483368663252e+02
9.160598475443706154e-04 5.402867754417679862e+02
9.417766006869523988e-04 5.544842916883322914e+02
9.682153059967085751e-04 5.690323964955146039e+02
9.953962309984236857e-04 5.839382293302289781e+02
1.023340212191642049e-03 5.992089150715726191e+02
1.052068671023622922e-03 6.148515692427358772e+02
1.081603630310709867e-03 6.308735105586002874e+02
1.111967731120699519e-03 6.472821615650390186e+02
1.143184250129150028e-03 6.640847183792468513e+02
1.175277117462945366e-03 6.812883931091088243e+02
1.208270935044776636e-03 6.989006811460401423e+02
1.242190995452617476e-03 7.169289949089630909e+02
1.277063301308643990e-03 7.353804808360084735e+02
1.312914585212465604e-03 7.542626475014149037e+02
1.349772330233942573e-03 7.735832880660248065e+02
1.387664790981308705e-03 7.933486137986278663e+02
1.426621015260737648e-03 8.135648782634809777e+02
1.466670866343968349e-03 8.342448419637695451e+02
1.507845045861051347e-03 8.553996858836195543e+02
1.550175117335769997e-03 8.770271588744387827e+02
1.593693530381775150e-03 8.991283338556422677e+02
1.638433645577984637e-03 9.217159739468938824e+02
1.684429760042315850e-03 9.447997845409810225e+02
1.731717133723354026e-03 9.683846996268567864e+02
1.780332016430114135e-03 9.924769795110222503e+02
1.830311675620612021e-03 1.017083426558080532e+03
1.881694424970556086e-03 1.042208069261613218e+03
1.934519653744045872e-03 1.067855114261836206e+03
1.988827856988810081e-03 1.094033215869165815e+03
2.044660666579116784e-03 1.120749641428663153e+03
2.102060883130158625e-03 1.148007232338821950e+03
2.161072508808377368e-03 1.175809291053722063e+03
2.221740781062885202e-03 1.204160228426129834e+03
2.284112207303824749e-03 1.233064432515122235e+03
2.348234600554276272e-03 1.262525819202242246e+03
2.414157116103019234e-03 1.292546131446210438e+03
2.481930289186255051e-03 1.323126481046278059e+03
2.551606073727184613e-03 1.354269235149937685e+03
2.623237882163122550e-03 1.385976007592242013e+03
2.696880626390694112e-03 1.418246656018526664e+03
2.772590759860483686e-03 1.451080951367709986e+03
2.850426320853435488e-03 1.484478722338376883e+03
2.930446976972143555e-03 1.518438376538902276e+03
3.012714070881164757e-03 1.552957154908582652e+03
3.097290667331408388e-03 1.588031999376286876e+03
3.184241601504654226e-03 1.623659062069174752e+03
3.273633528715246682e-03 1.659832957002064859e+03
3.365534975507094694e-03 1.696547576329034428e+03
3.460016392185110562e-03 1.733796468951927409e+03
3.557150206821386215e-03 1.771571897758667774e+03
3.657010880777490907e-03 1.809864662026815267e+03
3.759674965785466966e-03 1.848664577169173526e+03
3.865221162631264206e-03 1.887960417210180140e+03
3.973730381485608698e-03 1.927739614914725053e+03
4.085285803928562741e-03 1.967988252420306480e+03
4.199972946715305709e-03 2.008690785015837946e+03
4.317879727332022029e-03 2.049830353178339465e+03
4.439096531392168997e-03 2.091388832293875566e+03
4.563716281924761094e-03 2.133346477463526753e+03
4.691834510607797992e-03 2.175681803261614732e+03
4.823549431001468782e-03 2.218371630091650786e+03
4.958962013837215146e-03 2.261391144585389611e+03
5.098176064420424994e-03 2.304713981758937734e+03
5.241298302206058926e-03 2.348312010038868721e+03
5.388438442608223244e-03 2.392154706547165461e+03
5.539709281106404079e-03 2.436209745934098009e+03
5.695226779712823234e-03 2.480443114134255211e+03
5.855110155867242032e-03 2.524818475226855298e+03
6.019481973827276768e-03 2.569297000056454181e+03
6.188468238624385796e-03 2.613837803944099505e+03
6.362198492657489789e-03 2.658397920941655229e+03
6.540805914998253610e-03 2.702931671478265798e+03
6.724427423484249239e-03 2.747390959930067311e+03
6.913203779678128193e-03 2.791725000229717352e+03
7.107279696773417810e-03 2.835880372158675527e+03
7.306803950529504668e-03 2.879800667267761582e+03
7.511929493320966197e-03 2.923429895878401567e+03
7.722813571388646714e-03 2.966711807489738476e+03
7.939617845382279313e-03 3.009570482425966020e+03
8.162508514287231468e-03 3.051926186657856761e+03
8.391656442830155299e-03 3.093770938727253451e+03
8.627237292461452031e-03 3.135090936764881917e+03
8.869431656014713575e-03 3.175739884064127637e+03
9.118425196146570655e-03 3.215585576794112512e+03
9.374408787662998066e-03 3.254590290851736881e+03
9.637578663841087079e-03 3.292678605944319315e+03
9.908136566858672528e-03 3.329723394116493637e+03
1.018628990244687879e-02 3.365712460586433281e+03
1.047225189888434729e-02 3.400646427600352581e+03
1.076624177045493527e-02 3.434028898123219733e+03
1.106848488549412070e-02 3.465421817811916299e+03
1.137921293915315074e-02 3.495392126990913766e+03
1.169866413101306943e-02 3.524323774279114332e+03
1.202708334768511945e-02 3.551720270774151231e+03
1.236472235053715993e-02 3.577182949447500505e+03
1.271183996869028332e-02 3.600597315731609797e+03
1.306870229743346996e-02 3.622199639086015395e+03
1.343558290220825575e-02 3.642326433880659351e+03
1.381276302832009847e-02 3.660322448463948149e+03
1.420053181653682141e-02 3.675410595594244569e+03
1.459918652473978819e-02 3.687938935330302229e+03
1.500903275579736421e-02 3.698094246805441344e+03
1.543038469183564444e-02 3.705183395041262884e+03
1.586356533508591002e-02 3.709106041362163069e+03
1.630890675549331870e-02 3.710567128450489236e+03
1.676675034527700184e-02 3.709463338577616469e+03
1.723744708063620554e-02 3.705184280484853389e+03
1.772135779080359283e-02 3.697923891812314196e+03
1.821885343465167589e-02 3.687980294047184088e+03
1.873031538506437013e-02 3.674743878584231425e+03
1.925613572129198509e-02 3.657760046163509742e+03
1.979671752951332395e-02 3.637332302012663149e+03
2.035247521183577296e-02 3.613626869883800282e+03
2.092383480396978190e-02 3.586530076261891281e+03
2.151123430182166549e-02 3.556009672369308191e+03
2.211512399725490061e-02 3.522106594680183207e+03
2.273596682327716154e-02 3.484857214921878949e+03
2.337423870891815886e-02 3.444307614242842192e+03
2.403042894406967958e-02 3.400533310394950149e+03
2.470504055456825693e-02 3.353631672071194316e+03
2.539859068780726467e-02 3.303721935038426182e+03
2.611161100917459149e-02 3.250948455415491935e+03
2.684464810961964890e-02 3.195479124906256857e+03
2.759826392466179640e-02 3.137507306601742130e+03
2.837303616516213128e-02 3.077251413226049408e+03
2.916955876018797328e-02 3.014952998891335028e+03
2.998844231231028931e-02 2.950876790916405753e+03
3.083031456568277942e-02 2.885311138608086367e+03
3.169582088726115993e-02 2.818561820975702631e+03
3.258562476153226140e-02 2.750951904288947389e+03
3.350040829913133317e-02 2.682820438676636513e+03
3.444087275973822804e-02 2.614516163016879091e+03
3.540773908965272332e-02 2.546394150299870944e+03
3.640174847446139839e-02 2.478810904269967523e+03
3.742366290721982347e-02 2.412120171254544857e+03
3.847426577258503816e-02 2.346666625104332525e+03
3.955436244734702317e-02 2.282779368128883107e+03
4.066478091781854792e-02 2.220768173161477080e+03
4.180637241455758407e-02 2.160913348243494511e+03
4.298001206490798670e-02 2.103461284019529558e+03
4.418659956385941057e-02 2.048619229410057869e+03
4.542705986374045990e-02 1.996544466500435874e+03
4.670234388327333674e-02 1.947342221704295525e+03
4.801342923653453137e-02 1.901058944480740593e+03
4.936132098237919208e-02 1.857670587549203901e+03
5.074705239490467923e-02 1.817087889288620318e+03
5.217168575554350513e-02 1.779143536054487186e+03
5.363631316739241039e-02 1.743592939304993934e+03
5.514205739240302800e-02 1.710114622405362070e+03
5.669007271207433807e-02 1.678318298141349715e+03
5.828154581230844677e-02 1.647686089111441333e+03
5.991769669310622465e-02 1.618169884201293144e+03
6.159977960380166873e-02 1.588283094532760742e+03
6.332908400455118658e-02 1.557894860291815803e+03
6.510693555481457395e-02 1.526351760031787308e+03
6.693469712958663442e-02 1.493061948613239792e+03
6.881376986415664587e-02 1.457496245880451170e+03
7.074559422819878818e-02 1.419223214350885655e+03
7.273165113001461846e-02 1.377951327906901042e+03
7.477346305177587360e-02 1.333545422340405821e+03
7.687259521663733497e-02 1.285962289090468403e+03
7.903065678861345700e-02 1.235647076908324379e+03
8.124930210614052239e-02 1.183123738310477620e+03
8.353023195026774983e-02 1.129125329313820657e+03
8.587519484845174134e-02 1.074550009144722935e+03
8.828598841495152727e-02 1.020414776347312340e+03
9.076446072885357985e-02 9.677838858400463096e+02
9.331251175078249249e-02 9.176913786029623452e+02
9.593209477938241525e-02 8.710700056109674279e+02
9.862521794868782388e-02 8.286729957562187110e+02
1.013939457675292477e-01 7.910108500566897192e+02
1.042404007021556500e-01 7.583074900108811107e+02
1.071667648032863795e-01 7.304657680513000741e+02
1.101752813788386687e-01 7.070537909067948021e+02
1.132682567136154145e-01 6.873114703105351282e+02
1.164480618372685794e-01 6.701951807027636505e+02
1.197171343418966943e-01 6.544465979264859925e+02
1.230779802506665743e-01 6.387032459523524039e+02
1.265331759388942934e-01 6.216538275578259345e+02
1.300853701090571579e-01 6.022156844497088741e+02
1.337372858212496074e-01 5.797214445798127826e+02
1.374917225806419896e-01 5.540516798708998749e+02
1.413515584835395023e-01 5.256805058833865587e+02
1.453197524236895799e-01 4.956285466531470547e+02
1.493993463605258198e-01 4.652973701401364792e+02
1.535934676510897212e-01 4.362261866149343632e+02
1.579053314474175851e-01 4.097958172104176242e+02
1.623382431612278298e-01 3.869854652060117246e+02
1.668956009978024568e-01 3.682288037933888063e+02
1.715808985610006165e-01 3.533183687311908443e+02
1.763977275314044801e-01 3.414216897290546058e+02
1.813497804196496366e-01 3.312519194384514662e+02
1.864408533970486059e-01 3.213199838843951852e+02
1.916748492056815356e-01 3.102538792334945583e+02
1.970557801501798822e-01 2.971819163975004017e+02
2.025877711735017406e-01 2.819941966679123766e+02
2.082750630190516594e-01 2.653489670052738347e+02
2.141220154815729193e-01 2.484694584009491223e+02
2.201331107493031680e-01 2.327135106846846782e+02
2.263129568399529223e-01 2.191109194035706196e+02
2.326662911331459360e-01 2.080671779373194852e+02
2.391979840020238557e-01 1.992398717045572027e+02
2.459130425468044889e-01 1.917004167476847840e+02
2.528166144331501219e-01 1.842947044137882529e+02
2.599139918382933900e-01 1.761025087263103615e+02
2.672106155079435608e-01 1.668307706020592036e+02
2.747120789270811603e-01 1.568944181712753050e+02
2.824241326078435477e-01 1.471628534319806931e+02
2.903526884977813416e-01 1.384607300603815361e+02
2.985038245118734057e-01 1.311604842685193830e+02
3.068837891917643446e-01 1.250201954431753535e+02
3.154990064958086982e-01 1.193879791253310430e+02
3.243560807235809640e-01 1.136086671968847810e+02
3.334618015786366407e-01 1.074255131210395859e+02
3.428231493733970847e-01 1.010855474293791332e+02
3.524473003801584237e-01 9.508969159778163771e+01
3.623416323323152555e-01 8.979273252091229551e+01
3.725137300800212548e-01 8.515806526741738480e+01
3.829713914046279921e-01 8.084757670950479280e+01
3.937226329963477989e-01 7.653519543615925613e+01
4.047756965997323930e-01 7.216727657747568969e+01
4.161390553316708374e-01 6.794695725772152173e+01
4.278214201767614466e-01 6.408525265310329644e+01
4.398317466650228380e-01 6.059050977581460984e+01
4.521792417370701922e-01 5.729899130830384735e+01
4.648733708020256206e-01 5.407507897543862185e+01
4.779238649935594330e-01 5.094016423480164235e+01
4.913407286296365140e-01 4.799705193669451830e+01
5.051342468816764075e-01 4.527934054473153935e+01
5.193149936590210070e-01 4.272222554993108190e+01
5.338938397147356962e-01 4.026372735752789112e+01
5.488819609789672427e-01 3.791476675137479191e+01
5.642908471262538805e-01 3.571133408399216336e+01
5.801323103833373462e-01 3.364697661870665968e+01
5.964184945842465613e-01 3.168822672788202865e+01
6.131618844795774237e-01 2.982535684769655049e+01
6.303753153071274262e-01 2.806953937010585776e+01
6.480719826311974741e-01 2.641835139737046134e+01
6.662654524581153037e-01 2.485750402646148771e+01
6.849696716357442927e-01 2.338004092240155174e+01
7.041989785449285222e-01 2.198858836764649638e+01
7.239681140910878554e-01 2.067689319581416996e+01
7.442922330043759693e-01 1.943858888690981601e+01
7.651869154570819509e-01 1.827112146893771794e+01
7.866681790071589075e-01 1.717078003638528827e+01
8.087524908770455934e-01 1.613347491501081521e+01
8.314567805772061782e-01 1.515598512662618624e+01
8.547984528840417706e-01 1.423526394958208385e+01
8.787954011821322853e-01 1.336796837086347267e+01
9.034660211810530139e-01 1.255135269725970737e+01
9.288292250172494047e-01 1.178266920672833429e+01
9.549044557518088228e-01 1.105921015073721136e+01
9.817117022752195332e-01 1.037844397905227467e+01
1.009271514630570854e+00 9.737976575687278924e+00
1.037605019766912440e+00 9.135498862416358890e+00
1.066733937734857918e+00 8.568860323651819044e+00
1.096680598336868151e+00 8.036061469235766808e+00
1.127467958244945612e+00 7.535207365882081731e+00
1.159119618598886126e+00 7.064487680807499004e+00
1.191659843098559213e+00 6.622181645114427084e+00
1.225113576604118126e+00 6.206649925759954556e+00
1.259506464258359104e+00 5.816311156765850754e+00
1.294864871145904983e+00 5.449686370967548044e+00
1.331215902504307769e+00 5.105410259416557572e+00
1.368587424502517580e+00 4.782191328607649616e+00
1.407008085602686087e+00 4.478816956994587706e+00
1.446507338521646480e+00 4.194114847776847732e+00
1.487115462808953126e+00 3.926925466501398176e+00
1.528863588058731571e+00 3.676757594664156858e+00
1.571783717773163280e+00 3.442526863634258305e+00
1.615908753895917815e+00 3.223217985336348512e+00
1.661272522034291654e+00 3.017880351419524931e+00
1.707909797389428608e+00 2.825623912784676062e+00
1.755856331414468618e+00 2.645615321609773751e+00
1.805148879221108116e+00 2.477074319150469162e+00
1.855825227755520057e+00 2.319270353658694717e+00
1.907924224765265908e+00 2.171519413759413819e+00
1.961485808579430667e+00 2.033181063559597490e+00
2.016551038724745393e+00 1.903655666637907862e+00
2.073162127401231736e+00 1.782381786882303309e+00
2.131362471841438122e+00 1.668833754909324618e+00
2.191196687578147895e+00 1.562519389516550339e+00
2.252710642645982198e+00 1.462977864291719055e+00
2.315951492743154372e+00 1.369777710131186321e+00
2.380967717380357840e+00 1.282514945009518126e+00
2.447809157044444017e+00 1.200811322893578614e+00
2.516527051405392790e+00 1.124312694210924501e+00
2.587174078595922744e+00 1.052687470765843125e+00
2.659804395593756698e+00 9.856251884491267212e-01
2.734473679737583041e+00 9.228351615115449880e-01
2.811239171408464355e+00 8.640452225678850739e-01
2.890159717909508874e+00 8.090005428700237644e-01
2.971295818577336600e+00 7.574625277354309905e-01
3.054709671159970164e+00 7.092077823432666461e-01
3.140465219496751281e+00 6.640271434152521524e-01
3.228628202536729219e+00 6.217247725840696626e-01
3.319266204733191561e+00 5.821173075194421287e-01
3.412448707852890450e+00 5.450330671323927456e-01
3.508247144239789783e+00 5.103113074125901205e-01
3.606734951574031900e+00 4.778015246731618926e-01
3.707987629168172372e+00 4.473628031828436047e-01
3.812082795843888317e+00 4.188632043577343311e-01
3.919100249433401739e+00 3.921791948650717452e-01
4.029122027951350660e+00 3.671951111601045592e-01
4.142232472483896366e+00 3.438026581350656641e-01
4.258518291843413017e+00 3.219004397071046908e-01
4.378068629038172510e+00 3.013935193104860799e-01
4.500975129608047354e+00 2.821930083879765072e-01
4.627332011878690032e+00 2.642156810977123182e-01
4.757236139187885904e+00 2.473836135654678692e-01
4.890787094139594338e+00 2.316238461186421183e-01
5.028087254942479767e+00 2.168680670378942132e-01
5.169241873891597727e+00 2.030523164556296556e-01
5.314359158053243881e+00 1.901167091178658231e-01
5.463550352214879169e+00 1.780051748077710883e-01
5.616929824163807261e+00 1.666652153057257557e-01
5.774615152359817039e+00 1.560476768324336738e-01
5.936727216069127344e+00 1.461065369887238896e-01
6.103390288028621491e+00 1.367987052685199767e-01
6.274732129711575013e+00 1.280838362802869113e-01
6.450884089267698407e+00 1.199241548673527641e-01
6.631981202212673843e+00 1.122842923690776928e-01
6.818162294944477786e+00 1.051311333131333681e-01
7.009570091165615580e+00 9.843367187437179755e-02
7.206351321293055889e+00 9.216287747809415176e-02
7.408656834939563396e+00 8.629156896516923525e-02
7.616641716552886798e+00 8.079429677356185502e-02
7.830465404301192756e+00 7.564723262557941641e-02
8.050291812295983007e+00 7.082806624267928841e-02
8.276289456246344045e+00 6.631590864014029474e-02
8.508631582640587609e+00 6.209120158242335125e-02
8.747496301554422260e+00 5.813563280674933359e-02
8.993066723187620681e+00 5.443205664742559874e-02
9.245531098233566780e+00 5.096441971686206662e-02
9.505082962189515428e+00 4.771769132113665851e-02
9.771921283717999174e+00 4.467779830849168826e-02
1.004625061717340628e+01 4.183156406835808472e-02
1.032828125941029640e+01 3.916665141649462722e-02
1.061822941099384643e+01 3.667150911867428364e-02
1.091631734193614811e+01 3.433532182112107589e-02
1.122277356208507015e+01 3.214796317066790504e-02
1.153783299629661485e+01 3.009995192143144482e-02
1.186173716452478821e+01 2.818241083774580824e-02
1.219473436696737778e+01 2.638702821521719116e-02
1.253707987440921379e+01 2.470602185310986215e-02
1.288903612390893194e+01 2.313210532189965973e-02
1.325087291997952832e+01 2.165845637977948171e-02
1.362286764141645712e+01 2.027868740121609864e-02
1.400530545393221082e+01 1.898681768937900138e-02
1.439847952876007753e+01 1.777724755242770030e-02
1.480269126739508501e+01 1.664473403128953130e-02
1.521825053264387861e+01 1.558436817371841067e-02
1.564547588616096618e+01 1.459155375612758432e-02
1.608469483265355748e+01 1.366198736096466658e-02
1.653624407094179460e+01 1.279163972327323345e-02
1.700046975206718614e+01 1.197673826558628626e-02
1.747772774464680978e+01 1.121375074544810058e-02
1.796838390767719673e+01 1.049936994468353597e-02
1.847281437099635681e+01 9.830499334049436905e-03
1.899140582361934904e+01 9.204239651130728672e-03
1.952455581016860364e+01 8.617876333302141104e-03
2.007267303562567662e+01 8.068867751283015366e-03
2.063617767863859598e+01 7.554834192282714779e-03
2.121550171362450854e+01 7.073547544983440662e-03
2.181108924191518383e+01 6.622921641649295692e-03
2.242339683219847757e+01 6.201003215498890504e-03
2.305289387051708516e+01 5.805963434145631694e-03
2.370006292009328064e+01 5.436089972406849338e-03
2.436540009125468131e+01 5.089779590120833280e-03
2.504941542174504221e+01 4.765531182799882803e-03
2.575263326771200667e+01 4.461939274996955598e-03
2.647559270567065681e+01 4.177687928182502453e-03
2.721884794575180422e+01 3.911545036724804400e-03
2.798296875655116978e+01 3.662356987249350704e-03
2.876854090190592217e+01 3.429043658227933205e-03
2.957616658993256564e+01 3.210593738122843530e-03
3.040646493467068723e+01 3.006060341792367915e-03
3.126007243068703190e+01 2.814556906156620401e-03
3.213764344100275139e+01 2.635253347333201858e-03
3.303985069871860247e+01 2.467372462585556460e-03
3.396738582272208617e+01 2.310186561488030647e-03
3.492095984787270169e+01 2.163014311705212418e-03
3.590130377007073292e+01 2.025217785713369096e-03
3.690916910662779316e+01 1.896199695662826928e-03
3.794532847236938977e+01 1.775400804395602973e-03
3.901057617190990356e+01 1.662297501396201114e-03
4.010572880855499989e+01 1.556399533168363169e-03
4.123162591029752377e+01 1.457247878199954003e-03
4.238913057338778145e+01 1.364412757304875887e-03
4.357913012397032304e+01 1.277491770717715950e-03
4.480253679829492341e+01 1.196108153866243294e-03
4.606028844202401018e+01 1.119909144261286389e-03
4.735334922917113687e+01 1.048564452425176843e-03
4.868271040122284887e+01 9.817648302308970391e-04
5.004939102700954123e+01 9.192207304463060865e-04
5.145443878390924652e+01 8.606610516731552077e-04
5.289893076098154978e+01 8.058319632407482487e-04
5.438397428464800498e+01 7.544958049606755816e-04
5.591070776755292115e+01 7.064300569735354517e-04
5.748030158125349942e+01 6.614263752223813837e-04
5.909395895340973937e+01 6.192896883720898794e-04
6.075291689016074059e+01 5.798373522601894814e-04
6.245844712439613744e+01 5.428983582140643055e-04
6.421185709064765490e+01 5.083125918029317682e-04
6.601449092734890201e+01 4.759301388116083721e-04
6.786773050723294887e+01 4.456106354277616075e-04
6.977299649665530978e+01 4.172226598259933471e-04
7.173174944465618807e+01 3.906431625115374642e-04
7.374549090259552031e+01 3.657569329543596676e-04
7.581576457522108115e+01 3.424561002017510194e-04
7.794415750404954224e+01 3.206396653047880992e-04
8.013230128396889995e+01 3.002130635319337493e-04
8.238187331399603863e+01 2.810877544721633071e-04
8.469459808314594795e+01 2.631808382508937848e-04
8.707224849239922548e+01 2.464146961951787390e-04
8.951664721378301692e+01 2.307166543906090069e-04
9.202966808760409378e+01 2.160186686715855270e-04
9.461323755890775544e+01 2.022570296795342599e-04
9.726933615426175095e+01 1.893720867106191423e-04
9.999999999999995737e+01 1.773079891559536264e-04
