1.000000000000000048e-04 6.086283070532586237e+01
1.028073223830865281e-04 6.251305889633373170e+01
1.056934553557988362e-04 6.420799599493936682e+01
1.086606113854597351e-04 6.594884395582526793e+01
1.117110650504824041e-04 6.773683004324507806e+01
1.148471547840289439e-04 6.957323455463522066e+01
1.180712846666190141e-04 7.145937817872393794e+01
1.213859262690628250e-04 7.339659390252289484e+01
1.247936205471311189e-04 7.538624914362243601e+01
1.282969797894147957e-04 7.742976312013087181e+01
1.318986896198670199e-04 7.952859328915488391e+01
1.356015110565633925e-04 8.168423230011499925e+01
1.394082826282578376e-04 8.389820679556328287e+01
1.433219225503574155e-04 8.617207981015117468e+01
1.473454309619835539e-04 8.850746339114019179e+01
1.514818922258346051e-04 9.090601583462554913e+01
1.557344772926134557e-04 9.336943579851570973e+01
1.601064461318317826e-04 9.589946697565802936e+01
1.646011502308550778e-04 9.849790199074882935e+01
1.692220351641037391e-04 1.011665779348332990e+02
1.739726432343801689e-04 1.039073750592409624e+02
1.788566161883461665e-04 1.067222246346973265e+02
1.838776980082327715e-04 1.096131102222182392e+02
1.890397377819221208e-04 1.125820642355067775e+02
1.943466926536020897e-04 1.156311733442116889e+02
1.998026308572550618e-04 1.187625922218538790e+02
2.054117348353064979e-04 1.219785276346751175e+02
2.111783044448243749e-04 1.252812202799378269e+02
2.171067602537265953e-04 1.286729777350889492e+02
2.232016469295233991e-04 1.321561868191196822e+02
2.294676367231936914e-04 1.357332771261504831e+02
2.359095330508635614e-04 1.394067238667425670e+02
2.425322741760353111e-04 1.431790913911302425e+02
2.493409369951879494e-04 1.470530209571348053e+02
2.563407409296515377e-04 1.510312015348042394e+02
2.635370519267394326e-04 1.551163852034707133e+02
2.709353865732051759e-04 1.593113960367808204e+02
2.785414163241767813e-04 1.636191298047698410e+02
2.863609718508116210e-04 1.680425547622666613e+02
2.944000475100034728e-04 1.725847095799442457e+02
3.026648059395691654e-04 1.772487059693505387e+02
3.111615827824361444e-04 1.820377418521512425e+02
3.198968915434537695e-04 1.869550961256289554e+02
3.288774285825511105e-04 1.920041090725391086e+02
3.381100782480684795e-04 1.971881987871543913e+02
3.476019181541978613e-04 2.025108727175452827e+02
3.573602246065787046e-04 2.079757248935366079e+02
3.673924781802075296e-04 2.135864360960474357e+02
3.777063694539367416e-04 2.193467664994506947e+02
3.883098049059605528e-04 2.252605570688226635e+02
3.992109129748052884e-04 2.313317386867643393e+02
4.104180502904709654e-04 2.375643339852452414e+02
4.219398080805026588e-04 2.439624562942958050e+02
4.337850187558990231e-04 2.505303115856858938e+02
4.459627626819093779e-04 2.572721965734717742e+02
4.584823751389095932e-04 2.641924937934213631e+02
4.713534534786909978e-04 2.712956662350928241e+02
4.845858644816496185e-04 2.785862836879444444e+02
4.981897519205162042e-04 2.860690239506544117e+02
5.121755443364240474e-04 2.937486433040242559e+02
5.265539630332758715e-04 3.016299851331792752e+02
5.413360302965379654e-04 3.097179884428134642e+02
5.565330778427647921e-04 3.180176971983776184e+02
5.721567555063251324e-04 3.265342701383693793e+02
5.882190401699957617e-04 3.352729468716480596e+02
6.047322449462647380e-04 3.442390268074859705e+02
6.217090286163829381e-04 3.534379245353413239e+02
6.391624053344003523e-04 3.628751707349878757e+02
6.571057546036271476e-04 3.725563501151886499e+02
6.755528315331644270e-04 3.824871254038453685e+02
6.945177773823697038e-04 3.926732938059323033e+02
7.140151304013400355e-04 4.031207541163232122e+02
7.340598369757211656e-04 4.138354672150057922e+02
7.546672630843890076e-04 4.248234483896043798e+02
7.758532060787837713e-04 4.360907478647740163e+02
7.976339067929278130e-04 4.476435920746885699e+02
8.200260619934130737e-04 4.594883762123822635e+02
8.430468371788971344e-04 4.716313818233089137e+02
8.667138797389231696e-04 4.840788838190381966e+02
8.910453324821514341e-04 4.968374563458376088e+02
9.160598475443706154e-04 5.099137687991459416e+02
9.417766006869523988e-04 5.233143585610785067e+02
9.682153059967085751e-04 5.370458202730122821e+02
9.953962309984236857e-04 5.511148666078242968e+02
1.023340212191642049e-03 5.655282963714294056e+02
1.052068671023622922e-03 5.802929782619075922e+02
1.081603630310709867e-03 5.954157345322378205e+02
1.111967731120699519e-03 6.109033800977803139e+02
1.143184250129150028e-03 6.267628228027457453e+02
1.175277117462945366e-03 6.430010222551682091e+02
1.208270935044776636e-03 6.596249507658552602e+02
1.242190995452617476e-03 6.766415160829070601e+02
1.277063301308643990e-03 6.940574978766477443e+02
1.312914585212465604e-03 7.118800028158747182e+02
1.349772330233942573e-03 7.301163784208694096e+02
1.387664790981308705e-03 7.487725108722464711e+02
1.426621015260737648e-03 7.678543265441737731e+02
1.466670866343968349e-03 7.873737660456523599e+02
1.507845045861051347e-03 8.073412934559166843e+02
1.550175117335769997e-03 8.277549052679981969e+02
1.593693530381775150e-03 8.486157188091975740e+02
1.638433645577984637e-03 8.699357660281810922e+02
1.684429760042315850e-03 8.917241410436281512e+02
1.731717133723354026e-03 9.139854075839683674e+02
1.780332016430114135e-03 9.367255781627484339e+02
1.830311675620612021e-03 9.599512567049231393e+02
1.881694424970556086e-03 9.836660979191896104e+02
1.934519653744045872e-03 1.007873905459660705e+03
1.988827856988810081e-03 1.032583050313648982e+03
2.044660666579116784e-03 1.057800486746503793e+03
2.102060883130158625e-03 1.083528640560294434e+03
2.161072508808377368e-03 1.109770616323657578e+03
2.221740781062885202e-03 1.136530868680268213e+03
2.284112207303824749e-03 1.163813581773776832e+03
2.348234600554276272e-03 1.191622311234973722e+03
2.414157116103019234e-03 1.219958547879503385e+03
2.481930289186255051e-03 1.248823278607394514e+03
2.551606073727184613e-03 1.278219010316143113e+03
2.623237882163122550e-03 1.308147431058253005e+03
2.696880626390694112e-03 1.338608215235303533e+03
2.772590759860483686e-03 1.369601034239316277e+03
2.850426320853435488e-03 1.401125752965715037e+03
2.930446976972143555e-03 1.433180890590812623e+03
3.012714070881164757e-03 1.465763845033501411e+03
3.097290667331408388e-03 1.498871655438445487e+03
3.184241601504654226e-03 1.532500675950558389e+03
3.273633528715246682e-03 1.566646123062567085e+03
3.365534975507094694e-03 1.601302376497701971e+03
3.460016392185110562e-03 1.636463042198196490e+03
3.557150206821386215e-03 1.672120584862755322e+03
3.657010880777490907e-03 1.708266258716169659e+03
3.759674965785466966e-03 1.744890657698603491e+03
3.865221162631264206e-03 1.781983513750951943e+03
3.973730381485608698e-03 1.819532880571232454e+03
4.085285803928562741e-03 1.857525424553259654e+03
4.199972946715305709e-03 1.895946476907690339e+03
4.317879727332022029e-03 1.934780155440095541e+03
4.439096531392168997e-03 1.974009351409751616e+03
4.563716281924761094e-03 2.013615443800095136e+03
4.691834510607797992e-03 2.053578191623225393e+03
4.823549431001468782e-03 2.093875729518186290e+03
4.958962013837215146e-03 2.134484598671322146e+03
5.098176064420424994e-03 2.175379669010964790e+03
5.241298302206058926e-03 2.216534259923848822e+03
5.388438442608223244e-03 2.257920160179463892e+03
5.539709281106404079e-03 2.299507149190933887e+03
5.695226779712823234e-03 2.341262454005710879e+03
5.855110155867242032e-03 2.383151627009394815e+03
6.019481973827276768e-03 2.425138586127315648e+03
6.188468238624385796e-03 2.467184691552702134e+03
6.362198492657489789e-03 2.509248918040130775e+03
6.540805914998253610e-03 2.551288038606727696e+03
6.724427423484249239e-03 2.593256801484824791e+03
6.913203779678128193e-03 2.635107787154907328e+03
7.107279696773417810e-03 2.676790745398379840e+03
7.306803950529504668e-03 2.718251726560441966e+03
7.511929493320966197e-03 2.759437689217341358e+03
7.722813571388646714e-03 2.800296069104476828e+03
7.939617845382279313e-03 2.840755252829089841e+03
8.162508514287231468e-03 2.880739691320091879e+03
8.391656442830155299e-03 2.920241873905704779e+03
8.627237292461452031e-03 2.959248850114157904e+03
8.869431656014713575e-03 2.997622316833653258e+03
9.118425196146570655e-03 3.035237371936200361e+03
9.374408787662998066e-03 3.072058644844787523e+03
9.637578663841087079e-03 3.108015248080474066e+03
9.908136566858672528e-03 3.142987459077358835e+03
1.018628990244687879e-02 3.176963357700452434e+03
1.047225189888434729e-02 3.209942786303187404e+03
1.076624177045493527e-02 3.241457563953828412e+03
1.106848488549412070e-02 3.271094770179149236e+03
1.137921293915315074e-02 3.299389048983490284e+03
1.169866413101306943e-02 3.326702535517242268e+03
1.202708334768511945e-02 3.352567265690137901e+03
1.236472235053715993e-02 3.376606984964737421e+03
1.271183996869028332e-02 3.398712823608161671e+03
1.306870229743346996e-02 3.419107931908605678e+03
1.343558290220825575e-02 3.438110648552053590e+03
1.381276302832009847e-02 3.455102116508284780e+03
1.420053181653682141e-02 3.469348292196510556e+03
1.459918652473978819e-02 3.481178193394567188e+03
1.500903275579736421e-02 3.490768432174179907e+03
1.543038469183564444e-02 3.497464200098550009e+03
1.586356533508591002e-02 3.501170609769380462e+03
1.630890675549331870e-02 3.502553468870211418e+03
1.676675034527700184e-02 3.501515428274515216e+03
1.723744708063620554e-02 3.497480272326849445e+03
1.772135779080359283e-02 3.490630749043594733e+03
1.821885343465167589e-02 3.481247976358295546e+03
1.873031538506437013e-02 3.468756743624924638e+03
1.925613572129198509e-02 3.452728156920461061e+03
1.979671752951332395e-02 3.433448673604755186e+03
2.035247521183577296e-02 3.411075162598428960e+03
2.092383480396978190e-02 3.385500315198293720e+03
2.151123430182166549e-02 3.356693601176619723e+03
2.211512399725490061e-02 3.324693556176052425e+03
2.273596682327716154e-02 3.289534700146743944e+03
2.337423870891815886e-02 3.251260671597993223e+03
2.403042894406967958e-02 3.209942348257654885e+03
2.470504055456825693e-02 3.165671645642034036e+03
2.539859068780726467e-02 3.118561697257326159e+03
2.611161100917459149e-02 3.068748343965236472e+03
2.684464810961964890e-02 3.016389705968200360e+03
2.759826392466179640e-02 2.961668948355318662e+03
2.837303616516213128e-02 2.904792092509685062e+03
2.916955876018797328e-02 2.845986890334772397e+03
2.998844231231028931e-02 2.785503360177689046e+03
3.083031456568277942e-02 2.723613493830233892e+03
3.169582088726115993e-02 2.660606440705971636e+03
3.258562476153226140e-02 2.596787111197286322e+03
3.350040829913133317e-02 2.532475077789841180e+03
3.444087275973822804e-02 2.468000402562034651e+03
3.540773908965272332e-02 2.403696775085342324e+03
3.640174847446139839e-02 2.339901937785211885e+03
3.742366290721982347e-02 2.276949808583583035e+03
3.847426577258503816e-02 2.215165150467498279e+03
3.955436244734702317e-02 2.154859181868825999e+03
4.066478091781854792e-02 2.096323323095677097e+03
4.180637241455758407e-02 2.039823528277237074e+03
4.298001206490798670e-02 1.985591638044906631e+03
4.418659956385941057e-02 1.933823017714950538e+03
4.542705986374045990e-02 1.884667155779211271e+03
4.670234388327333674e-02 1.838223504707108987e+03
4.801342923653453137e-02 1.794533310297389107e+03
4.936132098237919208e-02 1.753577165989227069e+03
5.074705239490467923e-02 1.715269174294858431e+03
5.217168575554350513e-02 1.679451283409405278e+03
5.363631316739241039e-02 1.645893528623266320e+03
5.514205739240302800e-02 1.614291364173094735e+03
5.669007271207433807e-02 1.584277132821453051e+03
5.828154581230844677e-02 1.555361594269931857e+03
5.991769669310622465e-02 1.527499561879251132e+03
6.159977960380166873e-02 1.499287868276623612e+03
6.332908400455118658e-02 1.470602670918150579e+03
6.510693555481457395e-02 1.440827494903389834e+03
6.693469712958663442e-02 1.409402922243682269e+03
6.881376986415664587e-02 1.375830437000308393e+03
7.074559422819878818e-02 1.339702205043293816e+03
7.273165113001461846e-02 1.300742901475686040e+03
7.477346305177587360e-02 1.258825268788104495e+03
7.687259521663733497e-02 1.213908767985814848e+03
7.903065678861345700e-02 1.166412968288670527e+03
8.124930210614052239e-02 1.116832755315937220e+03
8.353023195026774983e-02 1.065859936616031291e+03
8.587519484845174134e-02 1.014342661356039912e+03
8.828598841495152727e-02 9.632407798223676991e+02
9.076446072885357985e-02 9.135590061073751258e+02
9.331251175078249249e-02 8.662729731630624883e+02
9.593209477938241525e-02 8.222639527400579027e+02
9.862521794868782388e-02 7.822427408486250897e+02
1.013939457675292477e-01 7.466907530668985373e+02
1.042404007021556500e-01 7.158198623694963771e+02
1.071667648032863795e-01 6.895381969765492158e+02
1.101752813788386687e-01 6.674380224835109630e+02
1.132682567136154145e-01 6.488019106312980284e+02
1.164480618372685794e-01 6.326446148825608589e+02
1.197171343418966943e-01 6.177785240459735405e+02
1.230779802506665743e-01 6.029172905539794556e+02
1.265331759388942934e-01 5.868232625453111950e+02
1.300853701090571579e-01 5.684741558423900187e+02
1.337372858212496074e-01 5.472403506107013982e+02
1.374917225806419896e-01 5.230088037294020751e+02
1.413515584835395023e-01 4.962273063886614750e+02
1.453197524236895799e-01 4.678590275337888329e+02
1.493993463605258198e-01 4.392273242319642463e+02
1.535934676510897212e-01 4.117849868811581473e+02
1.579053314474175851e-01 3.868354771412492710e+02
1.623382431612278298e-01 3.653032313089001946e+02
1.668956009978024568e-01 3.475974876095609147e+02
1.715808985610006165e-01 3.335225105343736232e+02
1.763977275314044801e-01 3.222923588187363748e+02
1.813497804196496366e-01 3.126924069478248498e+02
1.864408533970486059e-01 3.033169683831171142e+02
1.916748492056815356e-01 2.928708351494683484e+02
1.970557801501798822e-01 2.805313253137076117e+02
2.025877711735017406e-01 2.661945378885239393e+02
2.082750630190516594e-01 2.504819278163677154e+02
2.141220154815729193e-01 2.345481229509645971e+02
2.201331107493031680e-01 2.196749850508897168e+02
2.263129568399529223e-01 2.068345365016410256e+02
2.326662911331459360e-01 1.964095850859245047e+02
2.391979840020238557e-01 1.880767877625202686e+02
2.459130425468044889e-01 1.809598122160476521e+02
2.528166144331501219e-01 1.739689844380510522e+02
2.599139918382933900e-01 1.662358533002411036e+02
2.672106155079435608e-01 1.574835659482672270e+02
2.747120789270811603e-01 1.481039148242346641e+02
2.824241326078435477e-01 1.389176025799958154e+02
2.903526884977813416e-01 1.307030617164552098e+02
2.985038245118734057e-01 1.238118376867681292e+02
3.068837891917643446e-01 1.180155591194111508e+02
3.154990064958086982e-01 1.126988879173094205e+02
3.243560807235809640e-01 1.072434033408752470e+02
3.334618015786366407e-01 1.014066769575587301e+02
3.428231493733970847e-01 9.542192965796569126e+01
3.524473003801584237e-01 8.976198737683662898e+01
3.623416323323152555e-01 8.476180841352886830e+01
3.725137300800212548e-01 8.038681431573265002e+01
3.829713914046279921e-01 7.631784742620344275e+01
3.937226329963477989e-01 7.224706494905186105e+01
4.047756965997323930e-01 6.812390281844560036e+01
4.161390553316708374e-01 6.414002934609025885e+01
4.278214201767614466e-01 6.049468588057682439e+01
4.398317466650228380e-01 5.719574801521370233e+01
4.521792417370701922e-01 5.408864710353962124e+01
4.648733708020256206e-01 5.104536950395318939e+01
4.779238649935594330e-01 4.808609586097740873e+01
4.913407286296365140e-01 4.530788156046205728e+01
5.051342468816764075e-01 4.274243407775220049e+01
5.193149936590210070e-01 4.032858758305332003e+01
5.338938397147356962e-01 3.800783680997648872e+01
5.488819609789672427e-01 3.579048407632081563e+01
5.642908471262538805e-01 3.371050160510018401e+01
5.801323103833373462e-01 3.176180645553221282e+01
5.964184945842465613e-01 2.991280652898527137e+01
6.131618844795774237e-01 2.815430574347566051e+01
6.303753153071274262e-01 2.649686185417614226e+01
6.480719826311974741e-01 2.493819234538480245e+01
6.662654524581153037e-01 2.346479775543582846e+01
6.849696716357442927e-01 2.207010546793894434e+01
7.041989785449285222e-01 2.075661446816227951e+01
7.239681140910878554e-01 1.951841273224049544e+01
7.442922330043759693e-01 1.834948644714493682e+01
7.651869154570819509e-01 1.724742762984106292e+01
7.866681790071589075e-01 1.620874036774170079e+01
8.087524908770455934e-01 1.522955146732568998e+01
8.314567805772061782e-01 1.430682602577410556e+01
8.547984528840417706e-01 1.343769431172394135e+01
8.787954011821322853e-01 1.261899072012134226e+01
9.034660211810530139e-01 1.184812943264992668e+01
9.288292250172494047e-01 1.112251461483018211e+01
9.549044557518088228e-01 1.043958756139976352e+01
9.817117022752195332e-01 9.796961431671254772e+00
1.009271514630570854e+00 9.192378549917643582e+00
1.037605019766912440e+00 8.623657126023694275e+00
1.066733937734857918e+00 8.088766994664792875e+00
1.096680598336868151e+00 7.585819502766427469e+00
1.127467958244945612e+00 7.113026581817265104e+00
1.159119618598886126e+00 6.668680227139805794e+00
1.191659843098559213e+00 6.251155789500857374e+00
1.225113576604118126e+00 5.858905100637062269e+00
1.259506464258359104e+00 5.490435646251142110e+00
1.294864871145904983e+00 5.144352914143275335e+00
1.331215902504307769e+00 4.819365482846897919e+00
1.368587424502517580e+00 4.514255568253303430e+00
1.407008085602686087e+00 4.227879769195134863e+00
1.446507338521646480e+00 3.959127941927020444e+00
1.487115462808953126e+00 3.706909015743447888e+00
1.528863588058731571e+00 3.470757867024585330e+00
1.571783717773163280e+00 3.249650887127884413e+00
1.615908753895917815e+00 3.042629677092435259e+00
1.661272522034291654e+00 2.848796893412047115e+00
1.707909797389428608e+00 2.667312358456159771e+00
1.755856331414468618e+00 2.497389418679038187e+00
1.805148879221108116e+00 2.338291534831703711e+00
1.855825227755520057e+00 2.189329089396728989e+00
1.907924224765265908e+00 2.049856397407559871e+00
1.961485808579430667e+00 1.919268907695616866e+00
2.016551038724745393e+00 1.797000582433843752e+00
2.073162127401231736e+00 1.682521443618210100e+00
2.131362471841438122e+00 1.575335275852268291e+00
2.191196687578147895e+00 1.474977475477378341e+00
2.252710642645982198e+00 1.381013036725548204e+00
2.315951492743154372e+00 1.293034666165769231e+00
2.380967717380357840e+00 1.210661017270823647e+00
2.447809157044444017e+00 1.133535037452213512e+00
2.516527051405392790e+00 1.061322420398343791e+00
2.587174078595922744e+00 9.937101570075502766e-01
2.659804395593756698e+00 9.304051786349233355e-01
2.734473679737583041e+00 8.711330867720074034e-01
2.811239171408464355e+00 8.156369636531184408e-01
2.890159717909508874e+00 7.636762586327876523e-01
2.971295818577336600e+00 7.150257455072889234e-01
3.054709671159970164e+00 6.694745462606996877e-01
3.140465219496751281e+00 6.268252170038831617e-01
3.228628202536729219e+00 5.868928921443452573e-01
3.319266204733191561e+00 5.495044830773299083e-01
3.412448707852890450e+00 5.144979279248422799e-01
3.508247144239789783e+00 4.817214890705535657e-01
3.606734951574031900e+00 4.510330954457218988e-01
3.707987629168172372e+00 4.222997267152325818e-01
3.812082795843888317e+00 3.953968366944848323e-01
3.919100249433401739e+00 3.702078134978956658e-01
4.029122027951350660e+00 3.466234740790083979e-01
4.142232472483896366e+00 3.245415909712666136e-01
4.258518291843413017e+00 3.038664491780868615e-01
4.378068629038172510e+00 2.845084312915498459e-01
4.500975129608047354e+00 2.663836290413854058e-01
4.627332011878690032e+00 2.494134795904942026e-01
4.757236139187885904e+00 2.335244250005068523e-01
4.890787094139594338e+00 2.186475933913227532e-01
5.028087254942479767e+00 2.047185004125946506e-01
5.169241873891597727e+00 1.916767697331754061e-01
5.314359158053243881e+00 1.794658713369728098e-01
5.463550352214879169e+00 1.680328764908455008e-01
5.616929824163807261e+00 1.573282283224334832e-01
5.774615152359817039e+00 1.473055270134846217e-01
5.936727216069127344e+00 1.379213286775847480e-01
6.103390288028621491e+00 1.291349570505187228e-01
6.274732129711575013e+00 1.209083271770242246e-01
6.450884089267698407e+00 1.132057803297005366e-01
6.631981202212673843e+00 1.059939294445197550e-01
6.818162294944477786e+00 9.924151440297350468e-02
7.009570091165615580e+00 9.291926653356860633e-02
7.206351321293055889e+00 8.699978174534657438e-02
7.408656834939563396e+00 8.145740174351814855e-02
7.616641716552886798e+00 7.626810281233632749e-02
7.830465404301192756e+00 7.140939168313170660e-02
8.050291812295983007e+00 6.686020803614525776e-02
8.276289456246344045e+00 6.260083321354760477e-02
8.508631582640587609e+00 5.861280474795756840e-02
8.747496301554422260e+00 5.487883633597898797e-02
8.993066723187620681e+00 5.138274290987779325e-02
9.245531098233566780e+00 4.810937048261845067e-02
9.505082962189515428e+00 4.504453046217000295e-02
9.771921283717999174e+00 4.217493815036358479e-02
1.004625061717340628e+01 3.948815515972202428e-02
1.032828125941029640e+01 3.697253549866410388e-02
1.061822941099384643e+01 3.461717509138759197e-02
1.091631734193614811e+01 3.241186451362212950e-02
1.122277356208507015e+01 3.034704473938309305e-02
1.153783299629661485e+01 2.841376570690844205e-02
1.186173716452478821e+01 2.660364752418057505e-02
1.219473436696737778e+01 2.490884414587673026e-02
1.253707987440921379e+01 2.332200936430381052e-02
1.288903612390893194e+01 2.183626496690379767e-02
1.325087291997952832e+01 2.044517092230675737e-02
1.362286764141645712e+01 1.914269746570158512e-02
1.400530545393221082e+01 1.792319896252711139e-02
1.439847952876007753e+01 1.678138943719441681e-02
1.480269126739508501e+01 1.571231966076850131e-02
1.521825053264387861e+01 1.471135569829469004e-02
1.564547588616096618e+01 1.377415882278213398e-02
1.608469483265355748e+01 1.289666670878059779e-02
1.653624407094179460e+01 1.207507582403317611e-02
1.700046975206718614e+01 1.130582494288067362e-02
1.747772774464680978e+01 1.058557970995574471e-02
1.796838390767719673e+01 9.911218187257356607e-03
1.847281437099635681e+01 9.279817321958616985e-03
1.899140582361934904e+01 8.688640276292115133e-03
1.952455581016860364e+01 8.135124564593467986e-03
2.007267303562567662e+01 7.616870946082551254e-03
2.063617767863859598e+01 7.131633025237605478e-03
2.121550171362450854e+01 6.677307514684584396e-03
2.181108924191518383e+01 6.251925118395688409e-03
2.242339683219847757e+01 5.853641995679940979e-03
2.305289387051708516e+01 5.480731768966012364e-03
2.370006292009328064e+01 5.131578040734645178e-03
2.436540009125468131e+01 4.804667387164979209e-03
2.504941542174504221e+01 4.498582798125366246e-03
2.575263326771200667e+01 4.211997535074025328e-03
2.647559270567065681e+01 3.943669380246286188e-03
2.721884794575180422e+01 3.692435252201255094e-03
2.798296875655116978e+01 3.457206164388731788e-03
2.876854090190592217e+01 3.236962504884022956e-03
2.957616658993256564e+01 3.030749616830459223e-03
3.040646493467068723e+01 2.837673660432800653e-03
3.126007243068703190e+01 2.656897738565166568e-03
3.213764344100275139e+01 2.487638269199722758e-03
3.303985069871860247e+01 2.329161588932268136e-03
3.396738582272208617e+01 2.180780772882513416e-03
3.492095984787270169e+01 2.041852657184769094e-03
3.590130377007073292e+01 1.911775051162885233e-03
3.690916910662779316e+01 1.789984127105464498e-03
3.794532847236938977e+01 1.675951976327221069e-03
3.901057617190990356e+01 1.569184320923101188e-03
4.010572880855499989e+01 1.469218371296657265e-03
4.123162591029752377e+01 1.375620820176029664e-03
4.238913057338778145e+01 1.287985964422495161e-03
4.357913012397032304e+01 1.205933946490475800e-03
4.480253679829492341e+01 1.129109107916529114e-03
4.606028844202401018e+01 1.057178447700434865e-03
4.735334922917113687e+01 9.898301788961590911e-04
4.868271040122284887e+01 9.267723771561707383e-04
5.004939102700954123e+01 8.677317153711532147e-04
5.145443878390924652e+01 8.124522789203532510e-04
5.289893076098154978e+01 7.606944563972070465e-04
5.438397428464800498e+01 7.122339010020422309e-04
5.591070776755292115e+01 6.668605580999594981e-04
5.748030158125349942e+01 6.243777547287999259e-04
5.909395895340973937e+01 5.846013471106218436e-04
6.075291689016074059e+01 5.473589224715373755e-04
6.245844712439613744e+01 5.124890517101562092e-04
6.421185709064765490e+01 4.798405896752923599e-04
6.601449092734890201e+01 4.492720200199535403e-04
6.786773050723294887e+01 4.206508417918503159e-04
6.977299649665530978e+01 3.938529951015723061e-04
7.173174944465618807e+01 3.687623233789626229e-04
7.374549090259552031e+01 3.452700698868132480e-04
7.581576457522108115e+01 3.232744063094970832e-04
7.794415750404954224e+01 3.026799913731797087e-04
8.013230128396889995e+01 2.833975575844301358e-04
8.238187331399603863e+01 2.653435242959273355e-04
8.469459808314594795e+01 2.484396354220787077e-04
8.707224849239922548e+01 2.326126202342098726e-04
8.951664721378301692e+01 2.177938757650267480e-04
9.202966808760409378e+01 2.039191694457162714e-04
9.461323755890775544e+01 1.909283606867523419e-04
9.726933615426175095e+01 1.787651401955843899e-04
9.999999999999995737e+01 1.673767859012696582e-04
