1.000000000000000000e+08 9.392722646461156844e-01
1.055386103036523014e+08 9.398389055403346681e-01
1.113839826482618302e+08 9.404257638256883212e-01
1.175531073878367543e+08 9.410334914168386744e-01
1.240639159058834314e+08 9.416627948790186053e-01
1.309353327353612185e+08 9.423144586125319355e-01
1.381873305653633475e+08 9.429892563481592216e-01
1.458409882943986356e+08 9.436879685057382172e-01
1.539185522990205288e+08 9.444114162329081408e-01
1.624435010958865285e+08 9.451604467118590591e-01
1.714406135851968527e+08 9.459358719954987782e-01
1.809360410738712847e+08 9.467385844547976381e-01
1.909573832878100574e+08 9.475695837895063978e-01
2.015337685941735208e+08 9.484297732478477183e-01
2.126959386668691933e+08 9.493202236297502150e-01
2.244763378413223922e+08 9.502417009761339184e-01
2.369092074182631969e+08 9.511954510532458773e-01
2.500306851906321347e+08 9.521824602957784656e-01
2.638789104828929305e+08 9.532037265318964447e-01
2.784941350080649853e+08 9.542604885020343763e-01
2.939188398646890521e+08 9.553539585280749202e-01
3.101978590138099790e+08 9.564851948057387920e-01
3.273785095948576927e+08 9.576555446284933382e-01
3.455107294592218399e+08 9.588659983858798252e-01
3.646472223212745190e+08 9.601181913747860452e-01
3.848436109487425089e+08 9.614131349628495249e-01
4.061585988376971483e+08 9.627523230355323758e-01
4.286541408420934081e+08 9.641371672020297989e-01
4.523956232538058162e+08 9.655689442735554406e-01
4.774520538566131592e+08 9.670489982229185655e-01
5.038962625065150261e+08 9.685791060183646106e-01
5.318051128214197159e+08 9.701605124065837416e-01
5.612597255954965353e+08 9.717950010599587518e-01
5.923457145875793695e+08 9.734837490293088980e-01
6.251534353689699173e+08 9.752287381034964175e-01
6.597782479539546967e+08 9.770312076632449161e-01
6.963207939763890505e+08 9.788931160875722348e-01
7.348872892180387974e+08 9.808158776509950938e-01
7.755898323389002085e+08 9.828013107223374512e-01
8.185467307069020271e+08 9.848510887705100858e-01
8.638828442740435600e+08 9.869670569795994108e-01
9.117299484984903336e+08 9.891506784515984307e-01
9.622271173675154448e+08 9.914039163033578905e-01
1.015521127634569168e+09 9.937283533334962948e-01
1.071766885445503354e+09 9.961259413628604786e-01
1.131127876593921423e+09 9.985983389873887006e-01
1.193776641714435816e+09 1.001147315390400028e+00
1.259895277795025826e+09 1.003774628165521321e+00
1.329675967466209888e+09 1.006481979269190585e+00
1.403321537605481863e+09 1.009271182675277823e+00
1.481046048880676985e+09 1.012143909247315232e+00
1.563075417945817471e+09 1.015101783232474686e+00
1.649648074098020792e+09 1.018146485864351858e+00
1.741015652304015398e+09 1.021279579772568669e+00
1.837443724610724926e+09 1.024502690755883627e+00
1.939212572065826893e+09 1.027817120874341628e+00
2.046617999391993999e+09 1.031224371640769633e+00
2.159972194782721519e+09 1.034725881616042731e+00
2.279604637318982124e+09 1.038322696562307135e+00
2.405863054644066811e+09 1.042016185598879874e+00
2.539114433680346966e+09 1.045807315154349659e+00
2.679746087325689316e+09 1.049696892884362409e+00
2.828166780230029583e+09 1.053685889049330138e+00
2.984807916924321175e+09 1.057774912263034439e+00
3.150124795755321503e+09 1.061964492720169240e+00
3.324597932270945072e+09 1.066255077170384258e+00
3.508734455902714729e+09 1.070646664672023851e+00
3.703069584005141258e+09 1.075139506509008580e+00
3.908168177536263943e+09 1.079733415746081837e+00
4.124626382901348114e+09 1.084427890948387763e+00
4.353073364731883049e+09 1.089222581610344021e+00
4.594173134636466980e+09 1.094116589167837494e+00
4.848626481239088058e+09 1.099108874612794162e+00
5.117173007114609718e+09 1.104198677578143606e+00
5.400593278542373657e+09 1.109384362515246192e+00
5.699711094326075554e+09 1.114664202660970771e+00
6.015395880274832726e+09 1.120036825966749472e+00
6.348565216305210114e+09 1.125499906069965750e+00
6.700187503509576797e+09 1.131051554572767959e+00
7.071284778942981720e+09 1.136689280334736596e+00
7.462935686310145378e+09 1.142410812932340702e+00
7.876278611187063217e+09 1.148213443007829682e+00
8.312514989890631676e+09 1.154094598219635781e+00
8.772912801613355637e+09 1.160051609002707762e+00
9.258810253973945618e+09 1.166081469185885622e+00
9.771619672696161270e+09 1.172181437368000401e+00
1.031283160672186852e+10 1.178349091208168442e+00
1.088401916069007683e+10 1.184581373635561263e+00
1.148684256737554741e+10 1.190875793190315779e+00
1.212305401337652779e+10 1.197230133339562963e+00
1.279450273207873344e+10 1.203642071634130506e+00
1.350314037869872093e+10 1.210109645922933019e+00
1.425102670302996254e+10 1.216631373297068164e+00
1.504033553638022041e+10 1.223205577012595802e+00
1.587336111010205460e+10 1.229831461762721290e+00
1.675252472408210373e+10 1.236508401436934745e+00
1.768038178457208633e+10 1.243236022844907529e+00
1.865962923181745911e+10 1.250014762709900973e+00
1.969311337907421875e+10 1.256844811470510415e+00
2.078383818579755020e+10 1.263727466032159130e+00
2.193497398905055618e+10 1.270663839897980818e+00
2.314986671851165771e+10 1.277655654206078628e+00
2.443204762186491776e+10 1.284704981364664711e+00
2.578524352884276581e+10 1.291813867625986045e+00
2.721338768375308609e+10 1.298985026056956649e+00
2.872063117797828293e+10 1.306220762094728149e+00
3.031135501567576218e+10 1.313523829963877176e+00
3.199018284775060654e+10 1.320896992079333199e+00
3.376199441111333084e+10 1.328342442818204683e+00
3.563193971228576660e+10 1.335862710002706288e+00
3.760545399658160400e+10 1.343460255379032242e+00
3.968827354637165833e+10 1.351136078267273222e+00
4.188645235435270691e+10 1.358892637612986842e+00
4.420637972028530121e+10 1.366730551193181320e+00
4.665479882234468079e+10 1.374650494491100439e+00
4.923882631706731415e+10 1.382653437315832790e+00
5.196597302486207581e+10 1.390739034433446486e+00
5.484416576121026611e+10 1.398907085075425272e+00
5.788177037701280212e+10 1.407157656442335147e+00
6.108761607505039978e+10 1.415489701392449895e+00
6.447102107323869324e+10 1.423902815489636930e+00
6.804181968927093506e+10 1.432396707735730912e+00
7.181039092537341309e+10 1.440970830289212579e+00
7.578768863625914001e+10 1.449625099284884922e+00
7.998527336796691895e+10 1.458360040117555156e+00
8.441534596012959290e+10 1.467175852697101934e+00
8.909078300934143066e+10 1.476074024606974566e+00
9.402517429670132446e+10 1.485055969294585942e+00
9.923286228832545471e+10 1.494123001692390096e+00
1.047289838236357422e+11 1.503277734139204069e+00
1.105295141126019745e+11 1.512522389687310564e+00
1.166513131698198547e+11 1.521859307532589245e+00
1.231121748203892059e+11 1.531290668904826235e+00
1.299308784200417175e+11 1.540819081113424138e+00
1.371272434398400879e+11 1.550446095129181412e+00
1.447221870741134338e+11 1.560173325775266573e+00
1.527377850390712280e+11 1.570002119005546648e+00
1.611973357388155518e+11 1.579932884388083325e+00
1.701254279852585754e+11 1.589966590032616978e+00
1.795480124687826843e+11 1.600103108998451207e+00
1.894924771873815918e+11 1.610343316283418869e+00
1.999877270535286865e+11 1.620687325300069981e+00
2.110642679101554871e+11 1.631135742560240853e+00
2.227542951999556274e+11 1.641689583032702293e+00
2.350917875457284546e+11 1.652350065927411293e+00
2.481126055137765198e+11 1.663119608505403635e+00
2.618545958474237976e+11 1.673999809935479810e+00
2.763577014736163330e+11 1.684993429323826453e+00
2.916640776023706665e+11 1.696102917690680556e+00
3.078182142565079956e+11 1.707330311724428062e+00
3.248670655878374634e+11 1.718677992711378444e+00
3.428601863556583252e+11 1.730147562852458742e+00
3.618498759642742920e+11 1.741740321993158425e+00
3.818913304781846313e+11 1.753457203567856615e+00
4.030428030568041992e+11 1.765299622813456315e+00
4.253657732750374146e+11 1.777268146025049900e+00
4.489251258218607788e+11 1.789363951760058136e+00
4.737893390963143921e+11 1.801588609790780060e+00
5.000306842491090088e+11 1.813944328567368647e+00
5.277254352483532104e+11 1.826433483744488662e+00
5.569540905800124512e+11 1.839058472078614503e+00
5.878016072274924316e+11 1.851822484515386336e+00
6.203576476104281006e+11 1.864727148607567830e+00
6.547168402004742432e+11 1.877775357796911848e+00
6.909790545715645752e+11 1.890968124026274122e+00
7.292496916841444092e+11 1.904307364428756255e+00
7.696399902471151123e+11 1.917794462373684006e+00
8.122673500479703369e+11 1.931430925051722092e+00
8.572556731909306641e+11 1.945218827233853753e+00
9.047357242349274902e+11 1.959160833576047533e+00
9.548455102782264404e+11 1.973259868496485048e+00
1.007730682094457642e+12 1.987517945102678540e+00
1.063544957486011230e+12 2.001939101190553849e+00
1.122450568085305908e+12 2.016524906217576962e+00
1.184618730902682373e+12 2.031277786945392627e+00
1.250230145991453369e+12 2.046199248707643914e+00
1.319475521676708740e+12 2.061291938807773505e+00
1.392556128874464844e+12 2.076557738136912246e+00
1.469684386112447510e+12 2.091999646389034684e+00
1.551084476952840576e+12 2.107620805974919076e+00
1.636993001611701904e+12 2.123424557511061739e+00
1.727659664669034668e+12 2.139413863788784731e+00
1.823348000868438477e+12 2.155591086353137342e+00
1.924336141115976074e+12 2.171958719995644049e+00
2.030917620904730713e+12 2.188519059286551105e+00
2.143402233514850098e+12 2.205275069632240736e+00
2.262116930469017090e+12 2.222230558983812720e+00
2.387406771860646973e+12 2.239388571890192470e+00
2.519635929317013672e+12 2.256752852199065185e+00
2.659188744512690918e+12 2.274326042157845063e+00
2.806470846309833008e+12 2.292111161041461731e+00
2.961910329772559570e+12 2.310110844724348134e+00
3.125959000482284180e+12 2.328329174958536640e+00
3.299093687770942383e+12 2.346769927575917070e+00
3.481817630688966309e+12 2.365436268520366259e+00
3.674661940736687988e+12 2.384332216646080305e+00
3.878187145610719727e+12 2.403460932602853983e+00
4.092984818452434082e+12 2.422826050875446668e+00
4.319679297334164551e+12 2.442431267058028599e+00
4.558929499981049805e+12 2.462280387198008125e+00
4.811430839003245117e+12 2.482378150250221793e+00
5.077917243205382812e+12 2.502728276568580323e+00
5.359163290848514648e+12 2.523334269114947848e+00
5.655986461065001953e+12 2.544200428928245827e+00
5.969249509970727539e+12 2.565331287771456914e+00
6.299862978380680664e+12 2.586730827703482394e+00
6.648787838417276367e+12 2.608404189067095924e+00
7.017038286703836914e+12 2.630355269539268459e+00
7.405684692262442383e+12 2.652588264702901544e+00
7.815856707684090820e+12 2.675108344755920520e+00
8.248746552614581055e+12 2.697920237695115464e+00
8.705612479099856445e+12 2.721029161511068661e+00
9.187782428863320312e+12 2.744439643237864601e+00
9.696657893145500000e+12 2.768156459180272755e+00
1.023371798632517188e+13 2.792185128069033961e+00
1.080052374516249609e+13 2.816530885268570650e+00
1.139872266616047852e+13 2.841199438251177600e+00
1.203005349423324219e+13 2.866195318938816072e+00
1.269635127659972852e+13 2.891525080102658851e+00
1.339955269659337109e+13 2.917193694542008942e+00
1.414170170289021094e+13 2.943207534237287870e+00
1.492495545051832227e+13 2.969572018501414945e+00
1.575159057091624414e+13 2.996292842262678224e+00
1.662400978926613477e+13 3.023378062912125408e+00
1.754474890833459570e+13 3.050831633837635781e+00
1.851648417912153906e+13 3.078661479902038423e+00
1.954204007974051562e+13 3.106873723239550689e+00
2.062439752514088281e+13 3.135474928596645672e+00
2.176670253153454688e+13 3.164471890134425980e+00
2.297227536071146484e+13 3.193871992062022436e+00
2.424462017082320703e+13 3.223681988808300147e+00
2.558743520168578516e+13 3.253908947571985788e+00
2.700462352420682031e+13 3.284560673314321999e+00
2.850030438518105078e+13 3.315644498848078658e+00
3.007882518043095703e+13 3.347168272222089236e+00
3.174477409109187109e+13 3.379140297556882722e+00
3.350299341977236719e+13 3.411567702271646407e+00
3.535859366535182812e+13 3.444459371219537047e+00
3.731696837732755469e+13 3.477823649763537528e+00
3.938380983288489062e+13 3.511669521949020822e+00
4.156512558225988281e+13 3.546005024978077458e+00
4.386725591048494531e+13 3.580838964698817239e+00
4.629689226627258594e+13 3.616181637670190963e+00
4.886109671160316406e+13 3.652041624538692854e+00
5.156732244854953125e+13 3.688428145017883075e+00
5.442343548300250000e+13 3.725350736191033629e+00
5.743773748826563281e+13 3.762821429265986062e+00
6.061898993497571875e+13 3.800848811276143380e+00
6.397643955748423438e+13 3.839442467128733050e+00
6.751984523072494531e+13 3.878615116888738168e+00
7.125950633568396875e+13 3.918376214551009262e+00
7.520629269592421875e+13 3.958737232128176853e+00
7.937167617217559375e+13 3.999709426722037886e+00
8.376776400682925000e+13 4.041304825618163399e+00
8.840733401525062500e+13 4.083535172649780165e+00
9.330387172620360938e+13 4.126412722033842684e+00
9.847160957933764062e+13 4.169948423420456685e+00
1.039255682936710938e+14 4.214157774212728746e+00
1.096816005273135781e+14 4.259051771629037475e+00
1.157564369553301094e+14 4.304643979848449042e+00
1.221677348996788125e+14 4.350947690481795860e+00
1.289341296525710469e+14 4.397977034791419548e+00
1.360752886424333125e+14 4.445747272568652875e+00
1.436119685999077188e+14 4.494271389977879672e+00
1.515660758900601250e+14 4.543564723761241986e+00
1.599607301861484688e+14 4.593642885044373791e+00
1.688203316700366250e+14 4.644520631064718685e+00
1.781706319545732500e+14 4.696215256859365361e+00
1.880388089340916562e+14 4.748741552792164811e+00
1.984535457805803125e+14 4.802116526663709806e+00
2.094451143151468750e+14 4.856357625991164717e+00
2.210454629971019375e+14 4.911483036507802602e+00
2.332883097864153438e+14 4.967508718316534733e+00
2.462092401494620625e+14 5.024454590445504465e+00
2.598458104929241875e+14 5.082337727294842011e+00
2.742376573264941250e+14 5.141178884689044715e+00
2.894266124716740000e+14 5.200997359264936115e+00
3.054568246515431875e+14 5.261812167397500239e+00
3.223748878149026875e+14 5.323644100025316739e+00
3.402299765678064375e+14 5.386513585063839038e+00
3.590739891061047500e+14 5.450445438801637899e+00
3.789616980644723750e+14 5.515457143650935201e+00
3.999509097203669375e+14 5.581573686115310906e+00
4.221026320156903125e+14 5.648819143406972110e+00
4.454812518844988750e+14 5.717214719652679022e+00
4.701547224022129375e+14 5.786786896497830845e+00
4.961947603002898125e+14 5.857557083100851436e+00
5.236770544204645000e+14 5.929555585194837164e+00
5.526814857144591875e+14 6.002803156200123169e+00
5.832923594286188750e+14 6.077331089665810815e+00
6.155986501483488750e+14 6.153166054869023682e+00
6.496942604146098750e+14 6.230332124452139908e+00
6.856782936641737500e+14 6.308862197268740424e+00
7.236553422869650000e+14 6.388783074667003348e+00
7.637357916378011250e+14 6.470125914384519561e+00
8.060361408861328750e+14 6.552922191978599820e+00
8.506793416364170000e+14 6.637202430182104429e+00
8.977951553033331250e+14 6.723000485763642509e+00
9.475205302806547500e+14 6.810346360599246474e+00
1.000000000000000000e+15 6.899279854934668776e+00
