1.000000000000000000e+08 1.238028253166771897e+00
1.055386103036523014e+08 1.238763602291469867e+00
1.113839826482618302e+08 1.239525120593946150e+00
1.175531073878367543e+08 1.240313821227779334e+00
1.240639159058834314e+08 1.241130438951554726e+00
1.309353327353612185e+08 1.241976304652306684e+00
1.381873305653633475e+08 1.242852030891836490e+00
1.458409882943986356e+08 1.243758863388448654e+00
1.539185522990205288e+08 1.244697883245070136e+00
1.624435010958865285e+08 1.245669931976459921e+00
1.714406135851968527e+08 1.246676264760729236e+00
1.809360410738712847e+08 1.247718192635409507e+00
1.909573832878100574e+08 1.248796867012083478e+00
2.015337685941735208e+08 1.249913485906694710e+00
2.126959386668691933e+08 1.251069153403560508e+00
2.244763378413223922e+08 1.252265329986448572e+00
2.369092074182631969e+08 1.253503440831736038e+00
2.500306851906321347e+08 1.254784564590448070e+00
2.638789104828929305e+08 1.256110443012960154e+00
2.784941350080649853e+08 1.257482416945157722e+00
2.939188398646890521e+08 1.258902065179788643e+00
3.101978590138099790e+08 1.260370724432035017e+00
3.273785095948576927e+08 1.261890224398678262e+00
3.455107294592218399e+08 1.263462029664557118e+00
3.646472223212745190e+08 1.265087783359948759e+00
3.848436109487425089e+08 1.266769456762312007e+00
4.061585988376971483e+08 1.268508380791768086e+00
4.286541408420934081e+08 1.270306746429894051e+00
4.523956232538058162e+08 1.272166137216132142e+00
4.774520538566131592e+08 1.274088480287429270e+00
5.038962625065150261e+08 1.276075793056272278e+00
5.318051128214197159e+08 1.278130065158693540e+00
5.612597255954965353e+08 1.280253001346482566e+00
5.923457145875793695e+08 1.282446892624381940e+00
6.251534353689699173e+08 1.284713585844929673e+00
6.597782479539546967e+08 1.287055446895069011e+00
6.963207939763890505e+08 1.289474499419192233e+00
7.348872892180387974e+08 1.291973035102402134e+00
7.755898323389002085e+08 1.294553026490091963e+00
8.185467307069020271e+08 1.297216818710477781e+00
8.638828442740435600e+08 1.299966902570882210e+00
9.117299484984903336e+08 1.302805038378695324e+00
9.622271173675154448e+08 1.305733957092528597e+00
1.015521127634569168e+09 1.308755824802435797e+00
1.071766885445503354e+09 1.311873141389404474e+00
1.131127876593921423e+09 1.315087753930198167e+00
1.193776641714435816e+09 1.318402452491467924e+00
1.259895277795025826e+09 1.321819341853312624e+00
1.329675967466209888e+09 1.325340869353889284e+00
1.403321537605481863e+09 1.328969020593921080e+00
1.481046048880676985e+09 1.332706552349216533e+00
1.563075417945817471e+09 1.336555139162024064e+00
1.649648074098020792e+09 1.340517334980264819e+00
1.741015652304015398e+09 1.344594960684807772e+00
1.837443724610724926e+09 1.348790570481110951e+00
1.939212572065826893e+09 1.353105633348216763e+00
2.046617999391993999e+09 1.357542277797821217e+00
2.159972194782721519e+09 1.362102272833905170e+00
2.279604637318982124e+09 1.366787407547871647e+00
2.405863054644066811e+09 1.371599275810401641e+00
2.539114433680346966e+09 1.376539129241598713e+00
2.679746087325689316e+09 1.381608229584931902e+00
2.828166780230029583e+09 1.386808238653038261e+00
2.984807916924321175e+09 1.392139501008930580e+00
3.150124795755321503e+09 1.397603165764865318e+00
3.324597932270945072e+09 1.403199571597347983e+00
3.508734455902714729e+09 1.408929265456441815e+00
3.703069584005141258e+09 1.414792549689066314e+00
3.908168177536263943e+09 1.420788898844798087e+00
4.124626382901348114e+09 1.426918244660330348e+00
4.353073364731883049e+09 1.433179998886406681e+00
4.594173134636466980e+09 1.439573252296042494e+00
4.848626481239088058e+09 1.446096920801040131e+00
5.117173007114609718e+09 1.452749310581458619e+00
5.400593278542373657e+09 1.459529333872936263e+00
5.699711094326075554e+09 1.466434439843008031e+00
6.015395880274832726e+09 1.473462930141509863e+00
6.348565216305210114e+09 1.480611827347085852e+00
6.700187503509576797e+09 1.487878966224244426e+00
7.071284778942981720e+09 1.495260897633400532e+00
7.462935686310145378e+09 1.502754566342385134e+00
7.876278611187063217e+09 1.510357066219419897e+00
8.312514989890631676e+09 1.518064647161467606e+00
8.772912801613355637e+09 1.525873468168797320e+00
9.258810253973945618e+09 1.533780586904986531e+00
9.771619672696161270e+09 1.541781578171008249e+00
1.031283160672186852e+10 1.549873353072354076e+00
1.088401916069007683e+10 1.558051709292130882e+00
1.148684256737554741e+10 1.566313809689558800e+00
1.212305401337652779e+10 1.574656217954597537e+00
1.279450273207873344e+10 1.583075855507716900e+00
1.350314037869872093e+10 1.591569876817359619e+00
1.425102670302996254e+10 1.600136234770250132e+00
1.504033553638022041e+10 1.608772626599423772e+00
1.587336111010205460e+10 1.617477632842840629e+00
1.675252472408210373e+10 1.626250534510403023e+00
1.768038178457208633e+10 1.635090059392406037e+00
1.865962923181745911e+10 1.643996751900292264e+00
1.969311337907421875e+10 1.652971009620032072e+00
2.078383818579755020e+10 1.662013673849245921e+00
2.193497398905055618e+10 1.671126500689412930e+00
2.314986671851165771e+10 1.680311237789473111e+00
2.443204762186491776e+10 1.689570373088790545e+00
2.578524352884276581e+10 1.698907096722388710e+00
2.721338768375308609e+10 1.708324355037169839e+00
2.872063117797828293e+10 1.717825009672073522e+00
3.031135501567576218e+10 1.727412969473975046e+00
3.199018284775060654e+10 1.737091897986857036e+00
3.376199441111333084e+10 1.746864536761880027e+00
3.563193971228576660e+10 1.756734389843724209e+00
3.760545399658160400e+10 1.766704670800238519e+00
3.968827354637165833e+10 1.776777523238227241e+00
4.188645235435270691e+10 1.786955731934337654e+00
4.420637972028530121e+10 1.797240617230871917e+00
4.665479882234468079e+10 1.807633527019620212e+00
4.923882631706731415e+10 1.818135467202129263e+00
5.196597302486207581e+10 1.828746312038821209e+00
5.484416576121026611e+10 1.839466280243501117e+00
5.788177037701280212e+10 1.850294784396757208e+00
6.108761607505039978e+10 1.861231460103936142e+00
6.447102107323869324e+10 1.872275274316615556e+00
6.804181968927093506e+10 1.883425996296431038e+00
7.181039092537341309e+10 1.894682175847433925e+00
7.578768863625914001e+10 1.906044599748028867e+00
7.998527336796691895e+10 1.917512464017637308e+00
8.441534596012959290e+10 1.929087053989309686e+00
8.909078300934143066e+10 1.940769002215909866e+00
9.402517429670132446e+10 1.952561125813180976e+00
9.923286228832545471e+10 1.964464105746913880e+00
1.047289838236357422e+11 1.976481084938824129e+00
1.105295141126019745e+11 1.988615549620336598e+00
1.166513131698198547e+11 2.000870150713602857e+00
1.231121748203892059e+11 2.013248280478565633e+00
1.299308784200417175e+11 2.025752526935705067e+00
1.371272434398400879e+11 2.038385955246368564e+00
1.447221870741134338e+11 2.051150316733269197e+00
1.527377850390712280e+11 2.064047942194171092e+00
1.611973357388155518e+11 2.077079889780302668e+00
1.701254279852585754e+11 2.090247380590878112e+00
1.795480124687826843e+11 2.103550290801383671e+00
1.894924771873815918e+11 2.116989426725903289e+00
1.999877270535286865e+11 2.130564973894483849e+00
2.110642679101554871e+11 2.144277861166326460e+00
2.227542951999556274e+11 2.158129186056411353e+00
2.350917875457284546e+11 2.172120357214084141e+00
2.481126055137765198e+11 2.186254123210517708e+00
2.618545958474237976e+11 2.200532397387846117e+00
2.763577014736163330e+11 2.214958671761941833e+00
2.916640776023706665e+11 2.229536063640280563e+00
3.078182142565079956e+11 2.244267866329761940e+00
3.248670655878374634e+11 2.259156723496291708e+00
3.428601863556583252e+11 2.274205570177998847e+00
3.618498759642742920e+11 2.289415992851496551e+00
3.818913304781846313e+11 2.304789860818228231e+00
4.030428030568041992e+11 2.320328245538817669e+00
4.253657732750374146e+11 2.336032089626274733e+00
4.489251258218607788e+11 2.351903439434637644e+00
4.737893390963143921e+11 2.367943748392072667e+00
5.000306842491090088e+11 2.384155375800567800e+00
5.277254352483532104e+11 2.400541257821302565e+00
5.569540905800124512e+11 2.417104826679579599e+00
5.878016072274924316e+11 2.433849731181624509e+00
6.203576476104281006e+11 2.450779265312627242e+00
6.547168402004742432e+11 2.467896615523786696e+00
6.909790545715645752e+11 2.485203825879735984e+00
7.292496916841444092e+11 2.502702648586228484e+00
7.696399902471151123e+11 2.520395931766991282e+00
8.122673500479703369e+11 2.538285448856331339e+00
8.572556731909306641e+11 2.556372893221093179e+00
9.047357242349274902e+11 2.574662105460787220e+00
9.548455102782264404e+11 2.593156390701382819e+00
1.007730682094457642e+12 2.611859261782217168e+00
1.063544957486011230e+12 2.630774661628302091e+00
1.122450568085305908e+12 2.649906384853590424e+00
1.184618730902682373e+12 2.669256979591387857e+00
1.250230145991453369e+12 2.688829103560727241e+00
1.319475521676708740e+12 2.708625056991026181e+00
1.392556128874464844e+12 2.728648276895377034e+00
1.469684386112447510e+12 2.748901701726049307e+00
1.551084476952840576e+12 2.769389506245039545e+00
1.636993001611701904e+12 2.790116751382041294e+00
1.727659664669034668e+12 2.811085844327320782e+00
1.823348000868438477e+12 2.832301560022465026e+00
1.924336141115976074e+12 2.853767170745565185e+00
2.030917620904730713e+12 2.875485400005346914e+00
2.143402233514850098e+12 2.897459819665988423e+00
2.262116930469017090e+12 2.919694598101470362e+00
2.387406771860646973e+12 2.942194718134970355e+00
2.519635929317013672e+12 2.964964982289647555e+00
2.659188744512690918e+12 2.988008234559940135e+00
2.806470846309833008e+12 3.011329850323600343e+00
2.961910329772559570e+12 3.034932773181542309e+00
3.125959000482284180e+12 3.058821870817399979e+00
3.299093687770942383e+12 3.083000831801333330e+00
3.481817630688966309e+12 3.107475566870152583e+00
3.674661940736687988e+12 3.132251107565443782e+00
3.878187145610719727e+12 3.157331505869238164e+00
4.092984818452434082e+12 3.182721366778553218e+00
4.319679297334164551e+12 3.208425436080266202e+00
4.558929499981049805e+12 3.234448818956915606e+00
4.811430839003245117e+12 3.260797168355513254e+00
5.077917243205382812e+12 3.287476063220241773e+00
5.359163290848514648e+12 3.314490465564462252e+00
5.655986461065001953e+12 3.341845247178091505e+00
5.969249509970727539e+12 3.369546010542459502e+00
6.299862978380680664e+12 3.397598501026315887e+00
6.648787838417276367e+12 3.426009112864961903e+00
7.017038286703836914e+12 3.454783319926161056e+00
7.405684692262442383e+12 3.483927349350952607e+00
7.815856707684090820e+12 3.513446230711662732e+00
8.248746552614581055e+12 3.543346951714307913e+00
8.705612479099856445e+12 3.573636679906419200e+00
9.187782428863320312e+12 3.604320780444732808e+00
9.696657893145500000e+12 3.635406228772652071e+00
1.023371798632517188e+13 3.666899328403453229e+00
1.080052374516249609e+13 3.698807399857634071e+00
1.139872266616047852e+13 3.731136811139835086e+00
1.203005349423324219e+13 3.763896364127669703e+00
1.269635127659972852e+13 3.797092012218422852e+00
1.339955269659337109e+13 3.830730904610555765e+00
1.414170170289021094e+13 3.864821370308121118e+00
1.492495545051832227e+13 3.899371102678096168e+00
1.575159057091624414e+13 3.934387225169528879e+00
1.662400978926613477e+13 3.969878441497610488e+00
1.754474890833459570e+13 4.005853222141378289e+00
1.851648417912153906e+13 4.042319274878721558e+00
1.954204007974051562e+13 4.079285599251528893e+00
2.062439752514088281e+13 4.116760697880829767e+00
2.176670253153454688e+13 4.154754137284862203e+00
2.297227536071146484e+13 4.193273481377720380e+00
2.424462017082320703e+13 4.232330275980475065e+00
2.558743520168578516e+13 4.271932599209412373e+00
2.700462352420682031e+13 4.312090014592430798e+00
2.850030438518105078e+13 4.352812570994760932e+00
3.007882518043095703e+13 4.394110322038466521e+00
3.174477409109187109e+13 4.435994120207303659e+00
3.350299341977236719e+13 4.478474905507891179e+00
3.535859366535182812e+13 4.521561875576346701e+00
3.731696837732755469e+13 4.565266968431373584e+00
3.938380983288489062e+13 4.609600982429254756e+00
4.156512558225988281e+13 4.654576529410919150e+00
4.386725591048494531e+13 4.700203684436860208e+00
4.629689226627258594e+13 4.746495812994865560e+00
4.886109671160316406e+13 4.793463342810960981e+00
5.156732244854953125e+13 4.841121166084011662e+00
5.442343548300250000e+13 4.889479965009497775e+00
5.743773748826563281e+13 4.938553728316382951e+00
6.061898993497571875e+13 4.988355621071547397e+00
6.397643955748423438e+13 5.038898909564906603e+00
6.751984523072494531e+13 5.090198711269614762e+00
7.125950633568396875e+13 5.142267420681172041e+00
7.520629269592421875e+13 5.195121265728753102e+00
7.937167617217559375e+13 5.248772740157635397e+00
8.376776400682925000e+13 5.303240183772051530e+00
8.840733401525062500e+13 5.358537353085832677e+00
9.330387172620360938e+13 5.414679801154172800e+00
9.847160957933764062e+13 5.471684085222616289e+00
1.039255682936710938e+14 5.529566282437870406e+00
1.096816005273135781e+14 5.588344494459952294e+00
1.157564369553301094e+14 5.648035352942492260e+00
1.221677348996788125e+14 5.708656361966620629e+00
1.289341296525710469e+14 5.770226034935198811e+00
1.360752886424333125e+14 5.832762461873785220e+00
1.436119685999077188e+14 5.896286438078711889e+00
1.515660758900601250e+14 5.960814008919633089e+00
1.599607301861484688e+14 6.026368906480131571e+00
1.688203316700366250e+14 6.092968272287180298e+00
1.781706319545732500e+14 6.160633181321001572e+00
1.880388089340916562e+14 6.229386332698183537e+00
1.984535457805803125e+14 6.299248401413433562e+00
2.094451143151468750e+14 6.370242382916789126e+00
2.210454629971019375e+14 6.442390572515641622e+00
2.332883097864153438e+14 6.515715498399864636e+00
2.462092401494620625e+14 6.590242877514265629e+00
2.598458104929241875e+14 6.665994351521762340e+00
2.742376573264941250e+14 6.742996902383527669e+00
2.894266124716740000e+14 6.821276390406332268e+00
3.054568246515431875e+14 6.900859975426524962e+00
3.223748878149026875e+14 6.981769432929358032e+00
3.402299765678064375e+14 7.064035649478578982e+00
3.590739891061047500e+14 7.147689478721677148e+00
3.789616980644723750e+14 7.232754431254925009e+00
3.999509097203669375e+14 7.319260778114352384e+00
4.221026320156903125e+14 7.407240942478256152e+00
4.454812518844988750e+14 7.496726657668900451e+00
4.701547224022129375e+14 7.587746434986961219e+00
4.961947603002898125e+14 7.680332676819108251e+00
5.236770544204645000e+14 7.774520615664881618e+00
5.526814857144591875e+14 7.870344439349853616e+00
5.832923594286188750e+14 7.967835183109288621e+00
6.155986501483488750e+14 8.067033322332241241e+00
6.496942604146098750e+14 8.167971440836879538e+00
6.856782936641737500e+14 8.270689956032564183e+00
7.236553422869650000e+14 8.375226061236169528e+00
7.637357916378011250e+14 8.481616587435329535e+00
8.060361408861328750e+14 8.589907463431247336e+00
8.506793416364170000e+14 8.700131929020546551e+00
8.977951553033331250e+14 8.812342284101443823e+00
9.475205302806547500e+14 8.926567765453031100e+00
1.000000000000000000e+15 9.042869618381724095e+00
