1.000000000000000000e+08 6.460724805017751260e-01
1.055386103036523014e+08 6.464854223633471619e-01
1.113839826482618302e+08 6.469130759694133870e-01
1.175531073878367543e+08 6.473559403808725188e-01
1.240639159058834314e+08 6.478144440009624416e-01
1.309353327353612185e+08 6.482892405251809986e-01
1.381873305653633475e+08 6.487808988143587419e-01
1.458409882943986356e+08 6.492898926119717862e-01
1.539185522990205288e+08 6.498168425140227189e-01
1.624435010958865285e+08 6.503623578536313898e-01
1.714406135851968527e+08 6.509270964741802334e-01
1.809360410738712847e+08 6.515117361820118580e-01
1.909573832878100574e+08 6.521168265864848435e-01
2.015337685941735208e+08 6.527431132337363495e-01
2.126959386668691933e+08 6.533912970309249113e-01
2.244763378413223922e+08 6.540620984195155696e-01
2.369092074182631969e+08 6.547562735764534958e-01
2.500306851906321347e+08 6.554746169210685647e-01
2.638789104828929305e+08 6.562178358797234878e-01
2.784941350080649853e+08 6.569867737745274106e-01
2.939188398646890521e+08 6.577822482172429597e-01
3.101978590138099790e+08 6.586051259338779884e-01
3.273785095948576927e+08 6.594563680577302245e-01
3.455107294592218399e+08 6.603366353057050775e-01
3.646472223212745190e+08 6.612470343257236260e-01
3.848436109487425089e+08 6.621885178301591957e-01
4.061585988376971483e+08 6.631619341356782549e-01
4.286541408420934081e+08 6.641682544873167560e-01
4.523956232538058162e+08 6.652085081171593695e-01
4.774520538566131592e+08 6.662838574160087068e-01
5.038962625065150261e+08 6.673950709477393106e-01
5.318051128214197159e+08 6.685435069559183541e-01
5.612597255954965353e+08 6.697301264289594602e-01
5.923457145875793695e+08 6.709559176758602694e-01
6.251534353689699173e+08 6.722221529381934291e-01
6.597782479539546967e+08 6.735299252000189751e-01
6.963207939763890505e+08 6.748803128493914283e-01
7.348872892180387974e+08 6.762745166999668545e-01
7.755898323389002085e+08 6.777137733665351549e-01
8.185467307069020271e+08 6.791992516788014633e-01
8.638828442740435600e+08 6.807321601542629663e-01
9.117299484984903336e+08 6.823136302102190687e-01
9.622271173675154448e+08 6.839449583568610880e-01
1.015521127634569168e+09 6.856272524717939021e-01
1.071766885445503354e+09 6.873617885138096906e-01
1.131127876593921423e+09 6.891497861630144772e-01
1.193776641714435816e+09 6.909924910594956726e-01
1.259895277795025826e+09 6.928909415284026929e-01
1.329675967466209888e+09 6.948464412459893769e-01
1.403321537605481863e+09 6.968601278241380870e-01
1.481046048880676985e+09 6.989329727343519538e-01
1.563075417945817471e+09 7.010664483738546782e-01
1.649648074098020792e+09 7.032612463485290455e-01
1.741015652304015398e+09 7.055185495828366626e-01
1.837443724610724926e+09 7.078393944294598672e-01
1.939212572065826893e+09 7.102246460447095844e-01
2.046617999391993999e+09 7.126751523965568769e-01
2.159972194782721519e+09 7.151917963520233457e-01
2.279604637318982124e+09 7.177753162555973176e-01
2.405863054644066811e+09 7.204263642906233445e-01
2.539114433680346966e+09 7.231454643883639122e-01
2.679746087325689316e+09 7.259332186296979517e-01
2.828166780230029583e+09 7.287898900029988747e-01
2.984807916924321175e+09 7.317159901490271068e-01
3.150124795755321503e+09 7.347114218802993646e-01
3.324597932270945072e+09 7.377764241976225712e-01
3.508734455902714729e+09 7.409108722135887559e-01
3.703069584005141258e+09 7.441146402161165074e-01
3.908168177536263943e+09 7.473873137909842201e-01
4.124626382901348114e+09 7.507283884646902550e-01
4.353073364731883049e+09 7.541373916170461822e-01
4.594173134636466980e+09 7.576133917582731359e-01
4.848626481239088058e+09 7.611557934442112483e-01
5.117173007114609718e+09 7.647632394262109390e-01
5.400593278542373657e+09 7.684347048144685166e-01
5.699711094326075554e+09 7.721689545855339176e-01
6.015395880274832726e+09 7.759643403877053425e-01
6.348565216305210114e+09 7.798195881214922132e-01
6.700187503509576797e+09 7.837329298592976556e-01
7.071284778942981720e+09 7.877025153982448735e-01
7.462935686310145378e+09 7.917266680742265361e-01
7.876278611187063217e+09 7.958034561173910060e-01
8.312514989890631676e+09 7.999310309832342591e-01
8.772912801613355637e+09 8.041074025683615512e-01
9.258810253973945618e+09 8.083307564789556920e-01
9.771619672696161270e+09 8.125991760581421364e-01
1.031283160672186852e+10 8.169109110280112773e-01
1.088401916069007683e+10 8.212643048836818505e-01
1.148684256737554741e+10 8.256576632592307341e-01
1.212305401337652779e+10 8.300897371660288515e-01
1.279450273207873344e+10 8.345592185234375071e-01
1.350314037869872093e+10 8.390651648635050197e-01
1.425102670302996254e+10 8.436068682209507674e-01
1.504033553638022041e+10 8.481836617134846934e-01
1.587336111010205460e+10 8.527953850861209606e-01
1.675252472408210373e+10 8.574420021016236904e-01
1.768038178457208633e+10 8.621239411111961681e-01
1.865962923181745911e+10 8.668415470469418294e-01
1.969311337907421875e+10 8.715959979812917258e-01
2.078383818579755020e+10 8.763879593751510155e-01
2.193497398905055618e+10 8.812190104589766593e-01
2.314986671851165771e+10 8.860906151636339656e-01
2.443204762186491776e+10 8.910043735697643630e-01
2.578524352884276581e+10 8.959619672167459248e-01
2.721338768375308609e+10 9.009653450317322010e-01
2.872063117797828293e+10 9.060161125920702663e-01
3.031135501567576218e+10 9.111160733232026576e-01
3.199018284775060654e+10 9.162670038703093489e-01
3.376199441111333084e+10 9.214702905322362803e-01
3.563193971228576660e+10 9.267273892475138553e-01
3.760545399658160400e+10 9.320394312580057017e-01
3.968827354637165833e+10 9.374071443862087571e-01
4.188645235435270691e+10 9.428312953845274791e-01
4.420637972028530121e+10 9.483121556679450226e-01
4.665479882234468079e+10 9.538499712926699070e-01
4.923882631706731415e+10 9.594445256135830657e-01
5.196597302486207581e+10 9.650957001487242559e-01
5.484416576121026611e+10 9.708031772205827359e-01
5.788177037701280212e+10 9.765664381741177014e-01
6.108761607505039978e+10 9.823852397521346536e-01
6.447102107323869324e+10 9.882591953521973061e-01
6.804181968927093506e+10 9.941882813029849775e-01
7.181039092537341309e+10 1.000172704568212279e+00
7.578768863625914001e+10 1.006212546982694134e+00
7.998527336796691895e+10 1.012308655241536570e+00
8.441534596012959290e+10 1.018461842786930749e+00
8.909078300934143066e+10 1.024673371103588249e+00
9.402517429670132446e+10 1.030944551612924753e+00
9.923286228832545471e+10 1.037277049646083915e+00
1.047289838236357422e+11 1.043672371178348435e+00
1.105295141126019745e+11 1.050132166005041112e+00
1.166513131698198547e+11 1.056657972425611991e+00
1.231121748203892059e+11 1.063251403075308854e+00
1.299308784200417175e+11 1.069913210781276769e+00
1.371272434398400879e+11 1.076644512334304027e+00
1.447221870741134338e+11 1.083445886270972824e+00
1.527377850390712280e+11 1.090317937516324331e+00
1.611973357388155518e+11 1.097260687604249441e+00
1.701254279852585754e+11 1.104274317506664271e+00
1.795480124687826843e+11 1.111359096160509763e+00
1.894924771873815918e+11 1.118515676598615061e+00
1.999877270535286865e+11 1.125744390006655271e+00
2.110642679101554871e+11 1.133046146767647588e+00
2.227542951999556274e+11 1.140422336819934879e+00
2.350917875457284546e+11 1.147873981668781518e+00
2.481126055137765198e+11 1.155403140783531235e+00
2.618545958474237976e+11 1.163011166107891015e+00
2.763577014736163330e+11 1.170699914730088942e+00
2.916640776023706665e+11 1.178470795606412880e+00
3.078182142565079956e+11 1.186325098218616647e+00
3.248670655878374634e+11 1.194263788546459981e+00
3.428601863556583252e+11 1.202287830795865098e+00
3.618498759642742920e+11 1.210397480933341985e+00
3.818913304781846313e+11 1.218593718330287290e+00
4.030428030568041992e+11 1.226877200746326446e+00
4.253657732750374146e+11 1.235248724913965201e+00
4.489251258218607788e+11 1.243710080241314575e+00
4.737893390963143921e+11 1.252262277902978616e+00
5.000306842491090088e+11 1.260907544479330067e+00
5.277254352483532104e+11 1.269647255761055860e+00
5.569540905800124512e+11 1.278483615853751143e+00
5.878016072274924316e+11 1.287417801806878925e+00
6.203576476104281006e+11 1.296451304289289785e+00
6.547168402004742432e+11 1.305584979666846390e+00
6.909790545715645752e+11 1.314819869895332838e+00
7.292496916841444092e+11 1.324157033443870590e+00
7.696399902471151123e+11 1.333598092847875005e+00
8.122673500479703369e+11 1.343143975862875816e+00
8.572556731909306641e+11 1.352797164353380488e+00
9.047357242349274902e+11 1.362559590647423491e+00
9.548455102782264404e+11 1.372432848152677520e+00
1.007730682094457642e+12 1.382418940232990057e+00
1.063544957486011230e+12 1.392519444597840605e+00
1.122450568085305908e+12 1.402735422464949755e+00
1.184618730902682373e+12 1.413068451962299577e+00
1.250230145991453369e+12 1.423519959911240917e+00
1.319475521676708740e+12 1.434091838762406201e+00
1.392556128874464844e+12 1.444786173928685580e+00
1.469684386112447510e+12 1.455605289736015884e+00
1.551084476952840576e+12 1.466551210795769888e+00
1.636993001611701904e+12 1.477625695811259687e+00
1.727659664669034668e+12 1.488830605336866952e+00
1.823348000868438477e+12 1.500167457368680068e+00
1.924336141115976074e+12 1.511638186895912561e+00
2.030917620904730713e+12 1.523244740021276300e+00
2.143402233514850098e+12 1.534989973142820263e+00
2.262116930469017090e+12 1.546875988830773485e+00
2.387406771860646973e+12 1.558905161396478833e+00
2.519635929317013672e+12 1.571079279370918291e+00
2.659188744512690918e+12 1.583400217971842272e+00
2.806470846309833008e+12 1.595870684823667673e+00
2.961910329772559570e+12 1.608492807621686671e+00
3.125959000482284180e+12 1.621269323814632957e+00
3.299093687770942383e+12 1.634202886337275729e+00
3.481817630688966309e+12 1.647295498397633562e+00
3.674661940736687988e+12 1.660550090419476987e+00
3.878187145610719727e+12 1.673968631650991856e+00
4.092984818452434082e+12 1.687553833381877366e+00
4.319679297334164551e+12 1.701308848888690273e+00
4.558929499981049805e+12 1.715236559052314425e+00
4.811430839003245117e+12 1.729339518257530406e+00
5.077917243205382812e+12 1.743619939729975421e+00
5.359163290848514648e+12 1.758081224749961091e+00
5.655986461065001953e+12 1.772726457043402926e+00
5.969249509970727539e+12 1.787558494866470227e+00
6.299862978380680664e+12 1.802580656539724435e+00
6.648787838417276367e+12 1.817795787117643780e+00
7.017038286703836914e+12 1.833206901361122965e+00
7.405684692262442383e+12 1.848817502360049936e+00
7.815856707684090820e+12 1.864630883740598710e+00
8.248746552614581055e+12 1.880650683880730201e+00
8.705612479099856445e+12 1.896879542561253684e+00
9.187782428863320312e+12 1.913321789135810302e+00
9.696657893145500000e+12 1.929980903419509453e+00
1.023371798632517188e+13 1.946860338725759698e+00
1.080052374516249609e+13 1.963963809553752604e+00
1.139872266616047852e+13 1.981295086520695747e+00
1.203005349423324219e+13 1.998858287296241265e+00
1.269635127659972852e+13 2.016657029132916890e+00
1.339955269659337109e+13 2.034695814036444617e+00
1.414170170289021094e+13 2.052978375044552717e+00
1.492495545051832227e+13 2.071509209631283266e+00
1.575159057091624414e+13 2.090292306340970629e+00
1.662400978926613477e+13 2.109332102963001443e+00
1.754474890833459570e+13 2.128633288211534857e+00
1.851648417912153906e+13 2.148200642091787849e+00
1.954204007974051562e+13 2.168038008640813974e+00
2.062439752514088281e+13 2.188151004021940960e+00
2.176670253153454688e+13 2.208543997717618002e+00
2.297227536071146484e+13 2.229222065100542771e+00
2.424462017082320703e+13 2.250190342584095671e+00
2.558743520168578516e+13 2.271453634459232429e+00
2.700462352420682031e+13 2.293017991615905693e+00
2.850030438518105078e+13 2.314888027598454912e+00
3.007882518043095703e+13 2.337069714944133736e+00
3.174477409109187109e+13 2.359568555046778648e+00
3.350299341977236719e+13 2.382390086084110514e+00
3.535859366535182812e+13 2.405540590320236483e+00
3.731696837732755469e+13 2.429025396471085063e+00
3.938380983288489062e+13 2.452851255970301736e+00
4.156512558225988281e+13 2.477024685690885075e+00
4.386725591048494531e+13 2.501550999100551564e+00
4.629689226627258594e+13 2.526437317748534195e+00
4.886109671160316406e+13 2.551690245200270990e+00
5.156732244854953125e+13 2.577316596956046091e+00
5.442343548300250000e+13 2.603323587791131821e+00
5.743773748826563281e+13 2.629717736667841699e+00
6.061898993497571875e+13 2.656506959563395665e+00
6.397643955748423438e+13 2.683698288850712377e+00
6.751984523072494531e+13 2.711299514372889075e+00
7.125950633568396875e+13 2.739318287162112231e+00
7.520629269592421875e+13 2.767762207597101565e+00
7.937167617217559375e+13 2.796640074471809623e+00
8.376776400682925000e+13 2.825960315555001046e+00
8.840733401525062500e+13 2.855730148088857945e+00
9.330387172620360938e+13 2.885958656958670154e+00
9.847160957933764062e+13 2.916655509670283752e+00
1.039255682936710938e+14 2.947829550237254015e+00
1.096816005273135781e+14 2.979489189026125029e+00
1.157564369553301094e+14 3.011645102577088728e+00
1.221677348996788125e+14 3.044305989041799165e+00
1.289341296525710469e+14 3.077482162647997121e+00
1.360752886424333125e+14 3.111183812994648967e+00
1.436119685999077188e+14 3.145420991289147317e+00
1.515660758900601250e+14 3.180204368960052541e+00
1.599607301861484688e+14 3.215545256517842176e+00
1.688203316700366250e+14 3.251454196014132325e+00
1.781706319545732500e+14 3.287942968627517892e+00
1.880388089340916562e+14 3.325023233878839246e+00
1.984535457805803125e+14 3.362706384134770410e+00
2.094451143151468750e+14 3.401004799962455749e+00
2.210454629971019375e+14 3.439930933087267828e+00
2.332883097864153438e+14 3.479497812568120629e+00
2.462092401494620625e+14 3.519717759721163741e+00
2.598458104929241875e+14 3.560605020933476084e+00
2.742376573264941250e+14 3.602173258993772276e+00
2.894266124716740000e+14 3.644436060973745839e+00
3.054568246515431875e+14 3.687406972134768424e+00
3.223748878149026875e+14 3.731101912798537423e+00
3.402299765678064375e+14 3.775535045757704378e+00
3.590739891061047500e+14 3.820722831468077452e+00
3.789616980644723750e+14 3.866680440877542591e+00
3.999509097203669375e+14 3.913423373654298931e+00
4.221026320156903125e+14 3.960968296977655179e+00
4.454812518844988750e+14 4.009333539264879676e+00
4.701547224022129375e+14 4.058534363993665295e+00
4.961947603002898125e+14 4.108590365191788329e+00
5.236770544204645000e+14 4.159517893839293379e+00
5.526814857144591875e+14 4.211337563958419850e+00
5.832923594286188750e+14 4.264067849317872749e+00
6.155986501483488750e+14 4.317726910687355257e+00
6.496942604146098750e+14 4.372336411938933409e+00
6.856782936641737500e+14 4.427917424078262165e+00
7.236553422869650000e+14 4.484487137473069929e+00
7.637357916378011250e+14 4.542072034397190095e+00
8.060361408861328750e+14 4.600691357355772837e+00
8.506793416364170000e+14 4.660368898591960907e+00
8.977951553033331250e+14 4.721127168808895824e+00
9.475205302806547500e+14 4.782990912978953624e+00
1.000000000000000000e+15 4.845982646715754960e+00
