1.000000000000000000e+08 1.063413063001847902e+00
1.055386103036523014e+08 1.064049088160607059e+00
1.113839826482618302e+08 1.064707891372469462e+00
1.175531073878367543e+08 1.065389980745628185e+00
1.240639159058834314e+08 1.066096514161599895e+00
1.309353327353612185e+08 1.066827893118345916e+00
1.381873305653633475e+08 1.067585384195046672e+00
1.458409882943986356e+08 1.068369765068200694e+00
1.539185522990205288e+08 1.069181763000279783e+00
1.624435010958865285e+08 1.070022638193927511e+00
1.714406135851968527e+08 1.070893063633035158e+00
1.809360410738712847e+08 1.071794310404524886e+00
1.909573832878100574e+08 1.072727092852376440e+00
2.015337685941735208e+08 1.073692727939864922e+00
2.126959386668691933e+08 1.074692437033123005e+00
2.244763378413223922e+08 1.075726824961213746e+00
2.369092074182631969e+08 1.076797510861562390e+00
2.500306851906321347e+08 1.077905639838150575e+00
2.638789104828929305e+08 1.079052358957947266e+00
2.784941350080649853e+08 1.080238789134388755e+00
2.939188398646890521e+08 1.081466468568591521e+00
3.101978590138099790e+08 1.082736563879457936e+00
3.273785095948576927e+08 1.084050619487306522e+00
3.455107294592218399e+08 1.085409772623161517e+00
3.646472223212745190e+08 1.086815753222714953e+00
3.848436109487425089e+08 1.088269939787558149e+00
4.061585988376971483e+08 1.089773542653223570e+00
4.286541408420934081e+08 1.091328520301953597e+00
4.523956232538058162e+08 1.092936323636645835e+00
4.774520538566131592e+08 1.094598458526484297e+00
5.038962625065150261e+08 1.096316804248249177e+00
5.318051128214197159e+08 1.098092835212460372e+00
5.612597255954965353e+08 1.099928349760686652e+00
5.923457145875793695e+08 1.101825140944411530e+00
6.251534353689699173e+08 1.103784863615996592e+00
6.597782479539546967e+08 1.105809422092831174e+00
6.963207939763890505e+08 1.107900679496332419e+00
7.348872892180387974e+08 1.110060622792436780e+00
7.755898323389002085e+08 1.112290886272516044e+00
8.185467307069020271e+08 1.114593511502241840e+00
8.638828442740435600e+08 1.116970555182759339e+00
9.117299484984903336e+08 1.119423821159090116e+00
9.622271173675154448e+08 1.121955305739588571e+00
1.015521127634569168e+09 1.124567047288323351e+00
1.071766885445503354e+09 1.127261038675331006e+00
1.131127876593921423e+09 1.130039206548835384e+00
1.193776641714435816e+09 1.132903649090379883e+00
1.259895277795025826e+09 1.135856358917523234e+00
1.329675967466209888e+09 1.138899190950769524e+00
1.403321537605481863e+09 1.142034169327666770e+00
1.481046048880676985e+09 1.145263120759122177e+00
1.563075417945817471e+09 1.148588224479370368e+00
1.649648074098020792e+09 1.152011047208785444e+00
1.741015652304015398e+09 1.155533656464564185e+00
1.837443724610724926e+09 1.159157537087983636e+00
1.939212572065826893e+09 1.162884664440471116e+00
2.046617999391993999e+09 1.166716458968639403e+00
2.159972194782721519e+09 1.170654442256226391e+00
2.279604637318982124e+09 1.174700233229673874e+00
2.405863054644066811e+09 1.178854993722138200e+00
2.539114433680346966e+09 1.183120068636148048e+00
2.679746087325689316e+09 1.187496469163826340e+00
2.828166780230029583e+09 1.191985042271324069e+00
2.984807916924321175e+09 1.196586878210724292e+00
3.150124795755321503e+09 1.201302414128288865e+00
3.324597932270945072e+09 1.206132147381848707e+00
3.508734455902714729e+09 1.211076393681654428e+00
3.703069584005141258e+09 1.216135113637395015e+00
3.908168177536263943e+09 1.221308325556167418e+00
4.124626382901348114e+09 1.226595619840641360e+00
4.353073364731883049e+09 1.231996590042582440e+00
4.594173134636466980e+09 1.237510149839104345e+00
4.848626481239088058e+09 1.243135501921964758e+00
5.117173007114609718e+09 1.248871473813417454e+00
5.400593278542373657e+09 1.254716171202075570e+00
5.699711094326075554e+09 1.260668379325037503e+00
6.015395880274832726e+09 1.266725835839907832e+00
6.348565216305210114e+09 1.272886400431515019e+00
6.700187503509576797e+09 1.279148058413220213e+00
7.071284778942981720e+09 1.285507761810434246e+00
7.462935686310145378e+09 1.291962934082727887e+00
7.876278611187063217e+09 1.298510895926368702e+00
8.312514989890631676e+09 1.305148383000821921e+00
8.772912801613355637e+09 1.311872500361990879e+00
9.258810253973945618e+09 1.318679891624084721e+00
9.771619672696161270e+09 1.325567774611158711e+00
1.031283160672186852e+10 1.332532512336193742e+00
1.088401916069007683e+10 1.339571558799367512e+00
1.148684256737554741e+10 1.346681786617089260e+00
1.212305401337652779e+10 1.353860211564793969e+00
1.279450273207873344e+10 1.361104591857081214e+00
1.350314037869872093e+10 1.368412517408313933e+00
1.425102670302996254e+10 1.375782015245522016e+00
1.504033553638022041e+10 1.383211539662786871e+00
1.587336111010205460e+10 1.390699676271562657e+00
1.675252472408210373e+10 1.398245951846837309e+00
1.768038178457208633e+10 1.405849497399321635e+00
1.865962923181745911e+10 1.413510778025851344e+00
1.969311337907421875e+10 1.421229992979895052e+00
2.078383818579755020e+10 1.429008360009474066e+00
2.193497398905055618e+10 1.436847329765313930e+00
2.314986671851165771e+10 1.444748664513004099e+00
2.443204762186491776e+10 1.452714177269349038e+00
2.578524352884276581e+10 1.460746824646191877e+00
2.721338768375308609e+10 1.468849086799306036e+00
2.872063117797828293e+10 1.477023878074800844e+00
3.031135501567576218e+10 1.485274071433905885e+00
3.199018284775060654e+10 1.493602885856568196e+00
3.376199441111333084e+10 1.502012789981718832e+00
3.563193971228576660e+10 1.510506993887941407e+00
3.760545399658160400e+10 1.519087562116971268e+00
3.968827354637165833e+10 1.527756957333934906e+00
4.188645235435270691e+10 1.536517055977611568e+00
4.420637972028530121e+10 1.545368954855266708e+00
4.665479882234468079e+10 1.554313844510441633e+00
4.923882631706731415e+10 1.563352235809386093e+00
5.196597302486207581e+10 1.572484457276113412e+00
5.484416576121026611e+10 1.581710178716008830e+00
5.788177037701280212e+10 1.591029218450220384e+00
6.108761607505039978e+10 1.600440946008287568e+00
6.447102107323869324e+10 1.609944735618302536e+00
6.804181968927093506e+10 1.619539628334584203e+00
7.181039092537341309e+10 1.629225502295843064e+00
7.578768863625914001e+10 1.639002820653186809e+00
7.998527336796691895e+10 1.648870657973902976e+00
8.441534596012959290e+10 1.658830273112332554e+00
8.909078300934143066e+10 1.668882423812367177e+00
9.402517429670132446e+10 1.679028826818955711e+00
9.923286228832545471e+10 1.689271510093581119e+00
1.047289838236357422e+11 1.699612703726810281e+00
1.105295141126019745e+11 1.710054947747428722e+00
1.166513131698198547e+11 1.720601136588750135e+00
1.231121748203892059e+11 1.731253788232794300e+00
1.299308784200417175e+11 1.742015528325038920e+00
1.371272434398400879e+11 1.752888400201251473e+00
1.447221870741134338e+11 1.763874292124103071e+00
1.527377850390712280e+11 1.774974622208783215e+00
1.611973357388155518e+11 1.786190887858814191e+00
1.701254279852585754e+11 1.797523128100443346e+00
1.795480124687826843e+11 1.808972208291377282e+00
1.894924771873815918e+11 1.820537882168240529e+00
1.999877270535286865e+11 1.832221527469745981e+00
2.110642679101554871e+11 1.844022951777804620e+00
2.227542951999556274e+11 1.855943403915910173e+00
2.350917875457284546e+11 1.867984325850904348e+00
2.481126055137765198e+11 1.880147982005450746e+00
2.618545958474237976e+11 1.892436545501364087e+00
2.763577014736163330e+11 1.904852705604466179e+00
2.916640776023706665e+11 1.917399156784073133e+00
3.078182142565079956e+11 1.930078668134096898e+00
3.248670655878374634e+11 1.942893718208847043e+00
3.428601863556583252e+11 1.955846611030364945e+00
3.618498759642742920e+11 1.968938269982130951e+00
3.818913304781846313e+11 1.982170774722822326e+00
4.030428030568041992e+11 1.995544531712598824e+00
4.253657732750374146e+11 2.009061141789077354e+00
4.489251258218607788e+11 2.022721493069173260e+00
4.737893390963143921e+11 2.036527245495892924e+00
5.000306842491090088e+11 2.050480857956478165e+00
5.277254352483532104e+11 2.064584593815312452e+00
5.569540905800124512e+11 2.078841747243103555e+00
5.878016072274924316e+11 2.093255184152454706e+00
6.203576476104281006e+11 2.107827625288871687e+00
6.547168402004742432e+11 2.122561473435808033e+00
6.909790545715645752e+11 2.137459068385210159e+00
7.292496916841444092e+11 2.152522002798567424e+00
7.696399902471151123e+11 2.167751739167766090e+00
8.122673500479703369e+11 2.183150603131463363e+00
8.572556731909306641e+11 2.198719953897788848e+00
9.047357242349274902e+11 2.214463215889623804e+00
9.548455102782264404e+11 2.230382894577642272e+00
1.007730682094457642e+12 2.246482703421908589e+00
1.063544957486011230e+12 2.262766030913423876e+00
1.122450568085305908e+12 2.279235023153284523e+00
1.184618730902682373e+12 2.295892645284975497e+00
1.250230145991453369e+12 2.312740904366730188e+00
1.319475521676708740e+12 2.329782259230165575e+00
1.392556128874464844e+12 2.347018870996048001e+00
1.469684386112447510e+12 2.364454012819123374e+00
1.551084476952840576e+12 2.382091525510020791e+00
1.636993001611701904e+12 2.399934593281335626e+00
1.727659664669034668e+12 2.417987130846194432e+00
1.823348000868438477e+12 2.436251575320710572e+00
1.924336141115976074e+12 2.454731144102049623e+00
2.030917620904730713e+12 2.473428042910883917e+00
2.143402233514850098e+12 2.492346020239149418e+00
2.262116930469017090e+12 2.511488558336182564e+00
2.387406771860646973e+12 2.530859381795675045e+00
2.519635929317013672e+12 2.550462569578258343e+00
2.659188744512690918e+12 2.570302022945298859e+00
2.806470846309833008e+12 2.590380173600135283e+00
2.961910329772559570e+12 2.610701326051508175e+00
3.125959000482284180e+12 2.631268094182567907e+00
3.299093687770942383e+12 2.652085773448623396e+00
3.481817630688966309e+12 2.673157986592810342e+00
3.674661940736687988e+12 2.694489349207526363e+00
3.878187145610719727e+12 2.716083217989527565e+00
4.092984818452434082e+12 2.737943795596669450e+00
4.319679297334164551e+12 2.760075003643069458e+00
4.558929499981049805e+12 2.782481247094564125e+00
4.811430839003245117e+12 2.805168203197832000e+00
5.077917243205382812e+12 2.828139485128317254e+00
5.359163290848514648e+12 2.851399396605292402e+00
5.655986461065001953e+12 2.874952739371567034e+00
5.969249509970727539e+12 2.898804459058769822e+00
6.299862978380680664e+12 2.922959364520851810e+00
6.648787838417276367e+12 2.947422886458721525e+00
7.017038286703836914e+12 2.972200031152401944e+00
7.405684692262442383e+12 2.997294947445058533e+00
7.815856707684090820e+12 3.022713526147415841e+00
8.248746552614581055e+12 3.048461108796957308e+00
8.705612479099856445e+12 3.074543862749300693e+00
9.187782428863320312e+12 3.100965979342651391e+00
9.696657893145500000e+12 3.127734545326148918e+00
1.023371798632517188e+13 3.154854243223280452e+00
1.080052374516249609e+13 3.182331600651377101e+00
1.139872266616047852e+13 3.210172575976371512e+00
1.203005349423324219e+13 3.238382940977053703e+00
1.269635127659972852e+13 3.266969188621566378e+00
1.339955269659337109e+13 3.295938589188267542e+00
1.414170170289021094e+13 3.325296583747319623e+00
1.492495545051832227e+13 3.355050159037737956e+00
1.575159057091624414e+13 3.385206104216635925e+00
1.662400978926613477e+13 3.415771344006016008e+00
1.754474890833459570e+13 3.446753356502648913e+00
1.851648417912153906e+13 3.478158968876192247e+00
1.954204007974051562e+13 3.509995156900953095e+00
2.062439752514088281e+13 3.542270430665553249e+00
2.176670253153454688e+13 3.574992290770590664e+00
2.297227536071146484e+13 3.608167962635506765e+00
2.424462017082320703e+13 3.641806134742767043e+00
2.558743520168578516e+13 3.675914186572851960e+00
2.700462352420682031e+13 3.710500969004184579e+00
2.850030438518105078e+13 3.745575330271994741e+00
3.007882518043095703e+13 3.781145723535281444e+00
3.174477409109187109e+13 3.817221205263998662e+00
3.350299341977236719e+13 3.853810761208281921e+00
3.535859366535182812e+13 3.890922321385282601e+00
3.731696837732755469e+13 3.928567579388822839e+00
3.938380983288489062e+13 3.966754777878032989e+00
4.156512558225988281e+13 4.005494642758519852e+00
4.386725591048494531e+13 4.044796212559580439e+00
4.629689226627258594e+13 4.084671161054718169e+00
4.886109671160316406e+13 4.125128670028449740e+00
5.156732244854953125e+13 4.166180775524050084e+00
5.442343548300250000e+13 4.207837641047568411e+00
5.743773748826563281e+13 4.250109908866736674e+00
6.061898993497571875e+13 4.293010969467658811e+00
6.397643955748423438e+13 4.336550741312111157e+00
6.751984523072494531e+13 4.380742301206717926e+00
7.125950633568396875e+13 4.425597210622171040e+00
7.520629269592421875e+13 4.471128503458889014e+00
7.937167617217559375e+13 4.517348851008085475e+00
8.376776400682925000e+13 4.564271073826633440e+00
8.840733401525062500e+13 4.611908824259972839e+00
9.330387172620360938e+13 4.660276199480685833e+00
9.847160957933764062e+13 4.709386321379544604e+00
1.039255682936710938e+14 4.759253252344342933e+00
1.096816005273135781e+14 4.809891971909208586e+00
1.157564369553301094e+14 4.861318877346667122e+00
1.221677348996788125e+14 4.913546399384913776e+00
1.289341296525710469e+14 4.966594200832429529e+00
1.360752886424333125e+14 5.020474393105653910e+00
1.436119685999077188e+14 5.075204688578664580e+00
1.515660758900601250e+14 5.130802057882867473e+00
1.599607301861484688e+14 5.187283939018683121e+00
1.688203316700366250e+14 5.244666575431979005e+00
1.781706319545732500e+14 5.302969652139643664e+00
1.880388089340916562e+14 5.362209451868048760e+00
1.984535457805803125e+14 5.422406535058158283e+00
2.094451143151468750e+14 5.483579645194735619e+00
2.210454629971019375e+14 5.545747251672402456e+00
2.332883097864153438e+14 5.608929616029880272e+00
2.462092401494620625e+14 5.673148369782144762e+00
2.598458104929241875e+14 5.738424741512223370e+00
2.742376573264941250e+14 5.804779764608032799e+00
2.894266124716740000e+14 5.872235135363460756e+00
3.054568246515431875e+14 5.940813407710120231e+00
3.223748878149026875e+14 6.010538202749600600e+00
3.402299765678064375e+14 6.081431522393703659e+00
3.590739891061047500e+14 6.153520785122372772e+00
3.789616980644723750e+14 6.226827312774701362e+00
3.999509097203669375e+14 6.301380149220423554e+00
4.221026320156903125e+14 6.377200842042094919e+00
4.454812518844988750e+14 6.454320090040259750e+00
4.701547224022129375e+14 6.532763748202417453e+00
4.961947603002898125e+14 6.612557804694334962e+00
5.236770544204645000e+14 6.693732396278179841e+00
5.526814857144591875e+14 6.776317627385437525e+00
5.832923594286188750e+14 6.860343776667598981e+00
6.155986501483488750e+14 6.945841105231152390e+00
6.496942604146098750e+14 7.032840592283446490e+00
6.856782936641737500e+14 7.121372469522647464e+00
7.236553422869650000e+14 7.211473686778471226e+00
7.637357916378011250e+14 7.303175192047883790e+00
8.060361408861328750e+14 7.396513943719566164e+00
8.506793416364170000e+14 7.491526091914991525e+00
8.977951553033331250e+14 7.588243797942300084e+00
9.475205302806547500e+14 7.686706193695481026e+00
1.000000000000000000e+15 7.786957118686764545e+00
