1.000000000000000000e+08 4.616760934107786429e-01
1.055386103036523014e+08 4.620200968201680913e-01
1.113839826482618302e+08 4.623761467989445650e-01
1.175531073878367543e+08 4.627448773528917703e-01
1.240639159058834314e+08 4.631265870248824079e-01
1.309353327353612185e+08 4.635216987203677474e-01
1.381873305653633475e+08 4.639307640900906526e-01
1.458409882943986356e+08 4.643541834655073308e-01
1.539185522990205288e+08 4.647924460694434212e-01
1.624435010958865285e+08 4.652460393550812423e-01
1.714406135851968527e+08 4.657155240696966847e-01
1.809360410738712847e+08 4.662012599635105281e-01
1.909573832878100574e+08 4.667039585509244470e-01
2.015337685941735208e+08 4.672241625283569122e-01
2.126959386668691933e+08 4.677623704893343337e-01
2.244763378413223922e+08 4.683191781148806632e-01
2.369092074182631969e+08 4.688951677088019632e-01
2.500306851906321347e+08 4.694909455553807898e-01
2.638789104828929305e+08 4.701072408870195507e-01
2.784941350080649853e+08 4.707445940954426145e-01
2.939188398646890521e+08 4.714036736933596150e-01
3.101978590138099790e+08 4.720851986956288715e-01
3.273785095948576927e+08 4.727898363258554171e-01
3.455107294592218399e+08 4.735181858747222194e-01
3.646472223212745190e+08 4.742712476099016916e-01
3.848436109487425089e+08 4.750495148715617177e-01
4.061585988376971483e+08 4.758537854879192897e-01
4.286541408420934081e+08 4.766847531721882247e-01
4.523956232538058162e+08 4.775434743626820744e-01
4.774520538566131592e+08 4.784304513645027401e-01
5.038962625065150261e+08 4.793466223829404571e-01
5.318051128214197159e+08 4.802927061560419153e-01
5.612597255954965353e+08 4.812696685046183864e-01
5.923457145875793695e+08 4.822781802664385942e-01
6.251534353689699173e+08 4.833192053387432296e-01
6.597782479539546967e+08 4.843935405063750088e-01
6.963207939763890505e+08 4.855020480357775114e-01
7.348872892180387974e+08 4.866456202917627261e-01
7.755898323389002085e+08 4.878251417889626351e-01
8.185467307069020271e+08 4.890413640529788220e-01
8.638828442740435600e+08 4.902952208444110171e-01
9.117299484984903336e+08 4.915875798147985032e-01
9.622271173675154448e+08 4.929192543509565150e-01
1.015521127634569168e+09 4.942911367187710625e-01
1.071766885445503354e+09 4.957039829777060702e-01
1.131127876593921423e+09 4.971587462470264951e-01
1.193776641714435816e+09 4.986560371285451709e-01
1.259895277795025826e+09 5.001967573520985644e-01
1.329675967466209888e+09 5.017816467240812095e-01
1.403321537605481863e+09 5.034114138345531231e-01
1.481046048880676985e+09 5.050866871679610126e-01
1.563075417945817471e+09 5.068082149690491534e-01
1.649648074098020792e+09 5.085764852877567854e-01
1.741015652304015398e+09 5.103921502166196555e-01
1.837443724610724926e+09 5.122556600860256326e-01
1.939212572065826893e+09 5.141675168987803746e-01
2.046617999391993999e+09 5.161280064719805383e-01
2.159972194782721519e+09 5.181376205224164089e-01
2.279604637318982124e+09 5.201964261041289728e-01
2.405863054644066811e+09 5.223046252657748134e-01
2.539114433680346966e+09 5.244624106657858054e-01
2.679746087325689316e+09 5.266697232880258595e-01
2.828166780230029583e+09 5.289264167431343422e-01
2.984807916924321175e+09 5.312323417857856001e-01
3.150124795755321503e+09 5.335872159355022903e-01
3.324597932270945072e+09 5.359907761186089026e-01
3.508734455902714729e+09 5.384423452113573649e-01
3.703069584005141258e+09 5.409414874720027688e-01
3.908168177536263943e+09 5.434874552416008031e-01
4.124626382901348114e+09 5.460794271429665336e-01
4.353073364731883049e+09 5.487165964262750162e-01
4.594173134636466980e+09 5.513979508401950502e-01
4.848626481239088058e+09 5.541224511053071122e-01
5.117173007114609718e+09 5.568889038164764882e-01
5.400593278542373657e+09 5.596962104334718413e-01
5.699711094326075554e+09 5.625430332348402285e-01
6.015395880274832726e+09 5.654280621923122307e-01
6.348565216305210114e+09 5.683499000640551690e-01
6.700187503509576797e+09 5.713073105204449220e-01
7.071284778942981720e+09 5.742988508225378430e-01
7.462935686310145378e+09 5.773232008993897102e-01
7.876278611187063217e+09 5.803790056864270852e-01
8.312514989890631676e+09 5.834651297378680157e-01
8.772912801613355637e+09 5.865803076657737369e-01
9.258810253973945618e+09 5.897236559433189917e-01
9.771619672696161270e+09 5.928939855413826177e-01
1.031283160672186852e+10 5.960906463384009202e-01
1.088401916069007683e+10 5.993129975502687889e-01
1.148684256737554741e+10 6.025605789731807160e-01
1.212305401337652779e+10 6.058331883452213740e-01
1.279450273207873344e+10 6.091305721826775210e-01
1.350314037869872093e+10 6.124528774111064333e-01
1.425102670302996254e+10 6.158004729148909284e-01
1.504033553638022041e+10 6.191739010431649426e-01
1.587336111010205460e+10 6.225737243851980907e-01
1.675252472408210373e+10 6.260008835120295378e-01
1.768038178457208633e+10 6.294562762502287079e-01
1.865962923181745911e+10 6.329411067025844106e-01
1.969311337907421875e+10 6.364565577537293350e-01
2.078383818579755020e+10 6.400038680399341429e-01
2.193497398905055618e+10 6.435844250407962708e-01
2.314986671851165771e+10 6.471993511202338567e-01
2.443204762186491776e+10 6.508498672485386605e-01
2.578524352884276581e+10 6.545372882527338287e-01
2.721338768375308609e+10 6.582624979961229084e-01
2.872063117797828293e+10 6.620264286219560423e-01
3.031135501567576218e+10 6.658297127783912028e-01
3.199018284775060654e+10 6.696729663442988478e-01
3.376199441111333084e+10 6.735565733507957731e-01
3.563193971228576660e+10 6.774806947985162475e-01
3.760545399658160400e+10 6.814453327676904815e-01
3.968827354637165833e+10 6.854503695890373782e-01
4.188645235435270691e+10 6.894956157247992268e-01
4.420637972028530121e+10 6.935807268714876406e-01
4.665479882234468079e+10 6.977055968050815959e-01
4.923882631706731415e+10 7.018699331816877773e-01
5.196597302486207581e+10 7.060734123770374682e-01
5.484416576121026611e+10 7.103163068386946222e-01
5.788177037701280212e+10 7.145985869861321005e-01
6.108761607505039978e+10 7.189206267082571822e-01
6.447102107323869324e+10 7.232830302695917313e-01
6.804181968927093506e+10 7.276864691781687045e-01
7.181039092537341309e+10 7.321318958474593019e-01
7.578768863625914001e+10 7.366203467413562356e-01
7.998527336796691895e+10 7.411530225083964307e-01
8.441534596012959290e+10 7.457310987258135571e-01
8.909078300934143066e+10 7.503555795977664422e-01
9.402517429670132446e+10 7.550275506685374394e-01
9.923286228832545471e+10 7.597482064668963364e-01
1.047289838236357422e+11 7.645178096657300193e-01
1.105295141126019745e+11 7.693371759861937775e-01
1.166513131698198547e+11 7.742067309317758328e-01
1.231121748203892059e+11 7.791264589106008387e-01
1.299308784200417175e+11 7.840967724468268507e-01
1.371272434398400879e+11 7.891178619079912693e-01
1.447221870741134338e+11 7.941895282141678836e-01
1.527377850390712280e+11 7.993125808403993560e-01
1.611973357388155518e+11 8.044873210044330980e-01
1.701254279852585754e+11 8.097144551288942838e-01
1.795480124687826843e+11 8.149949912884544290e-01
1.894924771873815918e+11 8.203300739072586500e-01
1.999877270535286865e+11 8.257207046097472247e-01
2.110642679101554871e+11 8.311683125490403334e-01
2.227542951999556274e+11 8.366738159887433524e-01
2.350917875457284546e+11 8.422382344132904874e-01
2.481126055137765198e+11 8.478625755975227607e-01
2.618545958474237976e+11 8.535472614021311077e-01
2.763577014736163330e+11 8.592929851033602739e-01
2.916640776023706665e+11 8.650999293656755906e-01
3.078182142565079956e+11 8.709687509755472679e-01
3.248670655878374634e+11 8.769000108140105887e-01
3.428601863556583252e+11 8.828946571064431037e-01
3.618498759642742920e+11 8.889535070682582640e-01
3.818913304781846313e+11 8.950777919104299096e-01
4.030428030568041992e+11 9.012689224620932249e-01
4.253657732750374146e+11 9.075281646767653365e-01
4.489251258218607788e+11 9.138565592832295081e-01
4.737893390963143921e+11 9.202552068901028726e-01
5.000306842491090088e+11 9.267249244410858955e-01
5.277254352483532104e+11 9.332664655596389913e-01
5.569540905800124512e+11 9.398803920101365117e-01
5.878016072274924316e+11 9.465676761740554612e-01
6.203576476104281006e+11 9.533292731573603795e-01
6.547168402004742432e+11 9.601663845497625527e-01
6.909790545715645752e+11 9.670805985477363143e-01
7.292496916841444092e+11 9.740732322601518556e-01
7.696399902471151123e+11 9.811455422858462727e-01
8.122673500479703369e+11 9.882986687704479190e-01
8.572556731909306641e+11 9.955337705395809200e-01
9.047357242349274902e+11 1.002851616984425487e+00
9.548455102782264404e+11 1.010253357195462609e+00
1.007730682094457642e+12 1.017740183880080806e+00
1.063544957486011230e+12 1.025313321124030841e+00
1.122450568085305908e+12 1.032974568943019644e+00
1.184618730902682373e+12 1.040725450127587104e+00
1.250230145991453369e+12 1.048567205534861158e+00
1.319475521676708740e+12 1.056501229094388039e+00
1.392556128874464844e+12 1.064528689947052742e+00
1.469684386112447510e+12 1.072650785648287641e+00
1.551084476952840576e+12 1.080868891292424916e+00
1.636993001611701904e+12 1.089184682049488373e+00
1.727659664669034668e+12 1.097600088662370910e+00
1.823348000868438477e+12 1.106116615333274433e+00
1.924336141115976074e+12 1.114735744515007010e+00
2.030917620904730713e+12 1.123458815706686931e+00
2.143402233514850098e+12 1.132287342788603990e+00
2.262116930469017090e+12 1.141222927759848238e+00
2.387406771860646973e+12 1.150267663546386654e+00
2.519635929317013672e+12 1.159423284579743862e+00
2.659188744512690918e+12 1.168691529568819609e+00
2.806470846309833008e+12 1.178074029869545125e+00
2.961910329772559570e+12 1.187572539747720368e+00
3.125959000482284180e+12 1.197188744282577266e+00
3.299093687770942383e+12 1.206924859021363927e+00
3.481817630688966309e+12 1.216782947025805139e+00
3.674661940736687988e+12 1.226764765653442835e+00
3.878187145610719727e+12 1.236872270179699473e+00
4.092984818452434082e+12 1.247107468437426814e+00
4.319679297334164551e+12 1.257472449642599299e+00
4.558929499981049805e+12 1.267969415848425818e+00
4.811430839003245117e+12 1.278600731152924386e+00
5.077917243205382812e+12 1.289368296806605363e+00
5.359163290848514648e+12 1.300274405676471234e+00
5.655986461065001953e+12 1.311321377654332210e+00
5.969249509970727539e+12 1.322511680474158791e+00
6.299862978380680664e+12 1.333847648438323930e+00
6.648787838417276367e+12 1.345331403560390049e+00
7.017038286703836914e+12 1.356965792573217922e+00
7.405684692262442383e+12 1.368753367215103989e+00
7.815856707684090820e+12 1.380696207440063938e+00
8.248746552614581055e+12 1.392797663003487729e+00
8.705612479099856445e+12 1.405059746833687395e+00
9.187782428863320312e+12 1.417485831219440051e+00
9.696657893145500000e+12 1.430078102874424273e+00
1.023371798632517188e+13 1.442839916335443728e+00
1.080052374516249609e+13 1.455773860120768148e+00
1.139872266616047852e+13 1.468883082093696668e+00
1.203005349423324219e+13 1.482170578560960683e+00
1.269635127659972852e+13 1.495639228847345015e+00
1.339955269659337109e+13 1.509292316349226448e+00
1.414170170289021094e+13 1.523133258433063020e+00
1.492495545051832227e+13 1.537164971579566997e+00
1.575159057091624414e+13 1.551391262336241583e+00
1.662400978926613477e+13 1.565815268610643018e+00
1.754474890833459570e+13 1.580440659476851639e+00
1.851648417912153906e+13 1.595270511485728848e+00
1.954204007974051562e+13 1.610308948993643963e+00
2.062439752514088281e+13 1.625559655009730875e+00
2.176670253153454688e+13 1.641026293167992200e+00
2.297227536071146484e+13 1.656712874076863518e+00
2.424462017082320703e+13 1.672623223321873631e+00
2.558743520168578516e+13 1.688761414240616210e+00
2.700462352420682031e+13 1.705131827527488486e+00
2.850030438518105078e+13 1.721738247369121177e+00
3.007882518043095703e+13 1.738585089857431321e+00
3.174477409109187109e+13 1.755676776113654025e+00
3.350299341977236719e+13 1.773018144035434229e+00
3.535859366535182812e+13 1.790613653210853640e+00
3.731696837732755469e+13 1.808467559073586806e+00
3.938380983288489062e+13 1.826585126825637229e+00
4.156512558225988281e+13 1.844971406608733711e+00
4.386725591048494531e+13 1.863630704309286346e+00
4.629689226627258594e+13 1.882568538103285505e+00
4.886109671160316406e+13 1.901790098786310113e+00
5.156732244854953125e+13 1.921301009650372649e+00
5.442343548300250000e+13 1.941106462727194115e+00
5.743773748826563281e+13 1.961212162412698135e+00
6.061898993497571875e+13 1.981623159640045317e+00
6.397643955748423438e+13 2.002346388252560061e+00
6.751984523072494531e+13 2.023387206982465436e+00
7.125950633568396875e+13 2.044751858597151806e+00
7.520629269592421875e+13 2.066446486351078526e+00
7.937167617217559375e+13 2.088477732228632089e+00
8.376776400682925000e+13 2.110851358122868948e+00
8.840733401525062500e+13 2.133574987326418260e+00
9.330387172620360938e+13 2.156654589742077910e+00
9.847160957933764062e+13 2.180097933432125323e+00
1.039255682936710938e+14 2.203911441232108359e+00
1.096816005273135781e+14 2.228103370393463400e+00
1.157564369553301094e+14 2.252679899328092095e+00
1.221677348996788125e+14 2.277649385841922669e+00
1.289341296525710469e+14 2.303020121025114886e+00
1.360752886424333125e+14 2.328799054499357091e+00
1.436119685999077188e+14 2.354994952224830573e+00
1.515660758900601250e+14 2.381616452604350176e+00
1.599607301861484688e+14 2.408671205183757102e+00
1.688203316700366250e+14 2.436169146905489136e+00
1.781706319545732500e+14 2.464118575565485969e+00
1.880388089340916562e+14 2.492528715182925403e+00
1.984535457805803125e+14 2.521408744877360331e+00
2.094451143151468750e+14 2.550768105016470333e+00
2.210454629971019375e+14 2.580617956497173626e+00
2.332883097864153438e+14 2.610967196459775153e+00
2.462092401494620625e+14 2.641826191078374464e+00
2.598458104929241875e+14 2.673206573670935615e+00
2.742376573264941250e+14 2.705117382391056591e+00
2.894266124716740000e+14 2.737571290094123366e+00
3.054568246515431875e+14 2.770578899605863565e+00
3.223748878149026875e+14 2.804151669912472666e+00
3.402299765678064375e+14 2.838302089830833097e+00
3.590739891061047500e+14 2.873041769896464093e+00
3.789616980644723750e+14 2.908383832116468337e+00
3.999509097203669375e+14 2.944340392655568905e+00
4.221026320156903125e+14 2.980925228574416330e+00
4.454812518844988750e+14 3.018151147790630429e+00
4.701547224022129375e+14 3.056032724736645889e+00
4.961947603002898125e+14 3.094583027479044901e+00
5.236770544204645000e+14 3.133817327388310758e+00
5.526814857144591875e+14 3.173749938126090075e+00
5.832923594286188750e+14 3.214395989159852363e+00
6.155986501483488750e+14 3.255771466782148238e+00
6.496942604146098750e+14 3.297891999789034134e+00
6.856782936641737500e+14 3.340774082980351611e+00
7.236553422869650000e+14 3.384434553454876760e+00
7.637357916378011250e+14 3.428889818042601068e+00
8.060361408861328750e+14 3.474158282980733148e+00
8.506793416364170000e+14 3.520258331988570077e+00
8.977951553033331250e+14 3.567208227815714228e+00
9.475205302806547500e+14 3.615025829677354530e+00
1.000000000000000000e+15 3.663731914708745041e+00
