1.000000000000000000e+08 3.432693621548122409e-01
1.055386103036523014e+08 3.436435940809172140e-01
1.113839826482618302e+08 3.440308174421578546e-01
1.175531073878367543e+08 3.444314790050574948e-01
1.240639159058834314e+08 3.448459569026938176e-01
1.309353327353612185e+08 3.452746988575159937e-01
1.381873305653633475e+08 3.457182220236744707e-01
1.458409882943986356e+08 3.461768988351609511e-01
1.539185522990205288e+08 3.466512720777541467e-01
1.624435010958865285e+08 3.471418294480945188e-01
1.714406135851968527e+08 3.476490843307062373e-01
1.809360410738712847e+08 3.481734592182619825e-01
1.909573832878100574e+08 3.487155905789478538e-01
2.015337685941735208e+08 3.492759638001426969e-01
2.126959386668691933e+08 3.498551114515626170e-01
2.244763378413223922e+08 3.504535615703374685e-01
2.369092074182631969e+08 3.510719198801799390e-01
2.500306851906321347e+08 3.517108247266462762e-01
2.638789104828929305e+08 3.523707676234666963e-01
2.784941350080649853e+08 3.530523320192789916e-01
2.939188398646890521e+08 3.537562054571475323e-01
3.101978590138099790e+08 3.544829233653285505e-01
3.273785095948576927e+08 3.552331504566643150e-01
3.455107294592218399e+08 3.560074539943709482e-01
3.646472223212745190e+08 3.568065551292165516e-01
3.848436109487425089e+08 3.576309727449301645e-01
4.061585988376971483e+08 3.584813836498561002e-01
4.286541408420934081e+08 3.593584854479476287e-01
4.523956232538058162e+08 3.602628514922983083e-01
4.774520538566131592e+08 3.611951068122740693e-01
5.038962625065150261e+08 3.621558758785586307e-01
5.318051128214197159e+08 3.631458087188976225e-01
5.612597255954965353e+08 3.641655456860271034e-01
5.923457145875793695e+08 3.652156860366456703e-01
6.251534353689699173e+08 3.662967755566510220e-01
6.597782479539546967e+08 3.674094324964107816e-01
6.963207939763890505e+08 3.685542052170575622e-01
7.348872892180387974e+08 3.697316492482192185e-01
7.755898323389002085e+08 3.709423451134086780e-01
8.185467307069020271e+08 3.721867112000186717e-01
8.638828442740435600e+08 3.734652063753531315e-01
9.117299484984903336e+08 3.747782963070870332e-01
9.622271173675154448e+08 3.761264161304408438e-01
1.015521127634569168e+09 3.775098597696363578e-01
1.071766885445503354e+09 3.789289272424608557e-01
1.131127876593921423e+09 3.803839439234021902e-01
1.193776641714435816e+09 3.818751007408438536e-01
1.259895277795025826e+09 3.834026039283262022e-01
1.329675967466209888e+09 3.849664753312544430e-01
1.403321537605481863e+09 3.865668017910729448e-01
1.481046048880676985e+09 3.882035759534998576e-01
1.563075417945817471e+09 3.898766948789742504e-01
1.649648074098020792e+09 3.915860036988147441e-01
1.741015652304015398e+09 3.933312828747613787e-01
1.837443724610724926e+09 3.951121467868549120e-01
1.939212572065826893e+09 3.969283329239209901e-01
2.046617999391993999e+09 3.987793211818914663e-01
2.159972194782721519e+09 4.006645426176998481e-01
2.279604637318982124e+09 4.025835551500568932e-01
2.405863054644066811e+09 4.045355120664929638e-01
2.539114433680346966e+09 4.065198060350881382e-01
2.679746087325689316e+09 4.085355368627454076e-01
2.828166780230029583e+09 4.105818816943336280e-01
2.984807916924321175e+09 4.126579525678689686e-01
3.150124795755321503e+09 4.147628318027718475e-01
3.324597932270945072e+09 4.168954797807899459e-01
3.508734455902714729e+09 4.190549124696137939e-01
3.703069584005141258e+09 4.212401973369341857e-01
3.908168177536263943e+09 4.234502416850860484e-01
4.124626382901348114e+09 4.256841140338250007e-01
4.353073364731883049e+09 4.279408337244646199e-01
4.594173134636466980e+09 4.302196004326841461e-01
4.848626481239088058e+09 4.325194792936450372e-01
5.117173007114609718e+09 4.348397641363538346e-01
5.400593278542373657e+09 4.371798301378393425e-01
5.699711094326075554e+09 4.395390743110735299e-01
6.015395880274832726e+09 4.419171129226880934e-01
6.348565216305210114e+09 4.443136577909853613e-01
6.700187503509576797e+09 4.467284604245870816e-01
7.071284778942981720e+09 4.491615844765275423e-01
7.462935686310145378e+09 4.516131277016862122e-01
7.876278611187063217e+09 4.540834275628324312e-01
8.312514989890631676e+09 4.565728123007700145e-01
8.772912801613355637e+09 4.590819030971899917e-01
9.258810253973945618e+09 4.616112393572536221e-01
9.771619672696161270e+09 4.641617496630353057e-01
1.031283160672186852e+10 4.667341456220112095e-01
1.088401916069007683e+10 4.693293901715071548e-01
1.148684256737554741e+10 4.719483901734539133e-01
1.212305401337652779e+10 4.745921385725089259e-01
1.279450273207873344e+10 4.772615603694304598e-01
1.350314037869872093e+10 4.799574763488673734e-01
1.425102670302996254e+10 4.826807518137374298e-01
1.504033553638022041e+10 4.854320643974434635e-01
1.587336111010205460e+10 4.882121226169618411e-01
1.675252472408210373e+10 4.910212529908311585e-01
1.768038178457208633e+10 4.938599243311839748e-01
1.865962923181745911e+10 4.967283340014119197e-01
1.969311337907421875e+10 4.996266697295128623e-01
2.078383818579755020e+10 5.025546777985432367e-01
2.193497398905055618e+10 5.055124769130523443e-01
2.314986671851165771e+10 5.084997631639579518e-01
2.443204762186491776e+10 5.115163199257632964e-01
2.578524352884276581e+10 5.145621334144594439e-01
2.721338768375308609e+10 5.176368554182186887e-01
2.872063117797828293e+10 5.207404831665263245e-01
3.031135501567576218e+10 5.238730616146567431e-01
3.199018284775060654e+10 5.270347361559875043e-01
3.376199441111333084e+10 5.302257718209499870e-01
3.563193971228576660e+10 5.334466166348711402e-01
3.760545399658160400e+10 5.366979986745373798e-01
3.968827354637165833e+10 5.399805956919085936e-01
4.188645235435270691e+10 5.432949873002992369e-01
4.420637972028530121e+10 5.466422669991922723e-01
4.665479882234468079e+10 5.500232658238536354e-01
4.923882631706731415e+10 5.534386974991819530e-01
5.196597302486207581e+10 5.568892897398276531e-01
5.484416576121026611e+10 5.603758111598723390e-01
5.788177037701280212e+10 5.638986767702998115e-01
6.108761607505039978e+10 5.674582685556632811e-01
6.447102107323869324e+10 5.710547072985830974e-01
6.804181968927093506e+10 5.746882484713931039e-01
7.181039092537341309e+10 5.783590605345508839e-01
7.578768863625914001e+10 5.820670962871360432e-01
7.998527336796691895e+10 5.858127275612223794e-01
8.441534596012959290e+10 5.895961885841444206e-01
8.909078300934143066e+10 5.934177926699663042e-01
9.402517429670132446e+10 5.972782207445366254e-01
9.923286228832545471e+10 6.011781744519542059e-01
1.047289838236357422e+11 6.051186041523121117e-01
1.105295141126019745e+11 6.091001257756678555e-01
1.166513131698198547e+11 6.131239015651280821e-01
1.231121748203892059e+11 6.171906223814602743e-01
1.299308784200417175e+11 6.213009581072577170e-01
1.371272434398400879e+11 6.254554449951904571e-01
1.447221870741134338e+11 6.296545132465913852e-01
1.527377850390712280e+11 6.338985977439555164e-01
1.611973357388155518e+11 6.381878990679240582e-01
1.701254279852585754e+11 6.425228907216470331e-01
1.795480124687826843e+11 6.469040085611554858e-01
1.894924771873815918e+11 6.513319818670367800e-01
1.999877270535286865e+11 6.558075142344141906e-01
2.110642679101554871e+11 6.603315911876698197e-01
2.227542951999556274e+11 6.649051249494033478e-01
2.350917875457284546e+11 6.695290250149403821e-01
2.481126055137765198e+11 6.742041888462400046e-01
2.618545958474237976e+11 6.789312193662101480e-01
2.763577014736163330e+11 6.837107915371328781e-01
2.916640776023706665e+11 6.885432922612219064e-01
3.078182142565079956e+11 6.934293803005503465e-01
3.248670655878374634e+11 6.983696993491255167e-01
3.428601863556583252e+11 7.033649044598753175e-01
3.618498759642742920e+11 7.084161335100460644e-01
3.818913304781846313e+11 7.135243760337980357e-01
4.030428030568041992e+11 7.186907176520378471e-01
4.253657732750374146e+11 7.239159357463968991e-01
4.489251258218607788e+11 7.292010296365073474e-01
4.737893390963143921e+11 7.345465637035275552e-01
5.000306842491090088e+11 7.399532666828395611e-01
5.277254352483532104e+11 7.454219786044152807e-01
5.569540905800124512e+11 7.509537094281359959e-01
5.878016072274924316e+11 7.565493189732259705e-01
6.203576476104281006e+11 7.622102696315978809e-01
6.547168402004742432e+11 7.679374344255640583e-01
6.909790545715645752e+11 7.737318465746725327e-01
7.292496916841444092e+11 7.795944985715976827e-01
7.696399902471151123e+11 7.855260605251621620e-01
8.122673500479703369e+11 7.915276827413367799e-01
8.572556731909306641e+11 7.976003821386066228e-01
9.047357242349274902e+11 8.037454833008877975e-01
9.548455102782264404e+11 8.099642448221677782e-01
1.007730682094457642e+12 8.162578662784718553e-01
1.063544957486011230e+12 8.226272196822195237e-01
1.122450568085305908e+12 8.290734988645787062e-01
1.184618730902682373e+12 8.355978053972504815e-01
1.250230145991453369e+12 8.422014522624540200e-01
1.319475521676708740e+12 8.488857405465508599e-01
1.392556128874464844e+12 8.556521830076825319e-01
1.469684386112447510e+12 8.625019176653355713e-01
1.551084476952840576e+12 8.694361043731934080e-01
1.636993001611701904e+12 8.764560510024413942e-01
1.727659664669034668e+12 8.835633477372112354e-01
1.823348000868438477e+12 8.907593060528640194e-01
1.924336141115976074e+12 8.980454078565767162e-01
2.030917620904730713e+12 9.054231023232903741e-01
2.143402233514850098e+12 9.128938078390609334e-01
2.262116930469017090e+12 9.204590489000915587e-01
2.387406771860646973e+12 9.281202220365109001e-01
2.519635929317013672e+12 9.358794332674686967e-01
2.659188744512690918e+12 9.437376263239581897e-01
2.806470846309833008e+12 9.516968854397002131e-01
2.961910329772559570e+12 9.597585527465103405e-01
3.125959000482284180e+12 9.679245021338617194e-01
3.299093687770942383e+12 9.761966417881317026e-01
3.481817630688966309e+12 9.845764195966544285e-01
3.674661940736687988e+12 9.930656896317503479e-01
3.878187145610719727e+12 1.001666312463695085e+00
4.092984818452434082e+12 1.010380316843525250e+00
4.319679297334164551e+12 1.019209611678768779e+00
4.558929499981049805e+12 1.028155883608806720e+00
4.811430839003245117e+12 1.037221346229523000e+00
5.077917243205382812e+12 1.046407911583056904e+00
5.359163290848514648e+12 1.055717765193717517e+00
5.655986461065001953e+12 1.065152866797557163e+00
5.969249509970727539e+12 1.074715580384846048e+00
6.299862978380680664e+12 1.084408043571490454e+00
6.648787838417276367e+12 1.094232328422099165e+00
7.017038286703836914e+12 1.104190789739684764e+00
7.405684692262442383e+12 1.114285845820916387e+00
7.815856707684090820e+12 1.124519924775733593e+00
8.248746552614581055e+12 1.134895273205269506e+00
8.705612479099856445e+12 1.145414684863497401e+00
9.187782428863320312e+12 1.156080455137223462e+00
9.696657893145500000e+12 1.166895006189337280e+00
1.023371798632517188e+13 1.177861332594972721e+00
1.080052374516249609e+13 1.188982042475259515e+00
1.139872266616047852e+13 1.200259877420764232e+00
1.203005349423324219e+13 1.211697617638509694e+00
1.269635127659972852e+13 1.223297988975181827e+00
1.339955269659337109e+13 1.235064391944665552e+00
1.414170170289021094e+13 1.246999254228942089e+00
1.492495545051832227e+13 1.259106026626508168e+00
1.575159057091624414e+13 1.271387705180998307e+00
1.662400978926613477e+13 1.283847408867280659e+00
1.754474890833459570e+13 1.296488628354993677e+00
1.851648417912153906e+13 1.309314312969444449e+00
1.954204007974051562e+13 1.322328343148754914e+00
2.062439752514088281e+13 1.335533923920160237e+00
2.176670253153454688e+13 1.348934631007764340e+00
2.297227536071146484e+13 1.362534073967186066e+00
2.424462017082320703e+13 1.376335977749210571e+00
2.558743520168578516e+13 1.390344227931682886e+00
2.700462352420682031e+13 1.404562837682411969e+00
2.850030438518105078e+13 1.418995382853295517e+00
3.007882518043095703e+13 1.433646078346274111e+00
3.174477409109187109e+13 1.448519216951826394e+00
3.350299341977236719e+13 1.463618807321859894e+00
3.535859366535182812e+13 1.478949208716892283e+00
3.731696837732755469e+13 1.494515053687212491e+00
3.938380983288489062e+13 1.510320663101546668e+00
4.156512558225988281e+13 1.526370784871286856e+00
4.386725591048494531e+13 1.542670041234880607e+00
4.629689226627258594e+13 1.559223210072004928e+00
4.886109671160316406e+13 1.576035375321243714e+00
5.156732244854953125e+13 1.593111704168433507e+00
5.442343548300250000e+13 1.610457269706027317e+00
5.743773748826563281e+13 1.628076828298914869e+00
6.061898993497571875e+13 1.645976796234881245e+00
6.397643955748423438e+13 1.664161992225581477e+00
6.751984523072494531e+13 1.682638418622161902e+00
7.125950633568396875e+13 1.701411518823852553e+00
7.520629269592421875e+13 1.720487721077674781e+00
7.937167617217559375e+13 1.739872639773085483e+00
8.376776400682925000e+13 1.759572666637885474e+00
8.840733401525062500e+13 1.779594332842171722e+00
9.330387172620360938e+13 1.799943548810601257e+00
9.847160957933764062e+13 1.820627460450484847e+00
1.039255682936710938e+14 1.841652923015211885e+00
1.096816005273135781e+14 1.863026902590954492e+00
1.157564369553301094e+14 1.884756182250260537e+00
1.221677348996788125e+14 1.906848342453953293e+00
1.289341296525710469e+14 1.929310779746177484e+00
1.360752886424333125e+14 1.952151074619259630e+00
1.436119685999077188e+14 1.975377460790046724e+00
1.515660758900601250e+14 1.998997633517123562e+00
1.599607301861484688e+14 2.023019535719203343e+00
1.688203316700366250e+14 2.047452060600361445e+00
1.781706319545732500e+14 2.072303856829996516e+00
1.880388089340916562e+14 2.097583213763546617e+00
1.984535457805803125e+14 2.123299974899511611e+00
2.094451143151468750e+14 2.149462917246357740e+00
2.210454629971019375e+14 2.176081261645907095e+00
2.332883097864153438e+14 2.203164961736153948e+00
2.462092401494620625e+14 2.230724709421427310e+00
2.598458104929241875e+14 2.258769611173787606e+00
2.742376573264941250e+14 2.287310889231231936e+00
2.894266124716740000e+14 2.316358722201081299e+00
3.054568246515431875e+14 2.345924557114649200e+00
3.223748878149026875e+14 2.376019137710391860e+00
3.402299765678064375e+14 2.406654850585302263e+00
3.590739891061047500e+14 2.437842612960894328e+00
3.789616980644723750e+14 2.469594738728991157e+00
3.999509097203669375e+14 2.501924133203856204e+00
4.221026320156903125e+14 2.534843233350387415e+00
4.454812518844988750e+14 2.568365118774710965e+00
4.701547224022129375e+14 2.602503147321140187e+00
4.961947603002898125e+14 2.637270710249884687e+00
5.236770544204645000e+14 2.672682908708353011e+00
5.526814857144591875e+14 2.708753430653731087e+00
5.832923594286188750e+14 2.745496772821667708e+00
6.155986501483488750e+14 2.782929016481582085e+00
6.496942604146098750e+14 2.821065301696078276e+00
6.856782936641737500e+14 2.859921354881965971e+00
7.236553422869650000e+14 2.899514410899456607e+00
7.637357916378011250e+14 2.939860330444450387e+00
8.060361408861328750e+14 2.980976708762727245e+00
8.506793416364170000e+14 3.022881765657617681e+00
8.977951553033331250e+14 3.065593474609294322e+00
9.475205302806547500e+14 3.109129813811003729e+00
1.000000000000000000e+15 3.153510532089905283e+00
