1.000000000000000000e+08 1.663980773912362654e+00
1.055386103036523014e+08 1.664962013437351063e+00
1.113839826482618302e+08 1.665978292014067108e+00
1.175531073878367543e+08 1.667031025495361751e+00
1.240639159058834314e+08 1.668120932133186018e+00
1.309353327353612185e+08 1.669249711185975205e+00
1.381873305653633475e+08 1.670418467712960986e+00
1.458409882943986356e+08 1.671628571831000221e+00
1.539185522990205288e+08 1.672882031128768432e+00
1.624435010958865285e+08 1.674179144208247649e+00
1.714406135851968527e+08 1.675522480354253441e+00
1.809360410738712847e+08 1.676913161190423995e+00
1.909573832878100574e+08 1.678352791587980342e+00
2.015337685941735208e+08 1.679842953881048428e+00
2.126959386668691933e+08 1.681385549699021098e+00
2.244763378413223922e+08 1.682982085311949483e+00
2.369092074182631969e+08 1.684634575768309439e+00
2.500306851906321347e+08 1.686344689463755930e+00
2.638789104828929305e+08 1.688114529964478638e+00
2.784941350080649853e+08 1.689945985982985288e+00
2.939188398646890521e+08 1.691840785741390185e+00
3.101978590138099790e+08 1.693801225935132049e+00
3.273785095948576927e+08 1.695829543198683176e+00
3.455107294592218399e+08 1.697927926294733991e+00
3.646472223212745190e+08 1.700098080842139092e+00
3.848436109487425089e+08 1.702342887247608738e+00
4.061585988376971483e+08 1.704664603745123408e+00
4.286541408420934081e+08 1.707065368566130115e+00
4.523956232538058162e+08 1.709547518871599836e+00
4.774520538566131592e+08 1.712114024690575720e+00
5.038962625065150261e+08 1.714767293831035655e+00
5.318051128214197159e+08 1.717509730906506604e+00
5.612597255954965353e+08 1.720344305930575413e+00
5.923457145875793695e+08 1.723273366989517275e+00
6.251534353689699173e+08 1.726300119583198178e+00
6.597782479539546967e+08 1.729427225054816608e+00
6.963207939763890505e+08 1.732657409543977511e+00
7.348872892180387974e+08 1.735993625538869711e+00
7.755898323389002085e+08 1.739438950119480243e+00
8.185467307069020271e+08 1.742996427994567110e+00
8.638828442740435600e+08 1.746668876948449745e+00
9.117299484984903336e+08 1.750459419624918800e+00
9.622271173675154448e+08 1.754371182724458134e+00
1.015521127634569168e+09 1.758407371953408571e+00
1.071766885445503354e+09 1.762570878451245937e+00
1.131127876593921423e+09 1.766864847072810774e+00
1.193776641714435816e+09 1.771292497099052676e+00
1.259895277795025826e+09 1.775857152303467634e+00
1.329675967466209888e+09 1.780561635262396747e+00
1.403321537605481863e+09 1.785408982599841154e+00
1.481046048880676985e+09 1.790402457063396735e+00
1.563075417945817471e+09 1.795544940188093408e+00
1.649648074098020792e+09 1.800839303706182726e+00
1.741015652304015398e+09 1.806288485367987251e+00
1.837443724610724926e+09 1.811895235477506860e+00
1.939212572065826893e+09 1.817662587523885431e+00
2.046617999391993999e+09 1.823592494716429924e+00
2.159972194782721519e+09 1.829688037105279941e+00
2.279604637318982124e+09 1.835950944714187960e+00
2.405863054644066811e+09 1.842383943292584147e+00
2.539114433680346966e+09 1.848988633615508581e+00
2.679746087325689316e+09 1.855766853300213626e+00
2.828166780230029583e+09 1.862720158215090738e+00
2.984807916924321175e+09 1.869850486691987390e+00
3.150124795755321503e+09 1.877157960200385389e+00
3.324597932270945072e+09 1.884644148964233157e+00
3.508734455902714729e+09 1.892309391938107543e+00
3.703069584005141258e+09 1.900153789104281232e+00
3.908168177536263943e+09 1.908177387857446394e+00
4.124626382901348114e+09 1.916379957723955085e+00
4.353073364731883049e+09 1.924760646698832067e+00
4.594173134636466980e+09 1.933318368366493401e+00
4.848626481239088058e+09 1.942051640568267068e+00
5.117173007114609718e+09 1.950958606982556631e+00
5.400593278542373657e+09 1.960037136641301858e+00
5.699711094326075554e+09 1.969284895614515252e+00
6.015395880274832726e+09 1.978698731933949073e+00
6.348565216305210114e+09 1.988275386766207964e+00
6.700187503509576797e+09 1.998011598739174444e+00
7.071284778942981720e+09 2.007903229829475666e+00
7.462935686310145378e+09 2.017945970809294831e+00
7.876278611187063217e+09 2.028135539833774814e+00
8.312514989890631676e+09 2.038467445616201967e+00
8.772912801613355637e+09 2.048936768479599824e+00
9.258810253973945618e+09 2.059538745698580975e+00
9.771619672696161270e+09 2.070268317439762917e+00
1.031283160672186852e+10 2.081120369780314672e+00
1.088401916069007683e+10 2.092090295389078314e+00
1.148684256737554741e+10 2.103173878860775226e+00
1.212305401337652779e+10 2.114366134501003636e+00
1.279450273207873344e+10 2.125662673128786651e+00
1.350314037869872093e+10 2.137060463367145502e+00
1.425102670302996254e+10 2.148555885862823978e+00
1.504033553638022041e+10 2.160145966477633461e+00
1.587336111010205460e+10 2.171828246236936266e+00
1.675252472408210373e+10 2.183602273245812686e+00
1.768038178457208633e+10 2.195466383056686066e+00
1.865962923181745911e+10 2.207420081344792173e+00
1.969311337907421875e+10 2.219464783802057362e+00
2.078383818579755020e+10 2.231601001553099373e+00
2.193497398905055618e+10 2.243830716024862060e+00
2.314986671851165771e+10 2.256156912609032172e+00
2.443204762186491776e+10 2.268582913911548538e+00
2.578524352884276581e+10 2.281111650904514843e+00
2.721338768375308609e+10 2.293747601079405118e+00
2.872063117797828293e+10 2.306495497898365166e+00
3.031135501567576218e+10 2.319359115506368418e+00
3.199018284775060654e+10 2.332343792490534362e+00
3.376199441111333084e+10 2.345454354692157128e+00
3.563193971228576660e+10 2.358694529313507982e+00
3.760545399658160400e+10 2.372068524760782005e+00
3.968827354637165833e+10 2.385580131108500090e+00
4.188645235435270691e+10 2.399232729674387610e+00
4.420637972028530121e+10 2.413027759887143464e+00
4.665479882234468079e+10 2.426968127912448203e+00
4.923882631706731415e+10 2.441054743971847074e+00
5.196597302486207581e+10 2.455287962179264039e+00
5.484416576121026611e+10 2.469667644572405507e+00
5.788177037701280212e+10 2.484193907688116099e+00
6.108761607505039978e+10 2.498865322877791506e+00
6.447102107323869324e+10 2.513681110994821388e+00
6.804181968927093506e+10 2.528640083836451335e+00
7.181039092537341309e+10 2.543742311040196658e+00
7.578768863625914001e+10 2.558986126288130158e+00
7.998527336796691895e+10 2.574372599010836815e+00
8.441534596012959290e+10 2.589902283405875139e+00
8.909078300934143066e+10 2.605575561650160576e+00
9.402517429670132446e+10 2.621395347732273340e+00
9.923286228832545471e+10 2.637364689251505023e+00
1.047289838236357422e+11 2.653486470235757899e+00
1.105295141126019745e+11 2.669764944826403141e+00
1.166513131698198547e+11 2.686204075918314782e+00
1.231121748203892059e+11 2.702808388045298660e+00
1.299308784200417175e+11 2.719581807159925368e+00
1.371272434398400879e+11 2.736527431632416629e+00
1.447221870741134338e+11 2.753649381555718367e+00
1.527377850390712280e+11 2.770949798380978546e+00
1.611973357388155518e+11 2.788430622229922662e+00
1.701254279852585754e+11 2.806092547957934613e+00
1.795480124687826843e+11 2.823937063845395112e+00
1.894924771873815918e+11 2.841964683588360518e+00
1.999877270535286865e+11 2.860175367148772185e+00
2.110642679101554871e+11 2.878570740761287716e+00
2.227542951999556274e+11 2.897151576601202816e+00
2.350917875457284546e+11 2.915920094834065335e+00
2.481126055137765198e+11 2.934879126585225873e+00
2.618545958474237976e+11 2.954031647351804235e+00
2.763577014736163330e+11 2.973382634938106950e+00
2.916640776023706665e+11 2.992935447240587354e+00
3.078182142565079956e+11 3.012695270960452198e+00
3.248670655878374634e+11 3.032665637281672044e+00
3.428601863556583252e+11 3.052849910131940181e+00
3.618498759642742920e+11 3.073251046157607469e+00
3.818913304781846313e+11 3.093871279818961373e+00
4.030428030568041992e+11 3.114712827515775828e+00
4.253657732750374146e+11 3.135776850994785203e+00
4.489251258218607788e+11 3.157064689758684040e+00
4.737893390963143921e+11 3.178579435459119917e+00
5.000306842491090088e+11 3.200323391273013574e+00
5.277254352483532104e+11 3.222301293349497442e+00
5.569540905800124512e+11 3.244517026982569163e+00
5.878016072274924316e+11 3.266975580786072086e+00
6.203576476104281006e+11 3.289681114952063279e+00
6.547168402004742432e+11 3.312637735687287144e+00
6.909790545715645752e+11 3.335849374580920124e+00
7.292496916841444092e+11 3.359319033629972751e+00
7.696399902471151123e+11 3.383048886486618390e+00
8.122673500479703369e+11 3.407041928519366270e+00
8.572556731909306641e+11 3.431300427080840709e+00
9.047357242349274902e+11 3.455828502700347027e+00
9.548455102782264404e+11 3.480632133964178809e+00
1.007730682094457642e+12 3.505714472246389768e+00
1.063544957486011230e+12 3.531081607199072270e+00
1.122450568085305908e+12 3.556738594306031231e+00
1.184618730902682373e+12 3.582689466379405552e+00
1.250230145991453369e+12 3.608936743252894264e+00
1.319475521676708740e+12 3.635484749772147861e+00
1.392556128874464844e+12 3.662337197426299706e+00
1.469684386112447510e+12 3.689498114965910514e+00
1.551084476952840576e+12 3.716972596661305417e+00
1.636993001611701904e+12 3.744767430090067517e+00
1.727659664669034668e+12 3.772887783694926611e+00
1.823348000868438477e+12 3.801338132221920407e+00
1.924336141115976074e+12 3.830123104446268467e+00
2.030917620904730713e+12 3.859246633968726137e+00
2.143402233514850098e+12 3.888713819061324184e+00
2.262116930469017090e+12 3.918530516447392475e+00
2.387406771860646973e+12 3.948700972068934334e+00
2.519635929317013672e+12 3.979233662595249132e+00
2.659188744512690918e+12 4.010134011091253115e+00
2.806470846309833008e+12 4.041405687010362513e+00
2.961910329772559570e+12 4.073054977577419855e+00
3.125959000482284180e+12 4.105086175652274072e+00
3.299093687770942383e+12 4.137507469472534005e+00
3.481817630688966309e+12 4.170325146963462792e+00
3.674661940736687988e+12 4.203545173320319073e+00
3.878187145610719727e+12 4.237174654952516661e+00
4.092984818452434082e+12 4.271217541543284035e+00
4.319679297334164551e+12 4.305682511767777498e+00
4.558929499981049805e+12 4.340574332128057655e+00
4.811430839003245117e+12 4.375902209219331596e+00
5.077917243205382812e+12 4.411671565391426242e+00
5.359163290848514648e+12 4.447892005761176826e+00
5.655986461065001953e+12 4.484567805903426851e+00
5.969249509970727539e+12 4.521707448240055882e+00
6.299862978380680664e+12 4.559318568420397177e+00
6.648787838417276367e+12 4.597408424219231904e+00
7.017038286703836914e+12 4.635986727509052940e+00
7.405684692262442383e+12 4.675058807587718412e+00
7.815856707684090820e+12 4.714634758483253307e+00
8.248746552614581055e+12 4.754721874646789637e+00
8.705612479099856445e+12 4.795329540427087700e+00
9.187782428863320312e+12 4.836465878535706864e+00
9.696657893145500000e+12 4.878140282000457795e+00
1.023371798632517188e+13 4.920359657831572697e+00
1.080052374516249609e+13 4.963136147805045972e+00
1.139872266616047852e+13 5.006477169990755982e+00
1.203005349423324219e+13 5.050393084896618312e+00
1.269635127659972852e+13 5.094893636110291446e+00
1.339955269659337109e+13 5.139987471472641012e+00
1.414170170289021094e+13 5.185687616136956279e+00
1.492495545051832227e+13 5.232001236154000701e+00
1.575159057091624414e+13 5.278940966077970920e+00
1.662400978926613477e+13 5.326516944997728764e+00
1.754474890833459570e+13 5.374740092340029030e+00
1.851648417912153906e+13 5.423621489369352844e+00
1.954204007974051562e+13 5.473172898786135221e+00
2.062439752514088281e+13 5.523406165104473686e+00
2.176670253153454688e+13 5.574333448287669412e+00
2.297227536071146484e+13 5.625966736850348759e+00
2.424462017082320703e+13 5.678316693493021816e+00
2.558743520168578516e+13 5.731398774618239322e+00
2.700462352420682031e+13 5.785225199357745929e+00
2.850030438518105078e+13 5.839807921340969266e+00
3.007882518043095703e+13 5.895160463464851119e+00
3.174477409109187109e+13 5.951298831171714987e+00
3.350299341977236719e+13 6.008236001678554317e+00
3.535859366535182812e+13 6.065985308554030730e+00
3.731696837732755469e+13 6.124561868631022143e+00
3.938380983288489062e+13 6.183982081131977893e+00
4.156512558225988281e+13 6.244259785108356553e+00
4.386725591048494531e+13 6.305410234656368296e+00
4.629689226627258594e+13 6.367452425166406194e+00
4.886109671160316406e+13 6.430400312110680083e+00
5.156732244854953125e+13 6.494272859307405277e+00
5.442343548300250000e+13 6.559079542433697618e+00
5.743773748826563281e+13 6.624845679824197475e+00
6.061898993497571875e+13 6.691587896756109544e+00
6.397643955748423438e+13 6.759323438425775876e+00
6.751984523072494531e+13 6.828070654147250451e+00
7.125950633568396875e+13 6.897847473613431646e+00
7.520629269592421875e+13 6.968675588322201797e+00
7.937167617217559375e+13 7.040574380652484088e+00
8.376776400682925000e+13 7.113561542614429634e+00
8.840733401525062500e+13 7.187662476848026394e+00
9.330387172620360938e+13 7.262894044201370747e+00
9.847160957933764062e+13 7.339281857948765087e+00
1.039255682936710938e+14 7.416841568740890622e+00
1.096816005273135781e+14 7.495603974952461002e+00
1.157564369553301094e+14 7.575587026714251770e+00
1.221677348996788125e+14 7.656816711412348653e+00
1.289341296525710469e+14 7.739314091088441927e+00
1.360752886424333125e+14 7.823109446596115291e+00
1.436119685999077188e+14 7.908224676184653745e+00
1.515660758900601250e+14 7.994683265203138767e+00
1.599607301861484688e+14 8.082517586933661846e+00
1.688203316700366250e+14 8.171748674355869824e+00
1.781706319545732500e+14 8.262410745138824453e+00
1.880388089340916562e+14 8.354523461706094167e+00
1.984535457805803125e+14 8.448125823923160027e+00
2.094451143151468750e+14 8.543240929638955095e+00
2.210454629971019375e+14 8.639904265043025333e+00
2.332883097864153438e+14 8.738139746849947542e+00
2.462092401494620625e+14 8.837986724816470741e+00
2.598458104929241875e+14 8.939472663970388311e+00
2.742376573264941250e+14 9.042629555088506521e+00
2.894266124716740000e+14 9.147500452786593073e+00
3.054568246515431875e+14 9.254117373824579218e+00
3.223748878149026875e+14 9.362504908953834359e+00
3.402299765678064375e+14 9.472709430945259967e+00
3.590739891061047500e+14 9.584772012163750077e+00
3.789616980644723750e+14 9.698722231448048348e+00
3.999509097203669375e+14 9.814608085737351217e+00
4.221026320156903125e+14 9.932464731150393078e+00
4.454812518844988750e+14 1.005233127048414232e+01
4.701547224022129375e+14 1.017425468784149523e+01
4.961947603002898125e+14 1.029827476431213462e+01
5.236770544204645000e+14 1.042443642754295219e+01
5.526814857144591875e+14 1.055279018647573785e+01
5.832923594286188750e+14 1.068337417219295027e+01
6.155986501483488750e+14 1.081623749628545994e+01
6.496942604146098750e+14 1.095143768600266831e+01
6.856782936641737500e+14 1.108901800933120718e+01
7.236553422869650000e+14 1.122903206851106894e+01
7.637357916378011250e+14 1.137152422258614592e+01
8.060361408861328750e+14 1.151656241814602133e+01
8.506793416364170000e+14 1.166418546250646493e+01
8.977951553033331250e+14 1.181446683184525348e+01
9.475205302806547500e+14 1.196744867719226768e+01
1.000000000000000000e+15 1.212320861824726315e+01
