1.000000000000000000e+08 9.640465576759108535e-01
1.055386103036523014e+08 9.646269820237951542e-01
1.113839826482618302e+08 9.652280216898363463e-01
1.175531073878367543e+08 9.658503345464728440e-01
1.240639159058834314e+08 9.664950720589883248e-01
1.309353327353612185e+08 9.671625703344279845e-01
1.381873305653633475e+08 9.678537061262695307e-01
1.458409882943986356e+08 9.685694877801148683e-01
1.539185522990205288e+08 9.693103408015565359e-01
1.624435010958865285e+08 9.700775984112799399e-01
1.714406135851968527e+08 9.708717209814673454e-01
1.809360410738712847e+08 9.716939822721583075e-01
1.909573832878100574e+08 9.725451520592860444e-01
2.015337685941735208e+08 9.734261629048183151e-01
2.126959386668691933e+08 9.743382213341962306e-01
2.244763378413223922e+08 9.752819968472470347e-01
2.369092074182631969e+08 9.762591252440858680e-01
2.500306851906321347e+08 9.772698830386499225e-01
2.638789104828929305e+08 9.783161517613963021e-01
2.784941350080649853e+08 9.793986329170868421e-01
2.939188398646890521e+08 9.805185729615608636e-01
3.101978590138099790e+08 9.816773601212674949e-01
3.273785095948576927e+08 9.828760924702427682e-01
3.455107294592218399e+08 9.841161187102364094e-01
3.646472223212745190e+08 9.853986451706556737e-01
3.848436109487425089e+08 9.867251833935972716e-01
4.061585988376971483e+08 9.880969588420716043e-01
4.286541408420934081e+08 9.895154388693454539e-01
4.523956232538058162e+08 9.909819850838115229e-01
4.774520538566131592e+08 9.924983147329613509e-01
5.038962625065150261e+08 9.940656554861266869e-01
5.318051128214197159e+08 9.956856921611193512e-01
5.612597255954965353e+08 9.973598681498078156e-01
5.923457145875793695e+08 9.990897979713300181e-01
6.251534353689699173e+08 1.000877299539420617e+00
6.597782479539546967e+08 1.002723834571254136e+00
6.963207939763890505e+08 1.004631091151146904e+00
7.348872892180387974e+08 1.006600869341443660e+00
7.755898323389002085e+08 1.008634885253197222e+00
8.185467307069020271e+08 1.010734782925214015e+00
8.638828442740435600e+08 1.012902410415734034e+00
9.117299484984903336e+08 1.015139458858324462e+00
9.622271173675154448e+08 1.017447776741165821e+00
1.015521127634569168e+09 1.019829320737611456e+00
1.071766885445503354e+09 1.022285554247269301e+00
1.131127876593921423e+09 1.024818614376462378e+00
1.193776641714435816e+09 1.027430031546752165e+00
1.259895277795025826e+09 1.030121872797422178e+00
1.329675967466209888e+09 1.032895779114227253e+00
1.403321537605481863e+09 1.035753404010669065e+00
1.481046048880676985e+09 1.038696854106105461e+00
1.563075417945817471e+09 1.041727546130466031e+00
1.649648074098020792e+09 1.044847203954357262e+00
1.741015652304015398e+09 1.048057514759708653e+00
1.837443724610724926e+09 1.051360142493329208e+00
1.939212572065826893e+09 1.054756323132926665e+00
2.046617999391993999e+09 1.058247861514614918e+00
2.159972194782721519e+09 1.061835875427979747e+00
2.279604637318982124e+09 1.065521857197291533e+00
2.405863054644066811e+09 1.069306831831920768e+00
2.539114433680346966e+09 1.073192022155287084e+00
2.679746087325689316e+09 1.077178149181814204e+00
2.828166780230029583e+09 1.081266388585630844e+00
2.984807916924321175e+09 1.085457157895889369e+00
3.150124795755321503e+09 1.089751169355283267e+00
3.324597932270945072e+09 1.094148751740506409e+00
3.508734455902714729e+09 1.098650197858697108e+00
3.703069584005141258e+09 1.103255433739346980e+00
3.908168177536263943e+09 1.107964332902031446e+00
4.124626382901348114e+09 1.112776666380973722e+00
4.353073364731883049e+09 1.117691590124765266e+00
4.594173134636466980e+09 1.122708763222194817e+00
4.848626481239088058e+09 1.127827012526406714e+00
5.117173007114609718e+09 1.133045211665218099e+00
5.400593278542373657e+09 1.138361845306201880e+00
5.699711094326075554e+09 1.143775384993727995e+00
6.015395880274832726e+09 1.149284228052680712e+00
6.348565216305210114e+09 1.154886115712251859e+00
6.700187503509576797e+09 1.160578899749239445e+00
7.071284778942981720e+09 1.166360247211648549e+00
7.462935686310145378e+09 1.172227758140774290e+00
7.876278611187063217e+09 1.178178767399141513e+00
8.312514989890631676e+09 1.184210444346049718e+00
8.772912801613355637e+09 1.190320134282774722e+00
9.258810253973945618e+09 1.196504760065519202e+00
9.771619672696161270e+09 1.202761765147845274e+00
1.031283160672186852e+10 1.209088108093837377e+00
1.088401916069007683e+10 1.215480928646426317e+00
1.148684256737554741e+10 1.221937985537250304e+00
1.212305401337652779e+10 1.228456502530150374e+00
1.279450273207873344e+10 1.235034289482527470e+00
1.350314037869872093e+10 1.241669382132021937e+00
1.425102670302996254e+10 1.248359821390834234e+00
1.504033553638022041e+10 1.255104524507908659e+00
1.587336111010205460e+10 1.261902379294918219e+00
1.675252472408210373e+10 1.268752428507700314e+00
1.768038178457208633e+10 1.275654683769275710e+00
1.865962923181745911e+10 1.282609238070727242e+00
1.969311337907421875e+10 1.289616582907952891e+00
2.078383818579755020e+10 1.296677410654982543e+00
2.193497398905055618e+10 1.303793639874998078e+00
2.314986671851165771e+10 1.310966803816797643e+00
2.443204762186491776e+10 1.318198527533001263e+00
2.578524352884276581e+10 1.325491616653632798e+00
2.721338768375308609e+10 1.332848104231413533e+00
2.872063117797828293e+10 1.340270944699300415e+00
3.031135501567576218e+10 1.347762547753077245e+00
3.199018284775060654e+10 1.355326145256580794e+00
3.376199441111333084e+10 1.362963548677584846e+00
3.563193971228576660e+10 1.370677963906093755e+00
3.760545399658160400e+10 1.378471248778736058e+00
3.968827354637165833e+10 1.386345061775695831e+00
4.188645235435270691e+10 1.394301274672609114e+00
4.420637972028530121e+10 1.402340938650040059e+00
4.665479882234468079e+10 1.410465160623859848e+00
4.923882631706731415e+10 1.418674209570493616e+00
5.196597302486207581e+10 1.426968336721302411e+00
5.484416576121026611e+10 1.435347012211555251e+00
5.788177037701280212e+10 1.443810444122061165e+00
6.108761607505039978e+10 1.452357610111585151e+00
6.447102107323869324e+10 1.460988016778828058e+00
6.804181968927093506e+10 1.469701209364419947e+00
7.181039092537341309e+10 1.478496918362165236e+00
7.578768863625914001e+10 1.487374582301621340e+00
7.998527336796691895e+10 1.496335362945163450e+00
8.441534596012959290e+10 1.505379102704067940e+00
8.909078300934143066e+10 1.514506976458952936e+00
9.402517429670132446e+10 1.523720673753122590e+00
9.923286228832545471e+10 1.533021883046059353e+00
1.047289838236357422e+11 1.542413080295521377e+00
1.105295141126019745e+11 1.551896239432730473e+00
1.166513131698198547e+11 1.561473913823730131e+00
1.231121748203892059e+11 1.571148641997049733e+00
1.299308784200417175e+11 1.580922610730951305e+00
1.371272434398400879e+11 1.590797564618718241e+00
1.447221870741134338e+11 1.600775588874466582e+00
1.527377850390712280e+11 1.610857627897942512e+00
1.611973357388155518e+11 1.621044365139667764e+00
1.701254279852585754e+11 1.631336667566559484e+00
1.795480124687826843e+11 1.641734714889810265e+00
1.894924771873815918e+11 1.652238791922806538e+00
1.999877270535286865e+11 1.662849514516076432e+00
2.110642679101554871e+11 1.673567437211613163e+00
2.227542951999556274e+11 1.684393301485514804e+00
2.350917875457284546e+11 1.695328993198980339e+00
2.481126055137765198e+11 1.706375951997830542e+00
2.618545958474237976e+11 1.717536806153527440e+00
2.763577014736163330e+11 1.728813610217784458e+00
2.916640776023706665e+11 1.740209182127239185e+00
3.078182142565079956e+11 1.751725832979617703e+00
3.248670655878374634e+11 1.763365669864320084e+00
3.428601863556583252e+11 1.775130549304846816e+00
3.618498759642742920e+11 1.787021820781306447e+00
3.818913304781846313e+11 1.799040455408104755e+00
4.030428030568041992e+11 1.811187888889543851e+00
4.253657732750374146e+11 1.823464621003524577e+00
4.489251258218607788e+11 1.835871969596285735e+00
4.737893390963143921e+11 1.848411527306372815e+00
5.000306842491090088e+11 1.861085547766422543e+00
5.277254352483532104e+11 1.873896119423885454e+00
5.569540905800124512e+11 1.886846177092714294e+00
5.878016072274924316e+11 1.899938384062022978e+00
6.203576476104281006e+11 1.913175187820706835e+00
6.547168402004742432e+11 1.926558938298670531e+00
6.909790545715645752e+11 1.940091225800603780e+00
7.292496916841444092e+11 1.953773723205534996e+00
7.696399902471151123e+11 1.967607720521269421e+00
8.122673500479703369e+11 1.981595211545059909e+00
8.572556731909306641e+11 1.995737774854001056e+00
9.047357242349274902e+11 2.010038394284197061e+00
9.548455102782264404e+11 2.024499528298182582e+00
1.007730682094457642e+12 2.039124889124603879e+00
1.063544957486011230e+12 2.053916618758406365e+00
1.122450568085305908e+12 2.068877400422437951e+00
1.184618730902682373e+12 2.084009419608705560e+00
1.250230145991453369e+12 2.099314785911181591e+00
1.319475521676708740e+12 2.114795045212459534e+00
1.392556128874464844e+12 2.130453231843691064e+00
1.469684386112447510e+12 2.146292049063885266e+00
1.551084476952840576e+12 2.162314533255273563e+00
1.636993001611701904e+12 2.178524780339471167e+00
1.727659664669034668e+12 2.194924375202468969e+00
1.823348000868438477e+12 2.211517367508593512e+00
1.924336141115976074e+12 2.228305184886916201e+00
2.030917620904730713e+12 2.245291174794958877e+00
2.143402233514850098e+12 2.262477815797405256e+00
2.262116930469017090e+12 2.279868470167516037e+00
2.387406771860646973e+12 2.297466908402244101e+00
2.519635929317013672e+12 2.315276644246817117e+00
2.659188744512690918e+12 2.333301132540401834e+00
2.806470846309833008e+12 2.351542853730097971e+00
2.961910329772559570e+12 2.370004490882752890e+00
3.125959000482284180e+12 2.388690312274083904e+00
3.299093687770942383e+12 2.407604137107277609e+00
3.481817630688966309e+12 2.426749567209444791e+00
3.674661940736687988e+12 2.446130372382040896e+00
3.878187145610719727e+12 2.465749804756352859e+00
4.092984818452434082e+12 2.485611571648094209e+00
4.319679297334164551e+12 2.505719458835525604e+00
4.558929499981049805e+12 2.526077710764685236e+00
4.811430839003245117e+12 2.546690789604880045e+00
5.077917243205382812e+12 2.567562669972534017e+00
5.359163290848514648e+12 2.588697137673988902e+00
5.655986461065001953e+12 2.610098137251163131e+00
5.969249509970727539e+12 2.631770197418113355e+00
6.299862978380680664e+12 2.653718550755503891e+00
6.648787838417276367e+12 2.675947177696841539e+00
7.017038286703836914e+12 2.698460498747325964e+00
7.405684692262442383e+12 2.721263325513320730e+00
7.815856707684090820e+12 2.744360038990981465e+00
8.248746552614581055e+12 2.767756231060972016e+00
8.705612479099856445e+12 2.791457340276540133e+00
9.187782428863320312e+12 2.815467097796134688e+00
9.696657893145500000e+12 2.839790833306721218e+00
1.023371798632517188e+13 2.864435026871640311e+00
1.080052374516249609e+13 2.889404219565849363e+00
1.139872266616047852e+13 2.914703840903779319e+00
1.203005349423324219e+13 2.940339358563847760e+00
1.269635127659972852e+13 2.966317294930477022e+00
1.339955269659337109e+13 2.992642997439348029e+00
1.414170170289021094e+13 3.019321977180670302e+00
1.492495545051832227e+13 3.046361244120595391e+00
1.575159057091624414e+13 3.073766014505704192e+00
1.662400978926613477e+13 3.101543560592734394e+00
1.754474890833459570e+13 3.129699192948380393e+00
1.851648417912153906e+13 3.158240462443150154e+00
1.954204007974051562e+13 3.187173704375238614e+00
2.062439752514088281e+13 3.216506135020503088e+00
2.176670253153454688e+13 3.246244409730127511e+00
2.297227536071146484e+13 3.276395603333149165e+00
2.424462017082320703e+13 3.306967322056031389e+00
2.558743520168578516e+13 3.337966380173569281e+00
2.700462352420682031e+13 3.369401318744254414e+00
2.850030438518105078e+13 3.401279491839832581e+00
3.007882518043095703e+13 3.433608151291587252e+00
3.174477409109187109e+13 3.466396365141589886e+00
3.350299341977236719e+13 3.499651675064874290e+00
3.535859366535182812e+13 3.533383496814372471e+00
3.731696837732755469e+13 3.567599450552005447e+00
3.938380983288489062e+13 3.602308816289218729e+00
4.156512558225988281e+13 3.637520375798664496e+00
4.386725591048494531e+13 3.673243933341401313e+00
4.629689226627258594e+13 3.709488076328554929e+00
4.886109671160316406e+13 3.746262424542083913e+00
5.156732244854953125e+13 3.783577164532901271e+00
5.442343548300250000e+13 3.821442347429419240e+00
5.743773748826563281e+13 3.859868106228048212e+00
6.061898993497571875e+13 3.898864961652615868e+00
6.397643955748423438e+13 3.938442885477262845e+00
6.751984523072494531e+13 3.978613671464336310e+00
7.125950633568396875e+13 4.019388248413764408e+00
7.520629269592421875e+13 4.060777711276116086e+00
7.937167617217559375e+13 4.102794193100907982e+00
8.376776400682925000e+13 4.145449524525906426e+00
8.840733401525062500e+13 4.188755182605034655e+00
9.330387172620360938e+13 4.232724254490418225e+00
9.847160957933764062e+13 4.277369360525059783e+00
1.039255682936710938e+14 4.322703671577423634e+00
1.096816005273135781e+14 4.368740283551460379e+00
1.157564369553301094e+14 4.415493148898220532e+00
1.221677348996788125e+14 4.462975143731724437e+00
1.289341296525710469e+14 4.511201699413893706e+00
1.360752886424333125e+14 4.560186686541114476e+00
1.436119685999077188e+14 4.609945012620125127e+00
1.515660758900601250e+14 4.660492760616487651e+00
1.599607301861484688e+14 4.711844078516238099e+00
1.688203316700366250e+14 4.764016095138143392e+00
1.781706319545732500e+14 4.817024958749239083e+00
1.880388089340916562e+14 4.870886115224926094e+00
1.984535457805803125e+14 4.925619430844789370e+00
2.094451143151468750e+14 4.981238553694533167e+00
2.210454629971019375e+14 5.037764016504804765e+00
2.332883097864153438e+14 5.095212893419984290e+00
2.462092401494620625e+14 5.153604891313167791e+00
2.598458104929241875e+14 5.212958558581409108e+00
2.742376573264941250e+14 5.273294518111650397e+00
2.894266124716740000e+14 5.334630930463969634e+00
3.054568246515431875e+14 5.396988832585143392e+00
3.223748878149026875e+14 5.460390538174624275e+00
3.402299765678064375e+14 5.524857361862644645e+00
3.590739891061047500e+14 5.590409079114144753e+00
3.789616980644723750e+14 5.657071428366545973e+00
3.999509097203669375e+14 5.724864196007064088e+00
4.221026320156903125e+14 5.793815151557314636e+00
4.454812518844988750e+14 5.863944747658749179e+00
4.701547224022129375e+14 5.935281714886917470e+00
4.961947603002898125e+14 6.007848098050546426e+00
5.236770544204645000e+14 6.081669912319680016e+00
5.526814857144591875e+14 6.156775362024363041e+00
5.832923594286188750e+14 6.233191197758325863e+00
6.155986501483488750e+14 6.310947378055026036e+00
6.496942604146098750e+14 6.390070635316607017e+00
6.856782936641737500e+14 6.470587789642399557e+00
7.236553422869650000e+14 6.552529890523600464e+00
7.637357916378011250e+14 6.635933000957606076e+00
8.060361408861328750e+14 6.720825073260267679e+00
8.506793416364170000e+14 6.807239099414352346e+00
8.977951553033331250e+14 6.895207342511270987e+00
9.475205302806547500e+14 6.984764390210847829e+00
1.000000000000000000e+15 7.075946067960926733e+00
