1.000000000000000000e+08 1.739292486508668967e+00
1.055386103036523014e+08 1.740317572148799341e+00
1.113839826482618302e+08 1.741379352628956045e+00
1.175531073878367543e+08 1.742478736544177620e+00
1.240639159058834314e+08 1.743617425967425527e+00
1.309353327353612185e+08 1.744796683788858660e+00
1.381873305653633475e+08 1.746017539593219148e+00
1.458409882943986356e+08 1.747281763528258702e+00
1.539185522990205288e+08 1.748590874864783817e+00
1.624435010958865285e+08 1.749946200124484097e+00
1.714406135851968527e+08 1.751349346897482562e+00
1.809360410738712847e+08 1.752801998482480306e+00
1.909573832878100574e+08 1.754306036957072656e+00
2.015337685941735208e+08 1.755862545887805659e+00
2.126959386668691933e+08 1.757474188448245878e+00
2.244763378413223922e+08 1.759141960284583694e+00
2.369092074182631969e+08 1.760868071636716437e+00
2.500306851906321347e+08 1.762654550707315249e+00
2.638789104828929305e+08 1.764503534348549563e+00
2.784941350080649853e+08 1.766416390532971503e+00
2.939188398646890521e+08 1.768396057656876907e+00
3.101978590138099790e+08 1.770444032306017323e+00
3.273785095948576927e+08 1.772562777902684017e+00
3.455107294592218399e+08 1.774754579319483438e+00
3.646472223212745190e+08 1.777021906047901112e+00
3.848436109487425089e+08 1.779367010795853909e+00
4.061585988376971483e+08 1.781792123099007252e+00
4.286541408420934081e+08 1.784300067066947770e+00
4.523956232538058162e+08 1.786893061302302632e+00
4.774520538566131592e+08 1.789574183636045701e+00
5.038962625065150261e+08 1.792345713128881135e+00
5.318051128214197159e+08 1.795210842674559215e+00
5.612597255954965353e+08 1.798171852175338037e+00
5.923457145875793695e+08 1.801231845087664318e+00
6.251534353689699173e+08 1.804393880932517513e+00
6.597782479539546967e+08 1.807660664761118419e+00
6.963207939763890505e+08 1.811034939841969837e+00
7.348872892180387974e+08 1.814520167742140755e+00
7.755898323389002085e+08 1.818119563209632306e+00
8.185467307069020271e+08 1.821835818110847605e+00
8.638828442740435600e+08 1.825672285580821175e+00
9.117299484984903336e+08 1.829632331775996157e+00
9.622271173675154448e+08 1.833718853253013537e+00
1.015521127634569168e+09 1.837935308952981295e+00
1.071766885445503354e+09 1.842285025593885406e+00
1.131127876593921423e+09 1.846770796166074424e+00
1.193776641714435816e+09 1.851396541031858911e+00
1.259895277795025826e+09 1.856165227527103223e+00
1.329675967466209888e+09 1.861080112114630536e+00
1.403321537605481863e+09 1.866144053504056988e+00
1.481046048880676985e+09 1.871360787100423195e+00
1.563075417945817471e+09 1.876733223871003053e+00
1.649648074098020792e+09 1.882264554017321068e+00
1.741015652304015398e+09 1.887957567063919262e+00
1.837443724610724926e+09 1.893815269879954410e+00
1.939212572065826893e+09 1.899840401334635276e+00
2.046617999391993999e+09 1.906035809275421933e+00
2.159972194782721519e+09 1.912404186563089414e+00
2.279604637318982124e+09 1.918947466238440924e+00
2.405863054644066811e+09 1.925668493404802950e+00
2.539114433680346966e+09 1.932568983215583458e+00
2.679746087325689316e+09 1.939651016276295659e+00
2.828166780230029583e+09 1.946915681075470861e+00
2.984807916924321175e+09 1.954365226793794319e+00
3.150124795755321503e+09 1.962000380993309090e+00
3.324597932270945072e+09 1.969822171654003640e+00
3.508734455902714729e+09 1.977830884373237952e+00
3.703069584005141258e+09 1.986027099974891907e+00
3.908168177536263943e+09 1.994410547060613048e+00
4.124626382901348114e+09 2.002981127456906041e+00
4.353073364731883049e+09 2.011737814359985332e+00
4.594173134636466980e+09 2.020679795434071835e+00
4.848626481239088058e+09 2.029805036853583822e+00
5.117173007114609718e+09 2.039112007385716296e+00
5.400593278542373657e+09 2.048598533859749882e+00
5.699711094326075554e+09 2.058261666608290241e+00
6.015395880274832726e+09 2.068098764549720414e+00
6.348565216305210114e+09 2.078105867722493727e+00
6.700187503509576797e+09 2.088279809299160572e+00
7.071284778942981720e+09 2.098616446003133795e+00
7.462935686310145378e+09 2.109111015297461922e+00
7.876278611187063217e+09 2.119759163079605102e+00
8.312514989890631676e+09 2.130556159604545030e+00
8.772912801613355637e+09 2.141497072937851076e+00
9.258810253973945618e+09 2.152576134394649898e+00
9.771619672696161270e+09 2.163789280833168238e+00
1.031283160672186852e+10 2.175130681994535298e+00
1.088401916069007683e+10 2.186595290813434733e+00
1.148684256737554741e+10 2.198178083196815180e+00
1.212305401337652779e+10 2.209875120658302716e+00
1.279450273207873344e+10 2.221681374607457293e+00
1.350314037869872093e+10 2.233592905440927368e+00
1.425102670302996254e+10 2.245606807842670083e+00
1.504033553638022041e+10 2.257720039179651472e+00
1.587336111010205460e+10 2.269930070281738654e+00
1.675252472408210373e+10 2.282235009195285880e+00
1.768038178457208633e+10 2.294634255134851308e+00
1.865962923181745911e+10 2.307127732021560629e+00
1.969311337907421875e+10 2.319715987420589709e+00
2.078383818579755020e+10 2.332399674363101028e+00
2.193497398905055618e+10 2.345181452119249332e+00
2.314986671851165771e+10 2.358063668648477051e+00
2.443204762186491776e+10 2.371050122783757264e+00
2.578524352884276581e+10 2.384144182594541750e+00
2.721338768375308609e+10 2.397350151755992975e+00
2.872063117797828293e+10 2.410672990716510977e+00
3.031135501567576218e+10 2.424117098833305395e+00
3.199018284775060654e+10 2.437687234119102264e+00
3.376199441111333084e+10 2.451388510715521107e+00
3.563193971228576660e+10 2.465226028347917264e+00
3.760545399658160400e+10 2.479202800454242794e+00
3.968827354637165833e+10 2.493323726285454622e+00
4.188645235435270691e+10 2.507591329491617671e+00
4.420637972028530121e+10 2.522008362871820175e+00
4.665479882234468079e+10 2.536577274876000487e+00
4.923882631706731415e+10 2.551298732268153291e+00
5.196597302486207581e+10 2.566173463211629979e+00
5.484416576121026611e+10 2.581201572073692940e+00
5.788177037701280212e+10 2.596382416565481854e+00
6.108761607505039978e+10 2.611715559418612109e+00
6.447102107323869324e+10 2.627198840220850151e+00
6.804181968927093506e+10 2.642833101915967209e+00
7.181039092537341309e+10 2.658616212373275278e+00
7.578768863625914001e+10 2.674547197940671861e+00
7.998527336796691895e+10 2.690627905920057295e+00
8.441534596012959290e+10 2.706857292024375639e+00
8.909078300934143066e+10 2.723237781320791751e+00
9.402517429670132446e+10 2.739770990810983520e+00
9.923286228832545471e+10 2.756460227198153756e+00
1.047289838236357422e+11 2.773309353104612018e+00
1.105295141126019745e+11 2.790321719307764514e+00
1.166513131698198547e+11 2.807501750844117794e+00
1.231121748203892059e+11 2.824854759745706545e+00
1.299308784200417175e+11 2.842384378014810586e+00
1.371272434398400879e+11 2.860094260225324536e+00
1.447221870741134338e+11 2.877987808629844491e+00
1.527377850390712280e+11 2.896067965085675322e+00
1.611973357388155518e+11 2.914336609545942203e+00
1.701254279852585754e+11 2.932794873136227665e+00
1.795480124687826843e+11 2.951444034710368758e+00
1.894924771873815918e+11 2.970284127678227915e+00
1.999877270535286865e+11 2.989316045955213053e+00
2.110642679101554871e+11 3.008540135138157101e+00
2.227542951999556274e+11 3.027958788962060055e+00
2.350917875457284546e+11 3.047573358600005111e+00
2.481126055137765198e+11 3.067387359584501372e+00
2.618545958474237976e+11 3.087403666957397874e+00
2.763577014736163330e+11 3.107626269493881654e+00
2.916640776023706665e+11 3.128060744936709714e+00
3.078182142565079956e+11 3.148711426856226847e+00
3.248670655878374634e+11 3.169581164912115501e+00
3.428601863556583252e+11 3.190675565043694650e+00
3.618498759642742920e+11 3.211996670131181730e+00
3.818913304781846313e+11 3.233546071482229944e+00
4.030428030568041992e+11 3.255326708771145050e+00
4.253657732750374146e+11 3.277339860049071074e+00
4.489251258218607788e+11 3.299587904008896899e+00
4.737893390963143921e+11 3.322072180761980853e+00
5.000306842491090088e+11 3.344796066572178539e+00
5.277254352483532104e+11 3.367764545857593994e+00
5.569540905800124512e+11 3.390981446780990893e+00
5.878016072274924316e+11 3.414451723238689951e+00
6.203576476104281006e+11 3.438180607485275431e+00
6.547168402004742432e+11 3.462171849619985142e+00
6.909790545715645752e+11 3.486429710544555860e+00
7.292496916841444092e+11 3.510957207585264417e+00
7.696399902471151123e+11 3.535756568465968641e+00
8.122673500479703369e+11 3.560829886740855876e+00
8.572556731909306641e+11 3.586181755093369450e+00
9.047357242349274902e+11 3.611815867093057797e+00
9.548455102782264404e+11 3.637736591421324217e+00
1.007730682094457642e+12 3.663949387476834740e+00
1.063544957486011230e+12 3.690460318402848827e+00
1.122450568085305908e+12 3.717273034219144900e+00
1.184618730902682373e+12 3.744392793872298508e+00
1.250230145991453369e+12 3.771823325680801364e+00
1.319475521676708740e+12 3.799567140872474269e+00
1.392556128874464844e+12 3.827629701792979677e+00
1.469684386112447510e+12 3.856013962233809433e+00
1.551084476952840576e+12 3.884726861489275596e+00
1.636993001611701904e+12 3.913774206550778345e+00
1.727659664669034668e+12 3.943160896578620900e+00
1.823348000868438477e+12 3.972893060996593562e+00
1.924336141115976074e+12 4.002974781708635632e+00
2.030917620904730713e+12 4.033410360311483700e+00
2.143402233514850098e+12 4.064205313850637324e+00
2.262116930469017090e+12 4.095364713970091053e+00
2.387406771860646973e+12 4.126894977487013172e+00
2.519635929317013672e+12 4.158802716169344826e+00
2.659188744512690918e+12 4.191095042283483174e+00
2.806470846309833008e+12 4.223775285830960513e+00
2.961910329772559570e+12 4.256850145970533461e+00
3.125959000482284180e+12 4.290324995455248036e+00
3.299093687770942383e+12 4.324206734834131538e+00
3.481817630688966309e+12 4.358501811357514022e+00
3.674661940736687988e+12 4.393218813092502728e+00
3.878187145610719727e+12 4.428362413609811199e+00
4.092984818452434082e+12 4.463939253140231322e+00
4.319679297334164551e+12 4.499955667074456933e+00
4.558929499981049805e+12 4.536419584279745898e+00
4.811430839003245117e+12 4.573337877467991142e+00
5.077917243205382812e+12 4.610719363252862912e+00
5.359163290848514648e+12 4.648570689959516500e+00
5.655986461065001953e+12 4.686898612163127531e+00
5.969249509970727539e+12 4.725710593695789719e+00
6.299862978380680664e+12 4.765014850320139494e+00
6.648787838417276367e+12 4.804820649715725978e+00
7.017038286703836914e+12 4.845135563643176546e+00
7.405684692262442383e+12 4.885969027691817956e+00
7.815856707684090820e+12 4.927326375597895769e+00
8.248746552614581055e+12 4.969218036442744513e+00
8.705612479099856445e+12 5.011653983724671413e+00
9.187782428863320312e+12 5.054643824364790206e+00
9.696657893145500000e+12 5.098193067547675206e+00
1.023371798632517188e+13 5.142314113267206110e+00
1.080052374516249609e+13 5.187016243345452082e+00
1.139872266616047852e+13 5.232309496202955046e+00
1.203005349423324219e+13 5.278202242192655547e+00
1.269635127659972852e+13 5.324705638240187611e+00
1.339955269659337109e+13 5.371831322703029876e+00
1.414170170289021094e+13 5.419588799788821909e+00
1.492495545051832227e+13 5.467987035967190934e+00
1.575159057091624414e+13 5.517039655971417211e+00
1.662400978926613477e+13 5.566757153158215843e+00
1.754474890833459570e+13 5.617152241130843215e+00
1.851648417912153906e+13 5.668233617628747112e+00
1.954204007974051562e+13 5.720016312255653546e+00
2.062439752514088281e+13 5.772510463907435607e+00
2.176670253153454688e+13 5.825729120359977031e+00
2.297227536071146484e+13 5.879686088067036742e+00
2.424462017082320703e+13 5.934394006040944802e+00
2.558743520168578516e+13 5.989864394339901033e+00
2.700462352420682031e+13 6.046114011165710345e+00
2.850030438518105078e+13 6.103154342536125654e+00
3.007882518043095703e+13 6.160998104202834114e+00
3.174477409109187109e+13 6.219662816098698421e+00
3.350299341977236719e+13 6.279161841590489956e+00
3.535859366535182812e+13 6.339510156960484366e+00
3.731696837732755469e+13 6.400723986212378591e+00
3.938380983288489062e+13 6.462817318740644801e+00
4.156512558225988281e+13 6.525808242063472875e+00
4.386725591048494531e+13 6.589712240477932248e+00
4.629689226627258594e+13 6.654544466935588432e+00
4.886109671160316406e+13 6.720323599982870988e+00
5.156732244854953125e+13 6.787068562772349267e+00
5.442343548300250000e+13 6.854794186018575708e+00
5.743773748826563281e+13 6.923519327924381628e+00
6.061898993497571875e+13 6.993265096539159842e+00
6.397643955748423438e+13 7.064050561497482228e+00
6.751984523072494531e+13 7.135887457781338483e+00
7.125950633568396875e+13 7.208805516721701778e+00
7.520629269592421875e+13 7.282822027914940044e+00
7.937167617217559375e+13 7.357951936272949744e+00
8.376776400682925000e+13 7.434225623359565382e+00
8.840733401525062500e+13 7.511658544670130055e+00
9.330387172620360938e+13 7.590277035818577822e+00
9.847160957933764062e+13 7.670096792574258693e+00
1.039255682936710938e+14 7.751149288956133532e+00
1.096816005273135781e+14 7.833453169823651585e+00
1.157564369553301094e+14 7.917033458613069286e+00
1.221677348996788125e+14 8.001917235166487785e+00
1.289341296525710469e+14 8.088125870691763808e+00
1.360752886424333125e+14 8.175688485335399491e+00
1.436119685999077188e+14 8.264630654599747217e+00
1.515660758900601250e+14 8.354979918474720435e+00
1.599607301861484688e+14 8.446761360810974395e+00
1.688203316700366250e+14 8.540008815114530805e+00
1.781706319545732500e+14 8.634743731782757337e+00
1.880388089340916562e+14 8.731006933241960866e+00
1.984535457805803125e+14 8.828816335648282276e+00
2.094451143151468750e+14 8.928209547946497793e+00
2.210454629971019375e+14 9.029217891257772521e+00
2.332883097864153438e+14 9.131873557432955479e+00
2.462092401494620625e+14 9.236207933449147589e+00
2.598458104929241875e+14 9.342257019847343358e+00
2.742376573264941250e+14 9.450057656501355652e+00
2.894266124716740000e+14 9.559637621595724610e+00
3.054568246515431875e+14 9.671048110885081428e+00
3.223748878149026875e+14 9.784308977090615755e+00
3.402299765678064375e+14 9.899472612949233863e+00
3.590739891061047500e+14 1.001657226413550461e+01
3.789616980644723750e+14 1.013564731327428881e+01
3.999509097203669375e+14 1.025673815887597584e+01
4.221026320156903125e+14 1.037989064079952328e+01
4.454812518844988750e+14 1.050514643594773467e+01
4.701547224022129375e+14 1.063254866281393518e+01
4.961947603002898125e+14 1.076214403443065493e+01
5.236770544204645000e+14 1.089396996643609050e+01
5.526814857144591875e+14 1.102809393824868600e+01
5.832923594286188750e+14 1.116455031743809201e+01
6.155986501483488750e+14 1.130339203195236486e+01
6.496942604146098750e+14 1.144466913748090420e+01
6.856782936641737500e+14 1.158842807995569224e+01
7.236553422869650000e+14 1.173473477876374105e+01
7.637357916378011250e+14 1.188363661086486189e+01
8.060361408861328750e+14 1.203519209271706103e+01
8.506793416364170000e+14 1.218945361643372216e+01
8.977951553033331250e+14 1.234648190516863053e+01
9.475205302806547500e+14 1.250634112822169541e+01
1.000000000000000000e+15 1.266909987957536110e+01
