1.000000000000000000e+08 3.989156858605200640e-01
1.055386103036523014e+08 3.992572219135367972e-01
1.113839826482618302e+08 3.996107471697266655e-01
1.175531073878367543e+08 3.999767031133543149e-01
1.240639159058834314e+08 4.003554426439459024e-01
1.309353327353612185e+08 4.007474479127141054e-01
1.381873305653633475e+08 4.011531462915234325e-01
1.458409882943986356e+08 4.015729999405842632e-01
1.539185522990205288e+08 4.020074492833866087e-01
1.624435010958865285e+08 4.024569948485820503e-01
1.714406135851968527e+08 4.029221215896567898e-01
1.809360410738712847e+08 4.034032984881791295e-01
1.909573832878100574e+08 4.039010966377732936e-01
2.015337685941735208e+08 4.044159607277625357e-01
2.126959386668691933e+08 4.049485576195111514e-01
2.244763378413223922e+08 4.054992886296125421e-01
2.369092074182631969e+08 4.060688717300493522e-01
2.500306851906321347e+08 4.066578278161892546e-01
2.638789104828929305e+08 4.072666836910585064e-01
2.784941350080649853e+08 4.078961607015730850e-01
2.939188398646890521e+08 4.085468679064616082e-01
3.101978590138099790e+08 4.092193308554875619e-01
3.273785095948576927e+08 4.099143489225342551e-01
3.455107294592218399e+08 4.106324026770686308e-01
3.646472223212745190e+08 4.113743856255053233e-01
3.848436109487425089e+08 4.121407926481583384e-01
4.061585988376971483e+08 4.129323855769989060e-01
4.286541408420934081e+08 4.137498728916950697e-01
4.523956232538058162e+08 4.145939567987516061e-01
4.774520538566131592e+08 4.154653662103916512e-01
5.038962625065150261e+08 4.163648103922412691e-01
5.318051128214197159e+08 4.172930403989209558e-01
5.612597255954965353e+08 4.182507610933255959e-01
5.923457145875793695e+08 4.192387590160878696e-01
6.251534353689699173e+08 4.202577558957871218e-01
6.597782479539546967e+08 4.213084456925808574e-01
6.963207939763890505e+08 4.223916486766932099e-01
7.348872892180387974e+08 4.235080969461368361e-01
7.755898323389002085e+08 4.246584948983108676e-01
8.185467307069020271e+08 4.258435097381945700e-01
8.638828442740435600e+08 4.270639857829686692e-01
9.117299484984903336e+08 4.283205396731705750e-01
9.622271173675154448e+08 4.296138326628074489e-01
1.015521127634569168e+09 4.309446251085775059e-01
1.071766885445503354e+09 4.323134984454753971e-01
1.131127876593921423e+09 4.337210040798371580e-01
1.193776641714435816e+09 4.351678172034283421e-01
1.259895277795025826e+09 4.366545313835122344e-01
1.329675967466209888e+09 4.381815834606979654e-01
1.403321537605481863e+09 4.397494596670610267e-01
1.481046048880676985e+09 4.413586172675894037e-01
1.563075417945817471e+09 4.430094187394660876e-01
1.649648074098020792e+09 4.447022011833430821e-01
1.741015652304015398e+09 4.464372306221592868e-01
1.837443724610724926e+09 4.482146896822112869e-01
1.939212572065826893e+09 4.500347309633179194e-01
2.046617999391993999e+09 4.518974166515332680e-01
2.159972194782721519e+09 4.538027633851376974e-01
2.279604637318982124e+09 4.557506672781629908e-01
2.405863054644066811e+09 4.577409633061245153e-01
2.539114433680346966e+09 4.597733861755630147e-01
2.679746087325689316e+09 4.618476247353808795e-01
2.828166780230029583e+09 4.639632486857943605e-01
2.984807916924321175e+09 4.661197914297391942e-01
3.150124795755321503e+09 4.683165131946363524e-01
3.324597932270945072e+09 4.705528871909265276e-01
3.508734455902714729e+09 4.728280599077986923e-01
3.703069584005141258e+09 4.751411813619078051e-01
3.908168177536263943e+09 4.774914182936207396e-01
4.124626382901348114e+09 4.798776876939219727e-01
4.353073364731883049e+09 4.822989665429363026e-01
4.594173134636466980e+09 4.847542025747622052e-01
4.848626481239088058e+09 4.872422698990400702e-01
5.117173007114609718e+09 4.897619318210638673e-01
5.400593278542373657e+09 4.923120357849689599e-01
5.699711094326075554e+09 4.948914753774167341e-01
6.015395880274832726e+09 4.974990829767790279e-01
6.348565216305210114e+09 5.001336295531397802e-01
6.700187503509576797e+09 5.027941546745743340e-01
7.071284778942981720e+09 5.054796968051070705e-01
7.462935686310145378e+09 5.081892802768972484e-01
7.876278611187063217e+09 5.109220977245088058e-01
8.312514989890631676e+09 5.136776109797345224e-01
8.772912801613355637e+09 5.164552212245533402e-01
9.258810253973945618e+09 5.192544201213934452e-01
9.771619672696161270e+09 5.220751652758938155e-01
1.031283160672186852e+10 5.249172721259153240e-01
1.088401916069007683e+10 5.277808613232867208e-01
1.148684256737554741e+10 5.306662637843616581e-01
1.212305401337652779e+10 5.335739538112168612e-01
1.279450273207873344e+10 5.365045725065438198e-01
1.350314037869872093e+10 5.394586630929231186e-01
1.425102670302996254e+10 5.424372993349622085e-01
1.504033553638022041e+10 5.454412730003096454e-01
1.587336111010205460e+10 5.484717313357940771e-01
1.675252472408210373e+10 5.515298196657746344e-01
1.768038178457208633e+10 5.546164896919107967e-01
1.865962923181745911e+10 5.577329692300589947e-01
1.969311337907421875e+10 5.608802563848772627e-01
2.078383818579755020e+10 5.640593262007378428e-01
2.193497398905055618e+10 5.672711029568261454e-01
2.314986671851165771e+10 5.705162345206754582e-01
2.443204762186491776e+10 5.737953826181331207e-01
2.578524352884276581e+10 5.771090107304981398e-01
2.721338768375308609e+10 5.804573134424128034e-01
2.872063117797828293e+10 5.838405561953475820e-01
3.031135501567576218e+10 5.872586441177440886e-01
3.199018284775060654e+10 5.907116485278142148e-01
3.376199441111333084e+10 5.941991729525799570e-01
3.563193971228576660e+10 5.977210645470687478e-01
3.760545399658160400e+10 6.012770834591945057e-01
3.968827354637165833e+10 6.048670801160731525e-01
4.188645235435270691e+10 6.084909015823047884e-01
4.420637972028530121e+10 6.121485661648223831e-01
4.665479882234468079e+10 6.158402663087690909e-01
4.923882631706731415e+10 6.195661595459703852e-01
5.196597302486207581e+10 6.233268337626234334e-01
5.484416576121026611e+10 6.271230563864121921e-01
5.788177037701280212e+10 6.309554940434082271e-01
6.108761607505039978e+10 6.348251139736044157e-01
6.447102107323869324e+10 6.387327958615202084e-01
6.804181968927093506e+10 6.426797382023110572e-01
7.181039092537341309e+10 6.466668184360915284e-01
7.578768863625914001e+10 6.506948643313947844e-01
7.998527336796691895e+10 6.547648303789498359e-01
8.441534596012959290e+10 6.588770783383928187e-01
8.909078300934143066e+10 6.630321665163414480e-01
9.402517429670132446e+10 6.672304983627563857e-01
9.923286228832545471e+10 6.714720653030583630e-01
1.047289838236357422e+11 6.757574435189163120e-01
1.105295141126019745e+11 6.800861819495863658e-01
1.166513131698198547e+11 6.844588189900153719e-01
1.231121748203892059e+11 6.888756207979739310e-01
1.299308784200417175e+11 6.933370166692214287e-01
1.371272434398400879e+11 6.978436934885782206e-01
1.447221870741134338e+11 7.023962701325586755e-01
1.527377850390712280e+11 7.069959992396022130e-01
1.611973357388155518e+11 7.116437427698623086e-01
1.701254279852585754e+11 7.163405570033375414e-01
1.795480124687826843e+11 7.210873213532913439e-01
1.894924771873815918e+11 7.258850437335057082e-01
1.999877270535286865e+11 7.307342615526528640e-01
2.110642679101554871e+11 7.356356379847437399e-01
2.227542951999556274e+11 7.405895090254969171e-01
2.350917875457284546e+11 7.455962042521212529e-01
2.481126055137765198e+11 7.506563553329098637e-01
2.618545958474237976e+11 7.557702590900322592e-01
2.763577014736163330e+11 7.609387523537834985e-01
2.916640776023706665e+11 7.661626370066307867e-01
3.078182142565079956e+11 7.714432444067363948e-01
3.248670655878374634e+11 7.767812245590353104e-01
3.428601863556583252e+11 7.821780602050862896e-01
3.618498759642742920e+11 7.876346471449970910e-01
3.818913304781846313e+11 7.931518417609932925e-01
4.030428030568041992e+11 7.987301745238295503e-01
4.253657732750374146e+11 8.043704037667648299e-01
4.489251258218607788e+11 8.100731361325516078e-01
4.737893390963143921e+11 8.158390770445564932e-01
5.000306842491090088e+11 8.216691528921085119e-01
5.277254352483532104e+11 8.275644051940747037e-01
5.569540905800124512e+11 8.335262203271750492e-01
5.878016072274924316e+11 8.395556815848980170e-01
6.203576476104281006e+11 8.456537530297549843e-01
6.547168402004742432e+11 8.518216758966971058e-01
6.909790545715645752e+11 8.580601702257262264e-01
7.292496916841444092e+11 8.643700504127682649e-01
7.696399902471151123e+11 8.707523317834349186e-01
8.122673500479703369e+11 8.772078271139706063e-01
8.572556731909306641e+11 8.837380165046311298e-01
9.047357242349274902e+11 8.903441858056673208e-01
9.548455102782264404e+11 8.970276191278879763e-01
1.007730682094457642e+12 9.037895342599778781e-01
1.063544957486011230e+12 9.106309862597783411e-01
1.122450568085305908e+12 9.175529073289070414e-01
1.184618730902682373e+12 9.245565180819207418e-01
1.250230145991453369e+12 9.316428681888836438e-01
1.319475521676708740e+12 9.388136332641796589e-01
1.392556128874464844e+12 9.460703296939453333e-01
1.469684386112447510e+12 9.534142319765963602e-01
1.551084476952840576e+12 9.608465344501799787e-01
1.636993001611701904e+12 9.683685619405163481e-01
1.727659664669034668e+12 9.759815196938982362e-01
1.823348000868438477e+12 9.836869657227671482e-01
1.924336141115976074e+12 9.914863577361524571e-01
2.030917620904730713e+12 9.993815493829013574e-01
2.143402233514850098e+12 1.007373921329578481e+00
2.262116930469017090e+12 1.015464795259469755e+00
2.387406771860646973e+12 1.023655680756496489e+00
2.519635929317013672e+12 1.031948153974827864e+00
2.659188744512690918e+12 1.040344141411357226e+00
2.806470846309833008e+12 1.048845324361505682e+00
2.961910329772559570e+12 1.057453151914496292e+00
3.125959000482284180e+12 1.066169455062488725e+00
3.299093687770942383e+12 1.074995926168838656e+00
3.481817630688966309e+12 1.083934275421226223e+00
3.674661940736687988e+12 1.092986709155570946e+00
3.878187145610719727e+12 1.102154844864291272e+00
4.092984818452434082e+12 1.111440571224910023e+00
4.319679297334164551e+12 1.120845819524898257e+00
4.558929499981049805e+12 1.130372426973744515e+00
4.811430839003245117e+12 1.140022941008549173e+00
5.077917243205382812e+12 1.149798997261124001e+00
5.359163290848514648e+12 1.159702603805113474e+00
5.655986461065001953e+12 1.169736058192769823e+00
5.969249509970727539e+12 1.179901721606630760e+00
6.299862978380680664e+12 1.190201589289468398e+00
6.648787838417276367e+12 1.200637926694256619e+00
7.017038286703836914e+12 1.211213096027413894e+00
7.405684692262442383e+12 1.221929522600244677e+00
7.815856707684090820e+12 1.232789492030512912e+00
8.248746552614581055e+12 1.243795736480966418e+00
8.705612479099856445e+12 1.254950355449097055e+00
9.187782428863320312e+12 1.266256316431600526e+00
9.696657893145500000e+12 1.277716068411804740e+00
1.023371798632517188e+13 1.289331814413454680e+00
1.080052374516249609e+13 1.301107218275594057e+00
1.139872266616047852e+13 1.313044433352522855e+00
1.203005349423324219e+13 1.325146319512842341e+00
1.269635127659972852e+13 1.337415988212186102e+00
1.339955269659337109e+13 1.349856342424723410e+00
1.414170170289021094e+13 1.362470124514598924e+00
1.492495545051832227e+13 1.375260657615312132e+00
1.575159057091624414e+13 1.388231119299542460e+00
1.662400978926613477e+13 1.401384853643206752e+00
1.754474890833459570e+13 1.414724481406943513e+00
1.851648417912153906e+13 1.428254091385271041e+00
1.954204007974051562e+13 1.441976941484703234e+00
2.062439752514088281e+13 1.455896101006712184e+00
2.176670253153454688e+13 1.470015545662278100e+00
2.297227536071146484e+13 1.484339000864342673e+00
2.424462017082320703e+13 1.498869945662188119e+00
2.558743520168578516e+13 1.513612089897301782e+00
2.700462352420682031e+13 1.528569475903909680e+00
2.850030438518105078e+13 1.543745968873053265e+00
3.007882518043095703e+13 1.559145799307757319e+00
3.174477409109187109e+13 1.574773054799934346e+00
3.350299341977236719e+13 1.590631744857025298e+00
3.535859366535182812e+13 1.606726509048247653e+00
3.731696837732755469e+13 1.623061637030005055e+00
3.938380983288489062e+13 1.639641490479003982e+00
4.156512558225988281e+13 1.656470963300379573e+00
4.386725591048494531e+13 1.673554325961663425e+00
4.629689226627258594e+13 1.690897042691069219e+00
4.886109671160316406e+13 1.708503833965345331e+00
5.156732244854953125e+13 1.726379213040025506e+00
5.442343548300250000e+13 1.744528960971474030e+00
5.743773748826563281e+13 1.762957886235903437e+00
6.061898993497571875e+13 1.781671730773825457e+00
6.397643955748423438e+13 1.800675776330364464e+00
6.751984523072494531e+13 1.819975606546555991e+00
7.125950633568396875e+13 1.839577401272298518e+00
7.520629269592421875e+13 1.859486494919031063e+00
7.937167617217559375e+13 1.879709366081452115e+00
8.376776400682925000e+13 1.900251736174514372e+00
8.840733401525062500e+13 1.921120295087794583e+00
9.330387172620360938e+13 1.942321458679732160e+00
9.847160957933764062e+13 1.963861075820121149e+00
1.039255682936710938e+14 1.985747261934495578e+00
1.096816005273135781e+14 2.007985745760542784e+00
1.157564369553301094e+14 2.030584103361949388e+00
1.221677348996788125e+14 2.053549271641871954e+00
1.289341296525710469e+14 2.076889144670920562e+00
1.360752886424333125e+14 2.100610767228965337e+00
1.436119685999077188e+14 2.124722274049353210e+00
1.515660758900601250e+14 2.149231287618891262e+00
1.599607301861484688e+14 2.174145927080476604e+00
1.688203316700366250e+14 2.199474738735710755e+00
1.781706319545732500e+14 2.225226270237774528e+00
1.880388089340916562e+14 2.251408780321586978e+00
1.984535457805803125e+14 2.278031705901948811e+00
2.094451143151468750e+14 2.305103805369020709e+00
2.210454629971019375e+14 2.332634435424917552e+00
2.332883097864153438e+14 2.360633391692276817e+00
2.462092401494620625e+14 2.389110244618327439e+00
2.598458104929241875e+14 2.418075068024307495e+00
2.742376573264941250e+14 2.447538551257063322e+00
2.894266124716740000e+14 2.477510409418117732e+00
3.054568246515431875e+14 2.508002286783887147e+00
3.223748878149026875e+14 2.539024541651501377e+00
3.402299765678064375e+14 2.570588799705847194e+00
3.590739891061047500e+14 2.602706593117709577e+00
3.789616980644723750e+14 2.635390385205161667e+00
3.999509097203669375e+14 2.668650537824203806e+00
4.221026320156903125e+14 2.702501969898432499e+00
4.454812518844988750e+14 2.736955902984411271e+00
4.701547224022129375e+14 2.772025741408274069e+00
4.961947603002898125e+14 2.807725004043798656e+00
5.236770544204645000e+14 2.844067418866940145e+00
5.526814857144591875e+14 2.881067231101970716e+00
5.832923594286188750e+14 2.918738656492526840e+00
6.155986501483488750e+14 2.957096444167805149e+00
6.496942604146098750e+14 2.996156444142342945e+00
6.856782936641737500e+14 3.035933593968446420e+00
7.236553422869650000e+14 3.076443689601183529e+00
7.637357916378011250e+14 3.117703647655204247e+00
8.060361408861328750e+14 3.159730625480628330e+00
8.506793416364170000e+14 3.202541298064453645e+00
8.977951553033331250e+14 3.246152869743363034e+00
9.475205302806547500e+14 3.290583958859842895e+00
1.000000000000000000e+15 3.335853784058041782e+00
