1.000000000000000000e+08 9.145306856728098177e-01
1.055386103036523014e+08 9.150837213077968046e-01
1.113839826482618302e+08 9.156564098135538954e-01
1.175531073878367543e+08 9.162494905052103178e-01
1.240639159058834314e+08 9.168636206937366140e-01
1.309353327353612185e+08 9.174996175898572082e-01
1.381873305653633475e+08 9.181581837881699348e-01
1.458409882943986356e+08 9.188400502720843743e-01
1.539185522990205288e+08 9.195460608926503410e-01
1.624435010958865285e+08 9.202769696421245760e-01
1.714406135851968527e+08 9.210336907455076716e-01
1.809360410738712847e+08 9.218170776168672642e-01
1.909573832878100574e+08 9.226281073426093604e-01
2.015337685941735208e+08 9.234675045054790976e-01
2.126959386668691933e+08 9.243363791216380188e-01
2.244763378413223922e+08 9.252356950576855477e-01
2.369092074182631969e+08 9.261663778359099375e-01
2.500306851906321347e+08 9.271294312598278298e-01
2.638789104828929305e+08 9.281262331747959227e-01
2.784941350080649853e+08 9.291574927536347950e-01
2.939188398646890521e+08 9.302245235141605173e-01
3.101978590138099790e+08 9.313284161078092538e-01
3.273785095948576927e+08 9.324705020187454840e-01
3.455107294592218399e+08 9.336517651271145635e-01
3.646472223212745190e+08 9.348735803644354636e-01
3.848436109487425089e+08 9.361373212017893852e-01
4.061585988376971483e+08 9.374441321435186270e-01
4.286541408420934081e+08 9.387953584660767570e-01
4.523956232538058162e+08 9.401923657651132249e-01
4.774520538566131592e+08 9.416368270310819799e-01
5.038962625065150261e+08 9.431297720076755597e-01
5.318051128214197159e+08 9.446729648704732529e-01
5.612597255954965353e+08 9.462676914343658430e-01
5.923457145875793695e+08 9.479155336424978096e-01
6.251534353689699173e+08 9.496181730185666581e-01
6.597782479539546967e+08 9.513770521377606926e-01
6.963207939763890505e+08 9.531935904706453355e-01
7.348872892180387974e+08 9.550698075252399555e-01
7.755898323389002085e+08 9.570070863355490953e-01
8.185467307069020271e+08 9.590070585749193022e-01
8.638828442740435600e+08 9.610714125364572258e-01
9.117299484984903336e+08 9.632019626654879652e-01
9.622271173675154448e+08 9.654003616563754386e-01
1.015521127634569168e+09 9.676682104570784038e-01
1.071766885445503354e+09 9.700073975982854702e-01
1.131127876593921423e+09 9.724194559497226775e-01
1.193776641714435816e+09 9.749063115032172711e-01
1.259895277795025826e+09 9.774695159636208608e-01
1.329675967466209888e+09 9.801107804020168235e-01
1.403321537605481863e+09 9.828317928019681959e-01
1.481046048880676985e+09 9.856342573715185518e-01
1.563075417945817471e+09 9.885197174526728636e-01
1.649648074098020792e+09 9.914898711273242293e-01
1.741015652304015398e+09 9.945460833234610609e-01
1.837443724610724926e+09 9.976899801397709489e-01
1.939212572065826893e+09 1.000923052164367055e+00
2.046617999391993999e+09 1.004246592703263996e+00
2.159972194782721519e+09 1.007661912754841627e+00
2.279604637318982124e+09 1.011170168810151981e+00
2.405863054644066811e+09 1.014772571394569667e+00
2.539114433680346966e+09 1.018470087189220497e+00
2.679746087325689316e+09 1.022263550728754078e+00
2.828166780230029583e+09 1.026153872604203876e+00
2.984807916924321175e+09 1.030141599271805264e+00
3.150124795755321503e+09 1.034227286431887771e+00
3.324597932270945072e+09 1.038411153226779238e+00
3.508734455902714729e+09 1.042693546047103181e+00
3.703069584005141258e+09 1.047074536846076764e+00
3.908168177536263943e+09 1.051553799229290265e+00
4.124626382901348114e+09 1.056130946749475275e+00
4.353073364731883049e+09 1.060805628290774072e+00
4.594173134636466980e+09 1.065577028837484397e+00
4.848626481239088058e+09 1.070443969519594640e+00
5.117173007114609718e+09 1.075405792240762493e+00
5.400593278542373657e+09 1.080460870620126856e+00
5.699711094326075554e+09 1.085607535926171430e+00
6.015395880274832726e+09 1.090844396551745810e+00
6.348565216305210114e+09 1.096169245942534287e+00
6.700187503509576797e+09 1.101580155648148818e+00
7.071284778942981720e+09 1.107074756505464386e+00
7.462935686310145378e+09 1.112650722025638084e+00
7.876278611187063217e+09 1.118305594726039187e+00
8.312514989890631676e+09 1.124036636977678638e+00
8.772912801613355637e+09 1.129841208077552395e+00
9.258810253973945618e+09 1.135716698260955004e+00
9.771619672696161270e+09 1.141660322714641795e+00
1.031283160672186852e+10 1.147669482348534942e+00
1.088401916069007683e+10 1.153741505466075346e+00
1.148684256737554741e+10 1.159873942392832591e+00
1.212305401337652779e+10 1.166064415359938211e+00
1.279450273207873344e+10 1.172310887862366480e+00
1.350314037869872093e+10 1.178611377822264661e+00
1.425102670302996254e+10 1.184964544189281543e+00
1.504033553638022041e+10 1.191368772758875982e+00
1.587336111010205460e+10 1.197823259215512692e+00
1.675252472408210373e+10 1.204327395707044390e+00
1.768038178457208633e+10 1.210880894862397472e+00
1.865962923181745911e+10 1.217484040553860059e+00
1.969311337907421875e+10 1.224137419427569817e+00
2.078383818579755020e+10 1.230841847476706885e+00
2.193497398905055618e+10 1.237598679344386277e+00
2.314986671851165771e+10 1.244409967869956724e+00
2.443204762186491776e+10 1.251277185942692993e+00
2.578524352884276581e+10 1.258202494220095113e+00
2.721338768375308609e+10 1.265188623119509304e+00
2.872063117797828293e+10 1.272237805256574816e+00
3.031135501567576218e+10 1.279352746773209093e+00
3.199018284775060654e+10 1.286535966069283443e+00
3.376199441111333084e+10 1.293789846134596466e+00
3.563193971228576660e+10 1.301116863634200316e+00
3.760545399658160400e+10 1.308518741638277527e+00
3.968827354637165833e+10 1.315997579159361219e+00
4.188645235435270691e+10 1.323554588964568124e+00
4.420637972028530121e+10 1.331191120529847227e+00
4.665479882234468079e+10 1.338907652800954029e+00
4.923882631706731415e+10 1.346704678909962816e+00
5.196597302486207581e+10 1.354582402497740645e+00
5.484416576121026611e+10 1.362540588791782969e+00
5.788177037701280212e+10 1.370578738708700062e+00
6.108761607505039978e+10 1.378696270849707251e+00
6.447102107323869324e+10 1.386892878564590870e+00
6.804181968927093506e+10 1.395167954717932979e+00
7.181039092537341309e+10 1.403521138341001340e+00
7.578768863625914001e+10 1.411952252985920309e+00
7.998527336796691895e+10 1.420462149646114280e+00
8.441534596012959290e+10 1.429050632500187934e+00
8.909078300934143066e+10 1.437719417027198965e+00
9.402517429670132446e+10 1.446469781449317260e+00
9.923286228832545471e+10 1.455303376055618214e+00
1.047289838236357422e+11 1.464222420927707269e+00
1.105295141126019745e+11 1.473229325771876486e+00
1.166513131698198547e+11 1.482326010411673556e+00
1.231121748203892059e+11 1.491514846835675590e+00
1.299308784200417175e+11 1.500798244885345856e+00
1.371272434398400879e+11 1.510177787204552091e+00
1.447221870741134338e+11 1.519655055626368600e+00
1.527377850390712280e+11 1.529231057553259499e+00
1.611973357388155518e+11 1.538906678714330845e+00
1.701254279852585754e+11 1.548682398991935605e+00
1.795480124687826843e+11 1.558558393151426635e+00
1.894924771873815918e+11 1.568535195124454606e+00
1.999877270535286865e+11 1.578613199454620863e+00
2.110642679101554871e+11 1.588792740368990541e+00
2.227542951999556274e+11 1.599075070908414720e+00
2.350917875457284546e+11 1.609461601029848810e+00
2.481126055137765198e+11 1.619953897061846781e+00
2.618545958474237976e+11 1.630554578159343126e+00
2.763577014736163330e+11 1.641265720915476622e+00
2.916640776023706665e+11 1.652089558631670396e+00
3.078182142565079956e+11 1.663028555165343869e+00
3.248670655878374634e+11 1.674084789097204373e+00
3.428601863556583252e+11 1.685259830182320062e+00
3.618498759642742920e+11 1.696554915865875035e+00
3.818913304781846313e+11 1.707970980861086563e+00
4.030428030568041992e+11 1.719509303620126328e+00
4.253657732750374146e+11 1.731170256077216862e+00
4.489251258218607788e+11 1.742955291612797941e+00
4.737893390963143921e+11 1.754865955503161823e+00
5.000306842491090088e+11 1.766904403237768095e+00
5.277254352483532104e+11 1.779072920701011196e+00
5.569540905800124512e+11 1.791373917228056944e+00
5.878016072274924316e+11 1.803810160287180775e+00
6.203576476104281006e+11 1.816383809158161000e+00
6.547168402004742432e+11 1.829097099649578118e+00
6.909790545715645752e+11 1.841951411988846043e+00
7.292496916841444092e+11 1.854948391108781625e+00
7.696399902471151123e+11 1.868089359749533163e+00
8.122673500479703369e+11 1.881375815180870825e+00
8.572556731909306641e+11 1.894810177421683450e+00
9.047357242349274902e+11 1.908394559279568137e+00
9.548455102782264404e+11 1.922131813955502144e+00
1.007730682094457642e+12 1.936024635980106323e+00
1.063544957486011230e+12 1.950075604216756187e+00
1.122450568085305908e+12 1.964287696746414902e+00
1.184618730902682373e+12 1.978662496523675651e+00
1.250230145991453369e+12 1.993201482619129328e+00
1.319475521676708740e+12 2.007907147063622055e+00
1.392556128874464844e+12 2.022781613769495834e+00
1.469684386112447510e+12 2.037827598432666587e+00
1.551084476952840576e+12 2.053048614217558132e+00
1.636993001611701904e+12 2.068447625505684506e+00
1.727659664669034668e+12 2.084027320670439831e+00
1.823348000868438477e+12 2.099790114139699515e+00
1.924336141115976074e+12 2.115738368948411274e+00
2.030917620904730713e+12 2.131874584554029894e+00
2.143402233514850098e+12 2.148201731517931812e+00
2.262116930469017090e+12 2.164722921048268578e+00
2.387406771860646973e+12 2.181441971170690053e+00
2.519635929317013672e+12 2.198361289365856397e+00
2.659188744512690918e+12 2.215484737165098750e+00
2.806470846309833008e+12 2.232814728477036326e+00
2.961910329772559570e+12 2.250354042345018346e+00
3.125959000482284180e+12 2.268105914838540293e+00
3.299093687770942383e+12 2.286074709382583503e+00
3.481817630688966309e+12 2.304263659300555211e+00
3.674661940736687988e+12 2.322676209157029437e+00
3.878187145610719727e+12 2.341315842922480517e+00
4.092984818452434082e+12 2.360185522293250848e+00
4.319679297334164551e+12 2.379289094178902886e+00
4.558929499981049805e+12 2.398631122085022493e+00
4.811430839003245117e+12 2.418214847059809269e+00
5.077917243205382812e+12 2.438044900435579976e+00
5.359163290848514648e+12 2.458124231323451703e+00
5.655986461065001953e+12 2.478457003043071261e+00
5.969249509970727539e+12 2.499047611239135325e+00
6.299862978380680664e+12 2.519900694508848904e+00
6.648787838417276367e+12 2.541020257674670102e+00
7.017038286703836914e+12 2.562410252206845485e+00
7.405684692262442383e+12 2.584075459366760086e+00
7.815856707684090820e+12 2.606020429741089384e+00
8.248746552614581055e+12 2.628250139607728908e+00
8.705612479099856445e+12 2.650769151816239066e+00
9.187782428863320312e+12 2.673581381562315951e+00
9.696657893145500000e+12 2.696692896519775395e+00
1.023371798632517188e+13 2.720108262621361295e+00
1.080052374516249609e+13 2.743832767119648963e+00
1.139872266616047852e+13 2.767871940524115004e+00
1.203005349423324219e+13 2.792229885927818067e+00
1.269635127659972852e+13 2.816913336510895149e+00
1.339955269659337109e+13 2.841927265482194098e+00
1.414170170289021094e+13 2.867277367385341780e+00
1.492495545051832227e+13 2.892969488059537575e+00
1.575159057091624414e+13 2.919009678800987384e+00
1.662400978926613477e+13 2.945404013440068081e+00
1.754474890833459570e+13 2.972157910578240525e+00
1.851648417912153906e+13 2.999277675089689232e+00
1.954204007974051562e+13 3.026771444214565232e+00
2.062439752514088281e+13 3.054643762010150976e+00
2.176670253153454688e+13 3.082901979530007885e+00
2.297227536071146484e+13 3.111552887870586481e+00
2.424462017082320703e+13 3.140603281211721054e+00
2.558743520168578516e+13 3.170060265771181385e+00
2.700462352420682031e+13 3.199931539003968428e+00
2.850030438518105078e+13 3.230223910787309638e+00
3.007882518043095703e+13 3.260945269829848225e+00
3.174477409109187109e+13 3.292103202636522674e+00
3.350299341977236719e+13 3.323705287786713480e+00
3.535859366535182812e+13 3.355760220038869424e+00
3.731696837732755469e+13 3.388275599586537457e+00
3.938380983288489062e+13 3.421259641107343707e+00
4.156512558225988281e+13 3.454721674104078932e+00
4.386725591048494531e+13 3.488670039081486873e+00
4.629689226627258594e+13 3.523114032042041988e+00
4.886109671160316406e+13 3.558061788161325012e+00
5.156732244854953125e+13 3.593523688823186291e+00
5.442343548300250000e+13 3.629507981318500498e+00
5.743773748826563281e+13 3.666025609119588413e+00
6.061898993497571875e+13 3.703086757498756043e+00
6.397643955748423438e+13 3.740699793749134638e+00
6.751984523072494531e+13 3.778877429297165413e+00
7.125950633568396875e+13 3.817628351246601603e+00
7.520629269592421875e+13 3.856964471155797103e+00
7.937167617217559375e+13 3.896896084579712038e+00
8.376776400682925000e+13 3.937435574477923250e+00
8.840733401525062500e+13 3.978593449395426251e+00
9.330387172620360938e+13 4.020382317024537855e+00
9.847160957933764062e+13 4.062813868617602076e+00
1.039255682936710938e+14 4.105900535742470936e+00
1.096816005273135781e+14 4.149655104400367556e+00
1.157564369553301094e+14 4.194090288024924007e+00
1.221677348996788125e+14 4.239219966835333864e+00
1.289341296525710469e+14 4.285056915069223038e+00
1.360752886424333125e+14 4.331615244731297665e+00
1.436119685999077188e+14 4.378908713855186541e+00
1.515660758900601250e+14 4.426952916613084987e+00
1.599607301861484688e+14 4.475761484302962501e+00
1.688203316700366250e+14 4.525350169902621289e+00
1.781706319545732500e+14 4.575735046457191757e+00
1.880388089340916562e+14 4.626931169053548842e+00
1.984535457805803125e+14 4.678954183455070748e+00
2.094451143151468750e+14 4.731821510059808666e+00
2.210454629971019375e+14 4.785550634127877956e+00
2.332883097864153438e+14 4.840158065295040224e+00
2.462092401494620625e+14 4.895661763655204446e+00
2.598458104929241875e+14 4.952080766317229710e+00
2.742376573264941250e+14 5.009432925565312722e+00
2.894266124716740000e+14 5.067736883322343289e+00
3.054568246515431875e+14 5.127012672474297261e+00
3.223748878149026875e+14 5.187281207508353198e+00
3.402299765678064375e+14 5.248561310753184550e+00
3.590739891061047500e+14 5.310876699800945566e+00
3.789616980644723750e+14 5.374244205585948286e+00
3.999509097203669375e+14 5.438690167458178237e+00
4.221026320156903125e+14 5.504235910485196115e+00
4.454812518844988750e+14 5.570903458621427440e+00
4.701547224022129375e+14 5.638716732933965581e+00
4.961947603002898125e+14 5.707700780061058410e+00
5.236770544204645000e+14 5.777878833787220891e+00
5.526814857144591875e+14 5.849279262236350974e+00
5.832923594286188750e+14 5.921926268829579065e+00
6.155986501483488750e+14 5.995845495281361792e+00
6.496942604146098750e+14 6.071064889879669302e+00
6.856782936641737500e+14 6.147612143297172871e+00
7.236553422869650000e+14 6.225517425568891206e+00
7.637357916378011250e+14 6.304808863926220752e+00
8.060361408861328750e+14 6.385517223595947200e+00
8.506793416364170000e+14 6.467671929000313291e+00
8.977951553033331250e+14 6.551307241746057386e+00
9.475205302806547500e+14 6.636452780673753438e+00
1.000000000000000000e+15 6.723143951401554297e+00
