1.000000000000000000e+08 5.060486461013496973e-01
1.055386103036523014e+08 5.064041379038906054e-01
1.113839826482618302e+08 5.067722101818887825e-01
1.175531073878367543e+08 5.071533190737339547e-01
1.240639159058834314e+08 5.075478509828603713e-01
1.309353327353612185e+08 5.079563602933824251e-01
1.381873305653633475e+08 5.083792727430858083e-01
1.458409882943986356e+08 5.088171052264335303e-01
1.539185522990205288e+08 5.092703203096645703e-01
1.624435010958865285e+08 5.097394446507140797e-01
1.714406135851968527e+08 5.102249650657980640e-01
1.809360410738712847e+08 5.107274830394648024e-01
1.909573832878100574e+08 5.112475973345096403e-01
2.015337685941735208e+08 5.117857844838211712e-01
2.126959386668691933e+08 5.123426902429822904e-01
2.244763378413223922e+08 5.129189053021313560e-01
2.369092074182631969e+08 5.135151215860550566e-01
2.500306851906321347e+08 5.141319419302708971e-01
2.638789104828929305e+08 5.147700314094887375e-01
2.784941350080649853e+08 5.154300169034073953e-01
2.939188398646890521e+08 5.161126159995469420e-01
3.101978590138099790e+08 5.168185870186318143e-01
3.273785095948576927e+08 5.175485958652508156e-01
3.455107294592218399e+08 5.183035073781763202e-01
3.646472223212745190e+08 5.190838802196777735e-01
3.848436109487425089e+08 5.198906502379690986e-01
4.061585988376971483e+08 5.207246055473642166e-01
4.286541408420934081e+08 5.215864480090006694e-01
4.523956232538058162e+08 5.224771702850039556e-01
4.774520538566131592e+08 5.233974426003792368e-01
5.038962625065150261e+08 5.243482357710479436e-01
5.318051128214197159e+08 5.253303784595267922e-01
5.612597255954965353e+08 5.263447539441351575e-01
5.923457145875793695e+08 5.273923199978227672e-01
6.251534353689699173e+08 5.284739311733780420e-01
6.597782479539546967e+08 5.295904721255418890e-01
6.963207939763890505e+08 5.307429487190061801e-01
7.348872892180387974e+08 5.319322279885148053e-01
7.755898323389002085e+08 5.331592949017218697e-01
8.185467307069020271e+08 5.344250732205485521e-01
8.638828442740435600e+08 5.357304990599246475e-01
9.117299484984903336e+08 5.370765792059779553e-01
9.622271173675154448e+08 5.384641497835116475e-01
1.015521127634569168e+09 5.398942719667370049e-01
1.071766885445503354e+09 5.413677926568205567e-01
1.131127876593921423e+09 5.428856692212442603e-01
1.193776641714435816e+09 5.444488307172937747e-01
1.259895277795025826e+09 5.460581193185105597e-01
1.329675967466209888e+09 5.477144322966764900e-01
1.403321537605481863e+09 5.494185249842923335e-01
1.481046048880676985e+09 5.511713680082092059e-01
1.563075417945817471e+09 5.529735830224381532e-01
1.649648074098020792e+09 5.548260677629723858e-01
1.741015652304015398e+09 5.567294095583156244e-01
1.837443724610724926e+09 5.586842641802511888e-01
1.939212572065826893e+09 5.606913117170896355e-01
2.046617999391993999e+09 5.627510194173770408e-01
2.159972194782721519e+09 5.648638845053315372e-01
2.279604637318982124e+09 5.670302776484755780e-01
2.405863054644066811e+09 5.692505822633332491e-01
2.539114433680346966e+09 5.715249376165704165e-01
2.679746087325689316e+09 5.738535979158527756e-01
2.828166780230029583e+09 5.762366522198628660e-01
2.984807916924321175e+09 5.786739708519379466e-01
3.150124795755321503e+09 5.811655513923730254e-01
3.324597932270945072e+09 5.837111078865612201e-01
3.508734455902714729e+09 5.863101447037455394e-01
3.703069584005141258e+09 5.889625622431100549e-01
3.908168177536263943e+09 5.916674465398754634e-01
4.124626382901348114e+09 5.944244121056521113e-01
4.353073364731883049e+09 5.972324656848700952e-01
4.594173134636466980e+09 6.000908134228849500e-01
4.848626481239088058e+09 6.029984673428905317e-01
5.117173007114609718e+09 6.059543261388062874e-01
5.400593278542373657e+09 6.089571499650079378e-01
5.699711094326075554e+09 6.120057275357261295e-01
6.015395880274832726e+09 6.150986794726801543e-01
6.348565216305210114e+09 6.182346448284633533e-01
6.700187503509576797e+09 6.214120764171428002e-01
7.071284778942981720e+09 6.246296426660836731e-01
7.462935686310145378e+09 6.278857105391805193e-01
7.876278611187063217e+09 6.311788733972785170e-01
8.312514989890631676e+09 6.345075741151965376e-01
8.772912801613355637e+09 6.378705195867314659e-01
9.258810253973945618e+09 6.412663268854598142e-01
9.771619672696161270e+09 6.446936803770517699e-01
1.031283160672186852e+10 6.481516017051018874e-01
1.088401916069007683e+10 6.516389607686873253e-01
1.148684256737554741e+10 6.551549860374726864e-01
1.212305401337652779e+10 6.586990994753820772e-01
1.279450273207873344e+10 6.622707571493219314e-01
1.350314037869872093e+10 6.658696888732670294e-01
1.425102670302996254e+10 6.694959849956489961e-01
1.504033553638022041e+10 6.731497757039766050e-01
1.587336111010205460e+10 6.768312984174797986e-01
1.675252472408210373e+10 6.805413809808272818e-01
1.768038178457208633e+10 6.842807249856146523e-01
1.865962923181745911e+10 6.880503285955700266e-01
1.969311337907421875e+10 6.918512944343072624e-01
2.078383818579755020e+10 6.956848529857970753e-01
2.193497398905055618e+10 6.995523546207261800e-01
2.314986671851165771e+10 7.034552980249280107e-01
2.443204762186491776e+10 7.073950025245446804e-01
2.578524352884276581e+10 7.113729245668207746e-01
2.721338768375308609e+10 7.153902441624063746e-01
2.872063117797828293e+10 7.194482979422861524e-01
3.031135501567576218e+10 7.235481891914914421e-01
3.199018284775060654e+10 7.276906456846151672e-01
3.376199441111333084e+10 7.318766783987272762e-01
3.563193971228576660e+10 7.361066930157946775e-01
3.760545399658160400e+10 7.403810460414567141e-01
3.968827354637165833e+10 7.446997739690501827e-01
4.188645235435270691e+10 7.490630406661543672e-01
4.420637972028530121e+10 7.534705335638736123e-01
4.665479882234468079e+10 7.579221488098760728e-01
4.923882631706731415e+10 7.624175115094582456e-01
5.196597302486207581e+10 7.669562136097394234e-01
5.484416576121026611e+10 7.715383164379784331e-01
5.788177037701280212e+10 7.761633630144934015e-01
6.108761607505039978e+10 7.808316400108531452e-01
6.447102107323869324e+10 7.855431882345625949e-01
6.804181968927093506e+10 7.902985662185149085e-01
7.181039092537341309e+10 7.950984117574509957e-01
7.578768863625914001e+10 7.999435820889254645e-01
7.998527336796691895e+10 8.048351708751173561e-01
8.441534596012959290e+10 8.097742610127955931e-01
8.909078300934143066e+10 8.147622968512663322e-01
9.402517429670132446e+10 8.198003858193834148e-01
9.923286228832545471e+10 8.248898402690904019e-01
1.047289838236357422e+11 8.300318028151276728e-01
1.105295141126019745e+11 8.352271447375133606e-01
1.166513131698198547e+11 8.404766875799654091e-01
1.231121748203892059e+11 8.457808438328296985e-01
1.299308784200417175e+11 8.511400769601683569e-01
1.371272434398400879e+11 8.565546658538084612e-01
1.447221870741134338e+11 8.620246147328524122e-01
1.527377850390712280e+11 8.675502610614266308e-01
1.611973357388155518e+11 8.731318125900311422e-01
1.701254279852585754e+11 8.787696140552966328e-01
1.795480124687826843e+11 8.844645167153969423e-01
1.894924771873815918e+11 8.902170582358289730e-01
1.999877270535286865e+11 8.960285503068983193e-01
2.110642679101554871e+11 9.019001947783025219e-01
2.227542951999556274e+11 9.078332858153397300e-01
2.350917875457284546e+11 9.138290788541610921e-01
2.481126055137765198e+11 9.198889154660759848e-01
2.618545958474237976e+11 9.260137563201933375e-01
2.763577014736163330e+11 9.322043423343668866e-01
2.916640776023706665e+11 9.384614700785949282e-01
3.078182142565079956e+11 9.447854911695350300e-01
3.248670655878374634e+11 9.511770638649632570e-01
3.428601863556583252e+11 9.576367135382516382e-01
3.618498759642742920e+11 9.641650084021425871e-01
3.818913304781846313e+11 9.707632063291470326e-01
4.030428030568041992e+11 9.774321782679212811e-01
4.253657732750374146e+11 9.841733710354516607e-01
4.489251258218607788e+11 9.909883059889667001e-01
4.737893390963143921e+11 9.978782876283843750e-01
5.000306842491090088e+11 1.004844652731293309e+00
5.277254352483532104e+11 1.011888320049131540e+00
5.569540905800124512e+11 1.019010127148887168e+00
5.878016072274924316e+11 1.026211085852900329e+00
6.203576476104281006e+11 1.033491550944732440e+00
6.547168402004742432e+11 1.040852900261944214e+00
6.909790545715645752e+11 1.048296125124034361e+00
7.292496916841444092e+11 1.055822809746689961e+00
7.696399902471151123e+11 1.063434378597745811e+00
8.122673500479703369e+11 1.071132415782561909e+00
8.572556731909306641e+11 1.078918159257792331e+00
9.047357242349274902e+11 1.086793194069981094e+00
9.548455102782264404e+11 1.094758344228949021e+00
1.007730682094457642e+12 1.102814567605358453e+00
1.063544957486011230e+12 1.110963311134342657e+00
1.122450568085305908e+12 1.119205575921190299e+00
1.184618730902682373e+12 1.127543297416289336e+00
1.250230145991453369e+12 1.135978189995755727e+00
1.319475521676708740e+12 1.144511728180628740e+00
1.392556128874464844e+12 1.153145502174267811e+00
1.469684386112447510e+12 1.161880891100961710e+00
1.551084476952840576e+12 1.170719190984647051e+00
1.636993001611701904e+12 1.179661696085575473e+00
1.727659664669034668e+12 1.188710023039444952e+00
1.823348000868438477e+12 1.197866198640301638e+00
1.924336141115976074e+12 1.207132167226205199e+00
2.030917620904730713e+12 1.216509471695979006e+00
2.143402233514850098e+12 1.225999939809922390e+00
2.262116930469017090e+12 1.235604685644492218e+00
2.387406771860646973e+12 1.245325810435620406e+00
2.519635929317013672e+12 1.255165125330947262e+00
2.659188744512690918e+12 1.265124549829510503e+00
2.806470846309833008e+12 1.275206294707220689e+00
2.961910329772559570e+12 1.285412221492818086e+00
3.125959000482284180e+12 1.295743909039049457e+00
3.299093687770942383e+12 1.306203531063249379e+00
3.481817630688966309e+12 1.316792950824132724e+00
3.674661940736687988e+12 1.327514552398161296e+00
3.878187145610719727e+12 1.338370656558610206e+00
4.092984818452434082e+12 1.349362806519838420e+00
4.319679297334164551e+12 1.360493944777481534e+00
4.558929499981049805e+12 1.371765585434400414e+00
4.811430839003245117e+12 1.383180286743837861e+00
5.077917243205382812e+12 1.394740821744214321e+00
5.359163290848514648e+12 1.406449125192172245e+00
5.655986461065001953e+12 1.418307682447989881e+00
5.969249509970727539e+12 1.430318859875661541e+00
6.299862978380680664e+12 1.442485595624608319e+00
6.648787838417276367e+12 1.454810149369183181e+00
7.017038286703836914e+12 1.467295271403625145e+00
7.405684692262442383e+12 1.479943573156506487e+00
7.815856707684090820e+12 1.492757662202753410e+00
8.248746552614581055e+12 1.505740726335748514e+00
8.705612479099856445e+12 1.518895220735227980e+00
9.187782428863320312e+12 1.532224375409893868e+00
9.696657893145500000e+12 1.545730812319790148e+00
1.023371798632517188e+13 1.559417723360524421e+00
1.080052374516249609e+13 1.573288208858344639e+00
1.139872266616047852e+13 1.587345500083009675e+00
1.203005349423324219e+13 1.601592402568231988e+00
1.269635127659972852e+13 1.616032632187413443e+00
1.339955269659337109e+13 1.630669449017475792e+00
1.414170170289021094e+13 1.645506378191821328e+00
1.492495545051832227e+13 1.660546394893243960e+00
1.575159057091624414e+13 1.675793703573471571e+00
1.662400978926613477e+13 1.691251467168088052e+00
1.754474890833459570e+13 1.706923416778147296e+00
1.851648417912153906e+13 1.722813560001081878e+00
1.954204007974051562e+13 1.738925795717396028e+00
2.062439752514088281e+13 1.755263552652331471e+00
2.176670253153454688e+13 1.771831216416833943e+00
2.297227536071146484e+13 1.788633438611422655e+00
2.424462017082320703e+13 1.805673269920297086e+00
2.558743520168578516e+13 1.822955838439659138e+00
2.700462352420682031e+13 1.840485057584004380e+00
2.850030438518105078e+13 1.858265711282997223e+00
3.007882518043095703e+13 1.876302528077029574e+00
3.174477409109187109e+13 1.894599289414264920e+00
3.350299341977236719e+13 1.913161834418232177e+00
3.535859366535182812e+13 1.931994025006432247e+00
3.731696837732755469e+13 1.951102101657160803e+00
3.938380983288489062e+13 1.970489788961000022e+00
4.156512558225988281e+13 1.990162832719243990e+00
4.386725591048494531e+13 2.010126844643845168e+00
4.629689226627258594e+13 2.030386717990030565e+00
4.886109671160316406e+13 2.050948142168893984e+00
5.156732244854953125e+13 2.071816999467658515e+00
5.442343548300250000e+13 2.092998701778864490e+00
5.743773748826563281e+13 2.114499600958666736e+00
6.061898993497571875e+13 2.136325181475327906e+00
6.397643955748423438e+13 2.158482061660569773e+00
6.751984523072494531e+13 2.180976286167455758e+00
7.125950633568396875e+13 2.203814486148711893e+00
7.520629269592421875e+13 2.227003057122681984e+00
7.937167617217559375e+13 2.250548784272456526e+00
8.376776400682925000e+13 2.274458752936976857e+00
8.840733401525062500e+13 2.298739680538855357e+00
9.330387172620360938e+13 2.323398837777026937e+00
9.847160957933764062e+13 2.348443709917109157e+00
1.039255682936710938e+14 2.373882016012591301e+00
1.096816005273135781e+14 2.399721467525781637e+00
1.157564369553301094e+14 2.425969310301926640e+00
1.221677348996788125e+14 2.452633987839753171e+00
1.289341296525710469e+14 2.479723806254079399e+00
1.360752886424333125e+14 2.507247223336168673e+00
1.436119685999077188e+14 2.535212944518385303e+00
1.515660758900601250e+14 2.563629356432310491e+00
1.599607301861484688e+14 2.592506269742570701e+00
1.688203316700366250e+14 2.621851804452612456e+00
1.781706319545732500e+14 2.651676869286765825e+00
1.880388089340916562e+14 2.681989763842758556e+00
1.984535457805803125e+14 2.712800991964687380e+00
2.094451143151468750e+14 2.744120939107820067e+00
2.210454629971019375e+14 2.775959624785441004e+00
2.332883097864153438e+14 2.808327502656305263e+00
2.462092401494620625e+14 2.841236227469851716e+00
2.598458104929241875e+14 2.874696449040025303e+00
2.742376573264941250e+14 2.908719147624899914e+00
2.894266124716740000e+14 2.943316539420081757e+00
3.054568246515431875e+14 2.978500624342302228e+00
3.223748878149026875e+14 3.014283299810580186e+00
3.402299765678064375e+14 3.050677462742759971e+00
3.590739891061047500e+14 3.087695624217777546e+00
3.789616980644723750e+14 3.125350554379336732e+00
3.999509097203669375e+14 3.163656766634332485e+00
4.221026320156903125e+14 3.202627689674527822e+00
4.454812518844988750e+14 3.242277039264354066e+00
4.701547224022129375e+14 3.282619507125762670e+00
4.961947603002898125e+14 3.323670549274769570e+00
5.236770544204645000e+14 3.365443929961313696e+00
5.526814857144591875e+14 3.407956546320964897e+00
5.832923594286188750e+14 3.451223896468643915e+00
6.155986501483488750e+14 3.495261716204864921e+00
6.496942604146098750e+14 3.540088242728209877e+00
6.856782936641737500e+14 3.585719639209646203e+00
7.236553422869650000e+14 3.632173650290934752e+00
7.637357916378011250e+14 3.679468025841044376e+00
8.060361408861328750e+14 3.727622206234426194e+00
8.506793416364170000e+14 3.776653987722548678e+00
8.977951553033331250e+14 3.826583904121895419e+00
9.475205302806547500e+14 3.877431362583129815e+00
1.000000000000000000e+15 3.929216557456070014e+00
