1.000000000000000000e+08 1.088310070161371490e+00
1.055386103036523014e+08 1.088960255216641970e+00
1.113839826482618302e+08 1.089633561985223542e+00
1.175531073878367543e+08 1.090330860708902616e+00
1.240639159058834314e+08 1.091052733670604180e+00
1.309353327353612185e+08 1.091800637664191997e+00
1.381873305653633475e+08 1.092574772435837893e+00
1.458409882943986356e+08 1.093376448982219751e+00
1.539185522990205288e+08 1.094206505858866807e+00
1.624435010958865285e+08 1.095065936557112041e+00
1.714406135851968527e+08 1.095955662835585098e+00
1.809360410738712847e+08 1.096876709151846319e+00
1.909573832878100574e+08 1.097830224412104982e+00
2.015337685941735208e+08 1.098817245726858571e+00
2.126959386668691933e+08 1.099838851491140357e+00
2.244763378413223922e+08 1.100896267989970978e+00
2.369092074182631969e+08 1.101990801152155530e+00
2.500306851906321347e+08 1.103123394146397374e+00
2.638789104828929305e+08 1.104295370841167800e+00
2.784941350080649853e+08 1.105508101931020892e+00
2.939188398646890521e+08 1.106762924575601881e+00
3.101978590138099790e+08 1.108061181358438674e+00
3.273785095948576927e+08 1.109404453092667220e+00
3.455107294592218399e+08 1.110793641592348946e+00
3.646472223212745190e+08 1.112230630265853781e+00
3.848436109487425089e+08 1.113716994427108142e+00
4.061585988376971483e+08 1.115254144333874153e+00
4.286541408420934081e+08 1.116843582800047363e+00
4.523956232538058162e+08 1.118486988758675027e+00
4.774520538566131592e+08 1.120186045102857131e+00
5.038962625065150261e+08 1.121942444464359090e+00
5.318051128214197159e+08 1.123757814111049358e+00
5.612597255954965353e+08 1.125634009693590176e+00
5.923457145875793695e+08 1.127572803303603877e+00
6.251534353689699173e+08 1.129576167954195576e+00
6.597782479539546967e+08 1.131645881666148767e+00
6.963207939763890505e+08 1.133783466427888520e+00
7.348872892180387974e+08 1.135991274765190573e+00
7.755898323389002085e+08 1.138271097839701040e+00
8.185467307069020271e+08 1.140625056337502441e+00
8.638828442740435600e+08 1.143054802537390113e+00
9.117299484984903336e+08 1.145562620096512108e+00
9.622271173675154448e+08 1.148150433270660242e+00
1.015521127634569168e+09 1.150820356426412339e+00
1.071766885445503354e+09 1.153574375623518833e+00
1.131127876593921423e+09 1.156414410600200338e+00
1.193776641714435816e+09 1.159342642774085608e+00
1.259895277795025826e+09 1.162361085833413021e+00
1.329675967466209888e+09 1.165471830300968570e+00
1.403321537605481863e+09 1.168676611732849757e+00
1.481046048880676985e+09 1.171977838824080242e+00
1.563075417945817471e+09 1.175377080836117694e+00
1.649648074098020792e+09 1.178876426050460502e+00
1.741015652304015398e+09 1.182477665367971165e+00
1.837443724610724926e+09 1.186182640418221634e+00
1.939212572065826893e+09 1.189993124482718656e+00
2.046617999391993999e+09 1.193910701262070440e+00
2.159972194782721519e+09 1.197936974117486564e+00
2.279604637318982124e+09 1.202073440296368423e+00
2.405863054644066811e+09 1.206321506169471647e+00
2.539114433680346966e+09 1.210682160325407875e+00
2.679746087325689316e+09 1.215156890577543392e+00
2.828166780230029583e+09 1.219746564600082017e+00
2.984807916924321175e+09 1.224451664564419451e+00
3.150124795755321503e+09 1.229273528779262215e+00
3.324597932270945072e+09 1.234212162846404892e+00
3.508734455902714729e+09 1.239267815863647204e+00
3.703069584005141258e+09 1.244440766974106216e+00
3.908168177536263943e+09 1.249730870465529220e+00
4.124626382901348114e+09 1.255137706179661139e+00
4.353073364731883049e+09 1.260660891000683792e+00
4.594173134636466980e+09 1.266299522938975297e+00
4.848626481239088058e+09 1.272052544164294696e+00
5.117173007114609718e+09 1.277918624371074063e+00
5.400593278542373657e+09 1.283896364029498249e+00
5.699711094326075554e+09 1.289983858798672056e+00
6.015395880274832726e+09 1.296179287818559622e+00
6.348565216305210114e+09 1.302480533694645448e+00
6.700187503509576797e+09 1.308884970899017786e+00
7.071284778942981720e+09 1.315390022986519858e+00
7.462935686310145378e+09 1.321993034967361647e+00
7.876278611187063217e+09 1.328690914908077003e+00
8.312514989890631676e+09 1.335480701272858894e+00
8.772912801613355637e+09 1.342359054178820843e+00
9.258810253973945618e+09 1.349322882748149599e+00
9.771619672696161270e+09 1.356369040684009208e+00
1.031283160672186852e+10 1.363494356926464812e+00
1.088401916069007683e+10 1.370695491965177037e+00
1.148684256737554741e+10 1.377969572896267536e+00
1.212305401337652779e+10 1.385313768316115635e+00
1.279450273207873344e+10 1.392725459302606383e+00
1.350314037869872093e+10 1.400202384758122864e+00
1.425102670302996254e+10 1.407742164726198064e+00
1.504033553638022041e+10 1.415343507705097981e+00
1.587336111010205460e+10 1.423005072914645064e+00
1.675252472408210373e+10 1.430725785068118983e+00
1.768038178457208633e+10 1.438505504783358813e+00
1.865962923181745911e+10 1.446344167796465685e+00
1.969311337907421875e+10 1.454242084635168242e+00
2.078383818579755020e+10 1.462200467781033186e+00
2.193497398905055618e+10 1.470220925470932638e+00
2.314986671851165771e+10 1.478304752656146359e+00
2.443204762186491776e+10 1.486454594580220778e+00
2.578524352884276581e+10 1.494672789782619082e+00
2.721338768375308609e+10 1.502962308912285883e+00
2.872063117797828293e+10 1.511325838800836596e+00
3.031135501567576218e+10 1.519766377649073297e+00
3.199018284775060654e+10 1.528287146007194064e+00
3.376199441111333084e+10 1.536891331643583936e+00
3.563193971228576660e+10 1.545581222097427432e+00
3.760545399658160400e+10 1.554359638127880139e+00
3.968827354637165833e+10 1.563228701913532470e+00
4.188645235435270691e+10 1.572190627547189967e+00
4.420637972028530121e+10 1.581246435320938781e+00
4.665479882234468079e+10 1.590397252515143967e+00
4.923882631706731415e+10 1.599643988482183810e+00
5.196597302486207581e+10 1.608986796186926860e+00
5.484416576121026611e+10 1.618424962545908397e+00
5.788177037701280212e+10 1.627959045064678589e+00
6.108761607505039978e+10 1.637587782010843540e+00
6.447102107323869324e+10 1.647310780505407912e+00
6.804181968927093506e+10 1.657127441799217893e+00
7.181039092537341309e+10 1.667036815402501260e+00
7.578768863625914001e+10 1.677039462594562380e+00
7.998527336796691895e+10 1.687135111173483137e+00
8.441534596012959290e+10 1.697324681040559780e+00
8.909078300934143066e+10 1.707608862014971862e+00
9.402517429670132446e+10 1.717989509227063838e+00
9.923286228832545471e+10 1.728468482566700493e+00
1.047289838236357422e+11 1.739048219032997666e+00
1.105295141126019745e+11 1.749731325349484834e+00
1.166513131698198547e+11 1.760520696388296225e+00
1.231121748203892059e+11 1.771418827212203340e+00
1.299308784200417175e+11 1.782428508724051230e+00
1.371272434398400879e+11 1.793551895944776708e+00
1.447221870741134338e+11 1.804790976893621446e+00
1.527377850390712280e+11 1.816147159279898338e+00
1.611973357388155518e+11 1.827621763715323810e+00
1.701254279852585754e+11 1.839215173005300352e+00
1.795480124687826843e+11 1.850928104674106178e+00
1.894924771873815918e+11 1.862760553492269766e+00
1.999877270535286865e+11 1.874713247171003738e+00
2.110642679101554871e+11 1.886786805179507365e+00
2.227542951999556274e+11 1.898982089436946463e+00
2.350917875457284546e+11 1.911300918800174165e+00
2.481126055137765198e+11 1.923744821788388348e+00
2.618545958474237976e+11 1.936316595350486391e+00
2.763577014736163330e+11 1.949018742952520311e+00
2.916640776023706665e+11 1.961854265156022903e+00
3.078182142565079956e+11 1.974825809013417866e+00
3.248670655878374634e+11 1.987935821095035083e+00
3.428601863556583252e+11 2.001187062503198888e+00
3.618498759642742920e+11 2.014580265033395268e+00
3.818913304781846313e+11 2.028117436751252001e+00
4.030428030568041992e+11 2.041799426983581078e+00
4.253657732750374146e+11 2.055627132468061724e+00
4.489251258218607788e+11 2.069602220447876562e+00
4.737893390963143921e+11 2.083726089696233963e+00
5.000306842491090088e+11 2.098000775210385971e+00
5.277254352483532104e+11 2.112429428908858764e+00
5.569540905800124512e+11 2.127014846199082765e+00
5.878016072274924316e+11 2.141759732468381028e+00
6.203576476104281006e+11 2.156667464979069138e+00
6.547168402004742432e+11 2.171740712950194219e+00
6.909790545715645752e+11 2.186981336088778871e+00
7.292496916841444092e+11 2.202391005096099974e+00
7.696399902471151123e+11 2.217971273085924011e+00
8.122673500479703369e+11 2.233724138451061769e+00
8.572556731909306641e+11 2.249652257299874503e+00
9.047357242349274902e+11 2.265757529017570882e+00
9.548455102782264404e+11 2.282043752755730459e+00
1.007730682094457642e+12 2.298513882771342942e+00
1.063544957486011230e+12 2.315171599396829372e+00
1.122450568085305908e+12 2.332019705293572720e+00
1.184618730902682373e+12 2.349060374864277545e+00
1.250230145991453369e+12 2.366296425674494497e+00
1.319475521676708740e+12 2.383729498585959838e+00
1.392556128874464844e+12 2.401362532176257059e+00
1.469684386112447510e+12 2.419198435807724756e+00
1.551084476952840576e+12 2.437241637103962244e+00
1.636993001611701904e+12 2.455495124921744932e+00
1.727659664669034668e+12 2.473962715027159920e+00
1.823348000868438477e+12 2.492647156691570665e+00
1.924336141115976074e+12 2.511551578686624708e+00
2.030917620904730713e+12 2.530678379147468959e+00
2.143402233514850098e+12 2.550031061692021428e+00
2.262116930469017090e+12 2.569613469093921854e+00
2.387406771860646973e+12 2.589429569720883340e+00
2.519635929317013672e+12 2.609483555310140090e+00
2.659188744512690918e+12 2.629778600307858927e+00
2.806470846309833008e+12 2.650318378472437342e+00
2.961910329772559570e+12 2.671106213323230172e+00
3.125959000482284180e+12 2.692145778976818171e+00
3.299093687770942383e+12 2.713441547267328335e+00
3.481817630688966309e+12 2.734997944845667828e+00
3.674661940736687988e+12 2.756819285024926014e+00
3.878187145610719727e+12 2.778909598766316158e+00
4.092984818452434082e+12 2.801271672668929291e+00
4.319679297334164551e+12 2.823911361903984396e+00
4.558929499981049805e+12 2.846832302641456369e+00
4.811430839003245117e+12 2.870039994556489393e+00
5.077917243205382812e+12 2.893538768430512942e+00
5.359163290848514648e+12 2.917332776307062225e+00
5.655986461065001953e+12 2.941426930372065929e+00
5.969249509970727539e+12 2.965826109782574438e+00
6.299862978380680664e+12 2.990535562835934247e+00
6.648787838417276367e+12 3.015560266036659609e+00
7.017038286703836914e+12 3.040906223972060562e+00
7.405684692262442383e+12 3.066577317788822477e+00
7.815856707684090820e+12 3.092578414612855653e+00
8.248746552614581055e+12 3.118917265432192387e+00
8.705612479099856445e+12 3.145598303603439838e+00
9.187782428863320312e+12 3.172627086782326078e+00
9.696657893145500000e+12 3.200009450101956698e+00
1.023371798632517188e+13 3.227750886316298917e+00
1.080052374516249609e+13 3.255858862475091708e+00
1.139872266616047852e+13 3.284338280478758865e+00
1.203005349423324219e+13 3.313195890023343360e+00
1.269635127659972852e+13 3.342437711362264086e+00
1.339955269659337109e+13 3.372071258401348359e+00
1.414170170289021094e+13 3.402102339758873217e+00
1.492495545051832227e+13 3.432537831274642404e+00
1.575159057091624414e+13 3.463385437547820356e+00
1.662400978926613477e+13 3.494651285593407319e+00
1.754474890833459570e+13 3.526343138277348466e+00
1.851648417912153906e+13 3.558468824245879514e+00
1.954204007974051562e+13 3.591034761662534880e+00
2.062439752514088281e+13 3.624049801195710963e+00
2.176670253153454688e+13 3.657520888511059276e+00
2.297227536071146484e+13 3.691456691159528347e+00
2.424462017082320703e+13 3.725865136659174848e+00
2.558743520168578516e+13 3.760754621492057304e+00
2.700462352420682031e+13 3.796134136060953512e+00
2.850030438518105078e+13 3.832011459992662683e+00
3.007882518043095703e+13 3.868396730106117953e+00
3.174477409109187109e+13 3.905297399376125078e+00
3.350299341977236719e+13 3.942724220286694781e+00
3.535859366535182812e+13 3.980686244678012908e+00
3.731696837732755469e+13 4.019193052624098428e+00
3.938380983288489062e+13 4.058254827680854326e+00
4.156512558225988281e+13 4.097880983114530196e+00
4.386725591048494531e+13 4.138082421874692329e+00
4.629689226627258594e+13 4.178869447874239640e+00
4.886109671160316406e+13 4.220253037661116480e+00
5.156732244854953125e+13 4.262244517185329151e+00
5.442343548300250000e+13 4.304853767553154853e+00
5.743773748826563281e+13 4.348094097256275603e+00
6.061898993497571875e+13 4.391976295757634929e+00
6.397643955748423438e+13 4.436511807658409801e+00
6.751984523072494531e+13 4.481714991752853372e+00
7.125950633568396875e+13 4.527594982342860064e+00
7.520629269592421875e+13 4.574167619850013189e+00
7.937167617217559375e+13 4.621444607974425800e+00
8.376776400682925000e+13 4.669439956963336691e+00
8.840733401525062500e+13 4.718166237161990573e+00
9.330387172620360938e+13 4.767638980085610712e+00
9.847160957933764062e+13 4.817871011689272009e+00
1.039255682936710938e+14 4.868877518929809689e+00
1.096816005273135781e+14 4.920674748932277076e+00
1.157564369553301094e+14 4.973275628189274933e+00
1.221677348996788125e+14 5.026697529401798370e+00
1.289341296525710469e+14 5.080955658410356790e+00
1.360752886424333125e+14 5.136066791875420812e+00
1.436119685999077188e+14 5.192047196883627258e+00
1.515660758900601250e+14 5.248914729832607762e+00
1.599607301861484688e+14 5.306686103156759593e+00
1.688203316700366250e+14 5.365378604476898516e+00
1.781706319545732500e+14 5.425012696903738885e+00
1.880388089340916562e+14 5.485604478211684842e+00
1.984535457805803125e+14 5.547175894510727900e+00
2.094451143151468750e+14 5.609744940254590695e+00
2.210454629971019375e+14 5.673330570120462824e+00
2.332883097864153438e+14 5.737955776898758131e+00
2.462092401494620625e+14 5.803640567265475170e+00
2.598458104929241875e+14 5.870405551823274060e+00
2.742376573264941250e+14 5.938274489931647082e+00
2.894266124716740000e+14 6.007267674824952941e+00
3.054568246515431875e+14 6.077410451769485356e+00
3.223748878149026875e+14 6.148724251288640197e+00
3.402299765678064375e+14 6.221235975673585550e+00
3.590739891061047500e+14 6.294967433070326912e+00
3.789616980644723750e+14 6.369946067404335110e+00
3.999509097203669375e+14 6.446198807577281364e+00
4.221026320156903125e+14 6.523746856664375038e+00
4.454812518844988750e+14 6.602623497476739267e+00
4.701547224022129375e+14 6.682853320827419452e+00
4.961947603002898125e+14 6.764466199717884543e+00
5.236770544204645000e+14 6.847491973820416966e+00
5.526814857144591875e+14 6.931958526986892188e+00
5.832923594286188750e+14 7.017897654023402154e+00
6.155986501483488750e+14 7.105339999245900984e+00
6.496942604146098750e+14 7.194319994321238809e+00
6.856782936641737500e+14 7.284870390047208488e+00
7.236553422869650000e+14 7.377022103206079429e+00
7.637357916378011250e+14 7.470812392570140403e+00
8.060361408861328750e+14 7.566275900635465845e+00
8.506793416364170000e+14 7.663447571111822398e+00
8.977951553033331250e+14 7.762368708193300826e+00
9.475205302806547500e+14 7.863072742997418096e+00
1.000000000000000000e+15 7.965602228502646653e+00
