1.000000000000000000e+08 1.388151945841073154e+00
1.055386103036523014e+08 1.388973679801818850e+00
1.113839826482618302e+08 1.389824604333192326e+00
1.175531073878367543e+08 1.390705838619771040e+00
1.240639159058834314e+08 1.391618311695382415e+00
1.309353327353612185e+08 1.392563322919218471e+00
1.381873305653633475e+08 1.393541882931987663e+00
1.458409882943986356e+08 1.394555092106116945e+00
1.539185522990205288e+08 1.395604231689705266e+00
1.624435010958865285e+08 1.396690520303718097e+00
1.714406135851968527e+08 1.397815043335955520e+00
1.809360410738712847e+08 1.398979145186127759e+00
1.909573832878100574e+08 1.400184613599699812e+00
2.015337685941735208e+08 1.401432092888214020e+00
2.126959386668691933e+08 1.402723460781880593e+00
2.244763378413223922e+08 1.404060114469769527e+00
2.369092074182631969e+08 1.405443480170710968e+00
2.500306851906321347e+08 1.406875318598185487e+00
2.638789104828929305e+08 1.408356778138228682e+00
2.784941350080649853e+08 1.409889933803488482e+00
2.939188398646890521e+08 1.411476242633337597e+00
3.101978590138099790e+08 1.413117439445953583e+00
3.273785095948576927e+08 1.414815381797854821e+00
3.455107294592218399e+08 1.416571919133348345e+00
3.646472223212745190e+08 1.418388696330131760e+00
3.848436109487425089e+08 1.420267887459381040e+00
4.061585988376971483e+08 1.422211205323044014e+00
4.286541408420934081e+08 1.424220842467050385e+00
4.523956232538058162e+08 1.426298850911710936e+00
4.774520538566131592e+08 1.428447085597652988e+00
5.038962625065150261e+08 1.430668015226970402e+00
5.318051128214197159e+08 1.432963530955361664e+00
5.612597255954965353e+08 1.435336259926943914e+00
5.923457145875793695e+08 1.437788099688908305e+00
6.251534353689699173e+08 1.440321607704517781e+00
6.597782479539546967e+08 1.442938829614848206e+00
6.963207939763890505e+08 1.445642525180730997e+00
7.348872892180387974e+08 1.448434954450808609e+00
7.755898323389002085e+08 1.451318703950014832e+00
8.185467307069020271e+08 1.454296101719726231e+00
8.638828442740435600e+08 1.457369699658187523e+00
9.117299484984903336e+08 1.460542095563608145e+00
9.622271173675154448e+08 1.463815918675517302e+00
1.015521127634569168e+09 1.467193591745424186e+00
1.071766885445503354e+09 1.470678121905554248e+00
1.131127876593921423e+09 1.474271491932505285e+00
1.193776641714435816e+09 1.477976903877231685e+00
1.259895277795025826e+09 1.481796545392511932e+00
1.329675967466209888e+09 1.485733367604021415e+00
1.403321537605481863e+09 1.489789321157784840e+00
1.481046048880676985e+09 1.493967789148961112e+00
1.563075417945817471e+09 1.498270577446799479e+00
1.649648074098020792e+09 1.502700377553102262e+00
1.741015652304015398e+09 1.507259598684874025e+00
1.837443724610724926e+09 1.511950579164788699e+00
1.939212572065826893e+09 1.516775364080704902e+00
2.046617999391993999e+09 1.521736259917934486e+00
2.159972194782721519e+09 1.526835592419526932e+00
2.279604637318982124e+09 1.532074790391867447e+00
2.405863054644066811e+09 1.537455754326202406e+00
2.539114433680346966e+09 1.542980337538655489e+00
2.679746087325689316e+09 1.548649910139278552e+00
2.828166780230029583e+09 1.554465629466531995e+00
2.984807916924321175e+09 1.560428667309074147e+00
3.150124795755321503e+09 1.566539986013546049e+00
3.324597932270945072e+09 1.572800429056444793e+00
3.508734455902714729e+09 1.579210100971072839e+00
3.703069584005141258e+09 1.585769352140420141e+00
3.908168177536263943e+09 1.592478246355934379e+00
4.124626382901348114e+09 1.599336107800525264e+00
4.353073364731883049e+09 1.606342572205529118e+00
4.594173134636466980e+09 1.613496551355338315e+00
4.848626481239088058e+09 1.620796859141759416e+00
5.117173007114609718e+09 1.628241809863830492e+00
5.400593278542373657e+09 1.635829941925868836e+00
5.699711094326075554e+09 1.643558777112036795e+00
6.015395880274832726e+09 1.651425794668783587e+00
6.348565216305210114e+09 1.659428718041068729e+00
6.700187503509576797e+09 1.667563928748815316e+00
7.071284778942981720e+09 1.675828650992150060e+00
7.462935686310145378e+09 1.684219101578770639e+00
7.876278611187063217e+09 1.692731657532927203e+00
8.312514989890631676e+09 1.701362428544675787e+00
8.772912801613355637e+09 1.710107512173055566e+00
9.258810253973945618e+09 1.718962682231238936e+00
9.771619672696161270e+09 1.727924133998092193e+00
1.031283160672186852e+10 1.736987180462227665e+00
1.088401916069007683e+10 1.746148284294790187e+00
1.148684256737554741e+10 1.755403592885041553e+00
1.212305401337652779e+10 1.764749131185928244e+00
1.279450273207873344e+10 1.774181609766507739e+00
1.350314037869872093e+10 1.783697923695754639e+00
1.425102670302996254e+10 1.793295396453145063e+00
1.504033553638022041e+10 1.802971738901594900e+00
1.587336111010205460e+10 1.812725579250689112e+00
1.675252472408210373e+10 1.822554545341322330e+00
1.768038178457208633e+10 1.832459183232679978e+00
1.865962923181745911e+10 1.842438810371917590e+00
1.969311337907421875e+10 1.852494148840197141e+00
2.078383818579755020e+10 1.862625840722150761e+00
2.193497398905055618e+10 1.872836138345317147e+00
2.314986671851165771e+10 1.883126892606629355e+00
2.443204762186491776e+10 1.893501002745736406e+00
2.578524352884276581e+10 1.903961631926618381e+00
2.721338768375308609e+10 1.914512058881309153e+00
2.872063117797828293e+10 1.925155683272735008e+00
3.031135501567576218e+10 1.935896908436929076e+00
3.199018284775060654e+10 1.946739387779443442e+00
3.376199441111333084e+10 1.957686969867869609e+00
3.563193971228576660e+10 1.968743104864671523e+00
3.760545399658160400e+10 1.979911423965092121e+00
3.968827354637165833e+10 1.991194845599759677e+00
4.188645235435270691e+10 2.002595523876127270e+00
4.420637972028530121e+10 2.014116301446316371e+00
4.665479882234468079e+10 2.025757487374424848e+00
4.923882631706731415e+10 2.037521140711062273e+00
5.196597302486207581e+10 2.049406918860689153e+00
5.484416576121026611e+10 2.061415021421706406e+00
5.788177037701280212e+10 2.073545221983460696e+00
6.108761607505039978e+10 2.085796392998530813e+00
6.447102107323869324e+10 2.098168059418103581e+00
6.804181968927093506e+10 2.110659048750549438e+00
7.181039092537341309e+10 2.123269214453172182e+00
7.578768863625914001e+10 2.135997983987870885e+00
7.998527336796691895e+10 2.148845468971119388e+00
8.441534596012959290e+10 2.161812052936769035e+00
8.909078300934143066e+10 2.174899193234375083e+00
9.402517429670132446e+10 2.188109099016504189e+00
9.923286228832545471e+10 2.201443219505646365e+00
1.047289838236357422e+11 2.214905447010035999e+00
1.105295141126019745e+11 2.228498421692420628e+00
1.166513131698198547e+11 2.242225787236639345e+00
1.231121748203892059e+11 2.256091316905981081e+00
1.299308784200417175e+11 2.270098584185460400e+00
1.371272434398400879e+11 2.284249672771200501e+00
1.447221870741134338e+11 2.298547517381760219e+00
1.527377850390712280e+11 2.312995052874391444e+00
1.611973357388155518e+11 2.327592877548622319e+00
1.701254279852585754e+11 2.342342084805898672e+00
1.795480124687826843e+11 2.357243624404015137e+00
1.894924771873815918e+11 2.372297591128720295e+00
1.999877270535286865e+11 2.387504767141996442e+00
2.110642679101554871e+11 2.402865842088135473e+00
2.227542951999556274e+11 2.418382157959307222e+00
2.350917875457284546e+11 2.434054696114265948e+00
2.481126055137765198e+11 2.449886645117639095e+00
2.618545958474237976e+11 2.465880767287145670e+00
2.763577014736163330e+11 2.482040170188211547e+00
2.916640776023706665e+11 2.498368660307297429e+00
3.078182142565079956e+11 2.514870087764091267e+00
3.248670655878374634e+11 2.531547382941608415e+00
3.428601863556583252e+11 2.548403657287683366e+00
3.618498759642742920e+11 2.565441098954399646e+00
3.818913304781846313e+11 2.582661764557913742e+00
4.030428030568041992e+11 2.600066538909005853e+00
4.253657732750374146e+11 2.617657037405566989e+00
4.489251258218607788e+11 2.635434541012444676e+00
4.737893390963143921e+11 2.653401464180189961e+00
5.000306842491090088e+11 2.671560286173685572e+00
5.277254352483532104e+11 2.689914076285073730e+00
5.569540905800124512e+11 2.708466869288292944e+00
5.878016072274924316e+11 2.727222856408282770e+00
6.203576476104281006e+11 2.746185233877699972e+00
6.547168402004742432e+11 2.765357416310290972e+00
6.909790545715645752e+11 2.784742669398381221e+00
7.292496916841444092e+11 2.804342679860183818e+00
7.696399902471151123e+11 2.824160417762734188e+00
8.122673500479703369e+11 2.844197869380672206e+00
8.572556731909306641e+11 2.864457143826874663e+00
9.047357242349274902e+11 2.884942276413643203e+00
9.548455102782264404e+11 2.905656747623308167e+00
1.007730682094457642e+12 2.926604712220735927e+00
1.063544957486011230e+12 2.947791025537839893e+00
1.122450568085305908e+12 2.969219324029855667e+00
1.184618730902682373e+12 2.990892278580765673e+00
1.250230145991453369e+12 3.012813314731078052e+00
1.319475521676708740e+12 3.034985425594737496e+00
1.392556128874464844e+12 3.057412291200280130e+00
1.469684386112447510e+12 3.080095905083332752e+00
1.551084476952840576e+12 3.103043233268515166e+00
1.636993001611701904e+12 3.126257157084695759e+00
1.727659664669034668e+12 3.149742699794408907e+00
1.823348000868438477e+12 3.173504609395551679e+00
1.924336141115976074e+12 3.197545598902133079e+00
2.030917620904730713e+12 3.221870292767133659e+00
2.143402233514850098e+12 3.246481140095142770e+00
2.262116930469017090e+12 3.271384274726751862e+00
2.387406771860646973e+12 3.296583200909015687e+00
2.519635929317013672e+12 3.322084815378684830e+00
2.659188744512690918e+12 3.347892971504304427e+00
2.806470846309833008e+12 3.374012043226322533e+00
2.961910329772559570e+12 3.400446524814500826e+00
3.125959000482284180e+12 3.427200488162316816e+00
3.299093687770942383e+12 3.454279681482232967e+00
3.481817630688966309e+12 3.481689950410465251e+00
3.674661940736687988e+12 3.509437408055971375e+00
3.878187145610719727e+12 3.537525301408251277e+00
4.092984818452434082e+12 3.565960006912432867e+00
4.319679297334164551e+12 3.594746617515550469e+00
4.558929499981049805e+12 3.623891083812510683e+00
4.811430839003245117e+12 3.653398591577348586e+00
5.077917243205382812e+12 3.683276247533497916e+00
5.359163290848514648e+12 3.713529703859506537e+00
5.655986461065001953e+12 3.744163890535945338e+00
5.969249509970727539e+12 3.775185520125896588e+00
6.299862978380680664e+12 3.806601063844085697e+00
6.648787838417276367e+12 3.838418369372059935e+00
7.017038286703836914e+12 3.870642111843280109e+00
7.405684692262442383e+12 3.903278838193603661e+00
7.815856707684090820e+12 3.936336430995881486e+00
8.248746552614581055e+12 3.969821645602109150e+00
8.705612479099856445e+12 4.003741377124838685e+00
9.187782428863320312e+12 4.038103216438722498e+00
9.696657893145500000e+12 4.072913712684097298e+00
1.023371798632517188e+13 4.108180873997088867e+00
1.080052374516249609e+13 4.143913050180469959e+00
1.139872266616047852e+13 4.180116660831013853e+00
1.203005349423324219e+13 4.216801153737238295e+00
1.269635127659972852e+13 4.253973828958176995e+00
1.339955269659337109e+13 4.291643107754518738e+00
1.414170170289021094e+13 4.329818138511757120e+00
1.492495545051832227e+13 4.368506003735701526e+00
1.575159057091624414e+13 4.407717358545250264e+00
1.662400978926613477e+13 4.447460013188167416e+00
1.754474890833459570e+13 4.487744121406031184e+00
1.851648417912153906e+13 4.528578519417991721e+00
1.954204007974051562e+13 4.569972208022671900e+00
2.062439752514088281e+13 4.611935753445616903e+00
2.176670253153454688e+13 4.654479171525180092e+00
2.297227536071146484e+13 4.697611474847770197e+00
2.424462017082320703e+13 4.741345373850398559e+00
2.558743520168578516e+13 4.785689329370172551e+00
2.700462352420682031e+13 4.830654850937699862e+00
2.850030438518105078e+13 4.876252959390487085e+00
3.007882518043095703e+13 4.922496985761139143e+00
3.174477409109187109e+13 4.969395117322267019e+00
3.350299341977236719e+13 5.016961394628642879e+00
3.535859366535182812e+13 5.065206545678397454e+00
3.731696837732755469e+13 5.114142506478868810e+00
3.938380983288489062e+13 5.163782618829876547e+00
4.156512558225988281e+13 5.214139247452432180e+00
4.386725591048494531e+13 5.265229003379866768e+00
4.629689226627258594e+13 5.317059928317650730e+00
4.886109671160316406e+13 5.369649687356328194e+00
5.156732244854953125e+13 5.423010655881336461e+00
5.442343548300250000e+13 5.477155472722529339e+00
5.743773748826563281e+13 5.532101437984604964e+00
6.061898993497571875e+13 5.587862614885225732e+00
6.397643955748423438e+13 5.644453486258317554e+00
6.751984523072494531e+13 5.701889166143656595e+00
7.125950633568396875e+13 5.760187979620670973e+00
7.520629269592421875e+13 5.819363019275141546e+00
7.937167617217559375e+13 5.879432633151681742e+00
8.376776400682925000e+13 5.940414708483086059e+00
8.840733401525062500e+13 6.002325028993007905e+00
9.330387172620360938e+13 6.065182701556746991e+00
9.847160957933764062e+13 6.129003482331656372e+00
1.039255682936710938e+14 6.193806802791831601e+00
1.096816005273135781e+14 6.259614002490488716e+00
1.157564369553301094e+14 6.326442884625502749e+00
1.221677348996788125e+14 6.394310590892112955e+00
1.289341296525710469e+14 6.463241859808436907e+00
1.360752886424333125e+14 6.533254660401318858e+00
1.436119685999077188e+14 6.604372491556809166e+00
1.515660758900601250e+14 6.676613674712339908e+00
1.599607301861484688e+14 6.750005276251856756e+00
1.688203316700366250e+14 6.824561378973013070e+00
1.781706319545732500e+14 6.900313814403500778e+00
1.880388089340916562e+14 6.977283900504716030e+00
1.984535457805803125e+14 7.055493559958756933e+00
2.094451143151468750e+14 7.134970813868905637e+00
2.210454629971019375e+14 7.215739227815003431e+00
2.332883097864153438e+14 7.297824938022395180e+00
2.462092401494620625e+14 7.381255899723442759e+00
2.598458104929241875e+14 7.466058608485413473e+00
2.742376573264941250e+14 7.552256965098510300e+00
2.894266124716740000e+14 7.639887638852252749e+00
3.054568246515431875e+14 7.728977012186852846e+00
3.223748878149026875e+14 7.819549746234092602e+00
3.402299765678064375e+14 7.911641162615707046e+00
3.590739891061047500e+14 8.005285783066922178e+00
3.789616980644723750e+14 8.100508752418512870e+00
3.999509097203669375e+14 8.197344460865283011e+00
4.221026320156903125e+14 8.295831190887881235e+00
4.454812518844988750e+14 8.395999082197452168e+00
4.701547224022129375e+14 8.497886938967026182e+00
4.961947603002898125e+14 8.601523428041105035e+00
5.236770544204645000e+14 8.706955706096701775e+00
5.526814857144591875e+14 8.814218396819725854e+00
5.832923594286188750e+14 8.923346140710782137e+00
6.155986501483488750e+14 9.034379785677190355e+00
6.496942604146098750e+14 9.147368832921431547e+00
6.856782936641737500e+14 9.262343314385345749e+00
7.236553422869650000e+14 9.379351068676816894e+00
7.637357916378011250e+14 9.498438234937777835e+00
8.060361408861328750e+14 9.619646388474764720e+00
8.506793416364170000e+14 9.743026616563868814e+00
8.977951553033331250e+14 9.868624851300973333e+00
9.475205302806547500e+14 9.996473959284088551e+00
1.000000000000000000e+15 1.012664507445558115e+01
