1.000000000000000000e+08 1.488383069100080114e+00
1.055386103036523014e+08 1.489262586444663361e+00
1.113839826482618302e+08 1.490173475625691024e+00
1.175531073878367543e+08 1.491116724674035332e+00
1.240639159058834314e+08 1.492093796432955255e+00
1.309353327353612185e+08 1.493105235093232341e+00
1.381873305653633475e+08 1.494152847021415598e+00
1.458409882943986356e+08 1.495237569106901754e+00
1.539185522990205288e+08 1.496360546773242151e+00
1.624435010958865285e+08 1.497523337639017571e+00
1.714406135851968527e+08 1.498727119882992120e+00
1.809360410738712847e+08 1.499973555244425327e+00
1.909573832878100574e+08 1.501263693098640717e+00
2.015337685941735208e+08 1.502599187910766076e+00
2.126959386668691933e+08 1.503981804690983193e+00
2.244763378413223922e+08 1.505412536815586622e+00
2.369092074182631969e+08 1.506893539936912108e+00
2.500306851906321347e+08 1.508426331752303451e+00
2.638789104828929305e+08 1.510012229429437358e+00
2.784941350080649853e+08 1.511653587702655122e+00
2.939188398646890521e+08 1.513351617577644248e+00
3.101978590138099790e+08 1.515108689771807127e+00
3.273785095948576927e+08 1.516926435296077402e+00
3.455107294592218399e+08 1.518806690611767207e+00
3.646472223212745190e+08 1.520751679921985566e+00
3.848436109487425089e+08 1.522763425093855538e+00
4.061585988376971483e+08 1.524843901024652615e+00
4.286541408420934081e+08 1.526995476649565475e+00
4.523956232538058162e+08 1.529219972194082677e+00
4.774520538566131592e+08 1.531519843686784288e+00
5.038962625065150261e+08 1.533897295583881437e+00
5.318051128214197159e+08 1.536355089956706221e+00
5.612597255954965353e+08 1.538895169334183244e+00
5.923457145875793695e+08 1.541520013138962142e+00
6.251534353689699173e+08 1.544232463090048579e+00
6.597782479539546967e+08 1.547034524466484262e+00
6.963207939763890505e+08 1.549929019376295791e+00
7.348872892180387974e+08 1.552918656729887603e+00
7.755898323389002085e+08 1.556006021456607158e+00
8.185467307069020271e+08 1.559193678594958277e+00
8.638828442740435600e+08 1.562484390966830894e+00
9.117299484984903336e+08 1.565880997045363543e+00
9.622271173675154448e+08 1.569386196648915099e+00
1.015521127634569168e+09 1.573002715840611243e+00
1.071766885445503354e+09 1.576733150192936028e+00
1.131127876593921423e+09 1.580580752147321855e+00
1.193776641714435816e+09 1.584548153484071742e+00
1.259895277795025826e+09 1.588637871653070688e+00
1.329675967466209888e+09 1.592853026590526300e+00
1.403321537605481863e+09 1.597196141370881062e+00
1.481046048880676985e+09 1.601670094489653584e+00
1.563075417945817471e+09 1.606277349477792882e+00
1.649648074098020792e+09 1.611020831563403366e+00
1.741015652304015398e+09 1.615902698761870093e+00
1.837443724610724926e+09 1.620925886387201809e+00
1.939212572065826893e+09 1.626092541372864186e+00
2.046617999391993999e+09 1.631405056968884271e+00
2.159972194782721519e+09 1.636865407282827922e+00
2.279604637318982124e+09 1.642476115500160372e+00
2.405863054644066811e+09 1.648238743663582362e+00
2.539114433680346966e+09 1.654155011546504017e+00
2.679746087325689316e+09 1.660226662520614571e+00
2.828166780230029583e+09 1.666455174028696584e+00
2.984807916924321175e+09 1.672841642804596241e+00
3.150124795755321503e+09 1.679387002583824229e+00
3.324597932270945072e+09 1.686091913505187723e+00
3.508734455902714729e+09 1.692957327456062977e+00
3.703069584005141258e+09 1.699982808847951610e+00
3.908168177536263943e+09 1.707168838668881694e+00
4.124626382901348114e+09 1.714514486914543889e+00
4.353073364731883049e+09 1.722019573549355753e+00
4.594173134636466980e+09 1.729683096822147936e+00
4.848626481239088058e+09 1.737503088060009526e+00
5.117173007114609718e+09 1.745478857697678299e+00
5.400593278542373657e+09 1.753607972838409079e+00
5.699711094326075554e+09 1.761888064342902016e+00
6.015395880274832726e+09 1.770316581936278277e+00
6.348565216305210114e+09 1.778890607131361268e+00
6.700187503509576797e+09 1.787607191866562140e+00
7.071284778942981720e+09 1.796462311311700644e+00
7.462935686310145378e+09 1.805452774154131079e+00
7.876278611187063217e+09 1.814574081302938735e+00
8.312514989890631676e+09 1.823822636166101629e+00
8.772912801613355637e+09 1.833193666147305834e+00
9.258810253973945618e+09 1.842683045041005885e+00
9.771619672696161270e+09 1.852286393644585694e+00
1.031283160672186852e+10 1.861999184091882364e+00
1.088401916069007683e+10 1.871817270454242177e+00
1.148684256737554741e+10 1.881736261953638634e+00
1.212305401337652779e+10 1.891752459929928021e+00
1.279450273207873344e+10 1.901861913042464769e+00
1.350314037869872093e+10 1.912061652185560678e+00
1.425102670302996254e+10 1.922348489029331420e+00
1.504033553638022041e+10 1.932719840012100176e+00
1.587336111010205460e+10 1.943174003838838537e+00
1.675252472408210373e+10 1.953709622126388101e+00
1.768038178457208633e+10 1.964325915036752024e+00
1.865962923181745911e+10 1.975022570178783132e+00
1.969311337907421875e+10 1.985800331966960819e+00
2.078383818579755020e+10 1.996660001576306076e+00
2.193497398905055618e+10 2.007604280586760215e+00
2.314986671851165771e+10 2.018634118601647653e+00
2.443204762186491776e+10 2.029753490858960063e+00
2.578524352884276581e+10 2.040965037528471360e+00
2.721338768375308609e+10 2.052272703263887887e+00
2.872063117797828293e+10 2.063680712093925784e+00
3.031135501567576218e+10 2.075192637403553420e+00
3.199018284775060654e+10 2.086813135268809738e+00
3.376199441111333084e+10 2.098546117246963494e+00
3.563193971228576660e+10 2.110395255821352567e+00
3.760545399658160400e+10 2.122364691249591040e+00
3.968827354637165833e+10 2.134457346609528461e+00
4.188645235435270691e+10 2.146675713996655688e+00
4.420637972028530121e+10 2.159022516844422590e+00
4.665479882234468079e+10 2.171498789989455780e+00
4.923882631706731415e+10 2.184105605082553581e+00
5.196597302486207581e+10 2.196843773104118380e+00
5.484416576121026611e+10 2.209713387786153671e+00
5.788177037701280212e+10 2.222713385007082376e+00
6.108761607505039978e+10 2.235843831803123294e+00
6.447102107323869324e+10 2.249102612821034075e+00
6.804181968927093506e+10 2.262490544301685169e+00
7.181039092537341309e+10 2.276005309022414824e+00
7.578768863625914001e+10 2.289647618385989070e+00
7.998527336796691895e+10 2.303417068380953836e+00
8.441534596012959290e+10 2.317314345694680533e+00
8.909078300934143066e+10 2.331340704354742499e+00
9.402517429670132446e+10 2.345498412150618606e+00
9.923286228832545471e+10 2.359789627529979228e+00
1.047289838236357422e+11 2.374217549997709842e+00
1.105295141126019745e+11 2.388785745485999978e+00
1.166513131698198547e+11 2.403498583436583402e+00
1.231121748203892059e+11 2.418358307968054177e+00
1.299308784200417175e+11 2.433369734626496861e+00
1.371272434398400879e+11 2.448535897819883456e+00
1.447221870741134338e+11 2.463859431114689968e+00
1.527377850390712280e+11 2.479342963164115510e+00
1.611973357388155518e+11 2.494987531410769233e+00
1.701254279852585754e+11 2.510794631127414522e+00
1.795480124687826843e+11 2.526764840548265223e+00
1.894924771873815918e+11 2.542898762587654016e+00
1.999877270535286865e+11 2.559196530876421960e+00
2.110642679101554871e+11 2.575659772732934005e+00
2.227542951999556274e+11 2.592288459971634484e+00
2.350917875457284546e+11 2.609085776465341233e+00
2.481126055137765198e+11 2.626053175335713696e+00
2.618545958474237976e+11 2.643194313971204412e+00
2.763577014736163330e+11 2.660512446851047486e+00
2.916640776023706665e+11 2.678011767331724080e+00
3.078182142565079956e+11 2.695696516083592620e+00
3.248670655878374634e+11 2.713569809774602160e+00
3.428601863556583252e+11 2.731634415184684084e+00
3.618498759642742920e+11 2.749893366259559269e+00
3.818913304781846313e+11 2.768348306677380855e+00
4.030428030568041992e+11 2.787001332871265280e+00
4.253657732750374146e+11 2.805852911244283820e+00
4.489251258218607788e+11 2.824905345375671395e+00
4.737893390963143921e+11 2.844160239643340748e+00
5.000306842491090088e+11 2.863621449929234508e+00
5.277254352483532104e+11 2.883291036629455295e+00
5.569540905800124512e+11 2.903174102321882444e+00
5.878016072274924316e+11 2.923274003054249448e+00
6.203576476104281006e+11 2.943595725465898205e+00
6.547168402004742432e+11 2.964142586546659075e+00
6.909790545715645752e+11 2.984917390881506982e+00
7.292496916841444092e+11 3.005922780823677698e+00
7.696399902471151123e+11 3.027161187262684905e+00
8.122673500479703369e+11 3.048634144308648874e+00
8.572556731909306641e+11 3.070346092099440316e+00
9.047357242349274902e+11 3.092299531460029893e+00
9.548455102782264404e+11 3.114498467655984815e+00
1.007730682094457642e+12 3.136947888810002638e+00
1.063544957486011230e+12 3.159652206455345169e+00
1.122450568085305908e+12 3.182615997672085140e+00
1.184618730902682373e+12 3.205842181813510550e+00
1.250230145991453369e+12 3.229334324895813069e+00
1.319475521676708740e+12 3.253095528298558747e+00
1.392556128874464844e+12 3.277128772343992580e+00
1.469684386112447510e+12 3.301438704088585752e+00
1.551084476952840576e+12 3.326029535038796059e+00
1.636993001611701904e+12 3.350907003500030346e+00
1.727659664669034668e+12 3.376075224707197897e+00
1.823348000868438477e+12 3.401539432469492752e+00
1.924336141115976074e+12 3.427303475434442692e+00
2.030917620904730713e+12 3.453370433429559849e+00
2.143402233514850098e+12 3.479744648836055276e+00
2.262116930469017090e+12 3.506431603822890875e+00
2.387406771860646973e+12 3.533436211419131112e+00
2.519635929317013672e+12 3.560764353180069897e+00
2.659188744512690918e+12 3.588421156795943201e+00
2.806470846309833008e+12 3.616411547482752731e+00
2.961910329772559570e+12 3.644739558221578246e+00
3.125959000482284180e+12 3.673409943719410986e+00
3.299093687770942383e+12 3.702429126951428007e+00
3.481817630688966309e+12 3.731802470070200162e+00
3.674661940736687988e+12 3.761536822905839017e+00
3.878187145610719727e+12 3.791636505571776894e+00
4.092984818452434082e+12 3.822107844386014364e+00
4.319679297334164551e+12 3.852955841054952479e+00
4.558929499981049805e+12 3.884186689678159166e+00
4.811430839003245117e+12 3.915808339347876199e+00
5.077917243205382812e+12 3.947825690596609594e+00
5.359163290848514648e+12 3.980245194876072645e+00
5.655986461065001953e+12 4.013073331312254410e+00
5.969249509970727539e+12 4.046315707902500947e+00
6.299862978380680664e+12 4.079981112870298077e+00
6.648787838417276367e+12 4.114075869003396058e+00
7.017038286703836914e+12 4.148606394082870352e+00
7.405684692262442383e+12 4.183580110418931852e+00
7.815856707684090820e+12 4.219003791092810651e+00
8.248746552614581055e+12 4.254886133706494711e+00
8.705612479099856445e+12 4.291234250747893775e+00
9.187782428863320312e+12 4.328055245924345762e+00
9.696657893145500000e+12 4.365357759658046177e+00
1.023371798632517188e+13 4.403149208645071866e+00
1.080052374516249609e+13 4.441438386671485716e+00
1.139872266616047852e+13 4.480234259817512665e+00
1.203005349423324219e+13 4.519544337157552327e+00
1.269635127659972852e+13 4.559376618801327830e+00
1.339955269659337109e+13 4.599742562346191832e+00
1.414170170289021094e+13 4.640648933319010183e+00
1.492495545051832227e+13 4.682105908130057337e+00
1.575159057091624414e+13 4.724121803050270962e+00
1.662400978926613477e+13 4.766709299254037191e+00
1.754474890833459570e+13 4.809876714401269737e+00
1.851648417912153906e+13 4.853631621476530711e+00
1.954204007974051562e+13 4.897987178682496889e+00
2.062439752514088281e+13 4.942953208938243748e+00
2.176670253153454688e+13 4.988540615221669583e+00
2.297227536071146484e+13 5.034758948343978524e+00
2.424462017082320703e+13 5.081620642059506032e+00
2.558743520168578516e+13 5.129137521954063139e+00
2.700462352420682031e+13 5.177318799701760454e+00
2.850030438518105078e+13 5.226179456865021500e+00
3.007882518043095703e+13 5.275731256009957626e+00
3.174477409109187109e+13 5.325983053322590699e+00
3.350299341977236719e+13 5.376950543162412721e+00
3.535859366535182812e+13 5.428646041633454544e+00
3.731696837732755469e+13 5.481083795959166061e+00
3.938380983288489062e+13 5.534273459027979847e+00
4.156512558225988281e+13 5.588233130329051335e+00
4.386725591048494531e+13 5.642974095203166840e+00
4.629689226627258594e+13 5.698512807535357716e+00
4.886109671160316406e+13 5.754861295428804091e+00
5.156732244854953125e+13 5.812037053241216888e+00
5.442343548300250000e+13 5.870053970441714952e+00
5.743773748826563281e+13 5.928928077754593851e+00
6.061898993497571875e+13 5.988675135751549305e+00
6.397643955748423438e+13 6.049311499900437816e+00
6.751984523072494531e+13 6.110854852038098528e+00
7.125950633568396875e+13 6.173318773594234088e+00
7.520629269592421875e+13 6.236726247121806566e+00
7.937167617217559375e+13 6.301089717094579434e+00
8.376776400682925000e+13 6.366429961594413101e+00
8.840733401525062500e+13 6.432762779882398085e+00
9.330387172620360938e+13 6.500113951556702574e+00
9.847160957933764062e+13 6.568495501893466759e+00
1.039255682936710938e+14 6.637932088977005485e+00
1.096816005273135781e+14 6.708440367337005661e+00
1.157564369553301094e+14 6.780042221299324545e+00
1.221677348996788125e+14 6.852761326762204952e+00
1.289341296525710469e+14 6.926618433463203495e+00
1.360752886424333125e+14 7.001633881170683082e+00
1.436119685999077188e+14 7.077831185501751499e+00
1.515660758900601250e+14 7.155234937299177034e+00
1.599607301861484688e+14 7.233867701839775677e+00
1.688203316700366250e+14 7.313753864398576887e+00
1.781706319545732500e+14 7.394917091613073978e+00
1.880388089340916562e+14 7.477385048505680309e+00
1.984535457805803125e+14 7.561181295289900461e+00
2.094451143151468750e+14 7.646336161412769172e+00
2.210454629971019375e+14 7.732873908522124751e+00
2.332883097864153438e+14 7.820820683084859226e+00
2.462092401494620625e+14 7.910211908514588330e+00
2.598458104929241875e+14 8.001069952786350470e+00
2.742376573264941250e+14 8.093428886732688454e+00
2.894266124716740000e+14 8.187313309705196218e+00
3.054568246515431875e+14 8.282760996754324978e+00
3.223748878149026875e+14 8.379805797688675284e+00
3.402299765678064375e+14 8.478471268904634428e+00
3.590739891061047500e+14 8.578799849622530616e+00
3.789616980644723750e+14 8.680820152512787047e+00
3.999509097203669375e+14 8.784571788991071273e+00
4.221026320156903125e+14 8.890085822696152107e+00
4.454812518844988750e+14 8.997406008065734540e+00
4.701547224022129375e+14 9.106562596096546613e+00
4.961947603002898125e+14 9.217601198322894263e+00
5.236770544204645000e+14 9.330557120927634784e+00
5.526814857144591875e+14 9.445473049893855944e+00
5.832923594286188750e+14 9.562388810994816524e+00
6.155986501483488750e+14 9.681350324902700422e+00
6.496942604146098750e+14 9.802397394652759388e+00
6.856782936641737500e+14 9.925575648709406451e+00
7.236553422869650000e+14 1.005093355798574173e+01
7.637357916378011250e+14 1.017851834088921947e+01
8.060361408861328750e+14 1.030836634181932610e+01
8.506793416364170000e+14 1.044055064108403208e+01
8.977951553033331250e+14 1.057510870894371990e+01
9.475205302806547500e+14 1.071208519891186306e+01
1.000000000000000000e+15 1.085154147070810993e+01
