1.000000000000000000e+08 1.313050737415513369e+00
1.055386103036523014e+08 1.313829101253191967e+00
1.113839826482618302e+08 1.314635217528628219e+00
1.175531073878367543e+08 1.315470023933450250e+00
1.240639159058834314e+08 1.316334633067029358e+00
1.309353327353612185e+08 1.317229798834715249e+00
1.381873305653633475e+08 1.318156859298833972e+00
1.458409882943986356e+08 1.319116730365189616e+00
1.539185522990205288e+08 1.320110657145339150e+00
1.624435010958865285e+08 1.321139732867311345e+00
1.714406135851968527e+08 1.322205132004911743e+00
1.809360410738712847e+08 1.323308130120349535e+00
1.909573832878100574e+08 1.324449781252057479e+00
2.015337685941735208e+08 1.325631770744460036e+00
2.126959386668691933e+08 1.326855019108906797e+00
2.244763378413223922e+08 1.328121236309305786e+00
2.369092074182631969e+08 1.329431932806004468e+00
2.500306851906321347e+08 1.330788229384213039e+00
2.638789104828929305e+08 1.332191716565152229e+00
2.784941350080649853e+08 1.333644213582960925e+00
2.939188398646890521e+08 1.335146926678058454e+00
3.101978590138099790e+08 1.336701791835825714e+00
3.273785095948576927e+08 1.338310049076866903e+00
3.455107294592218399e+08 1.339974108250994611e+00
3.646472223212745190e+08 1.341695237625096793e+00
3.848436109487425089e+08 1.343475257328737404e+00
4.061585988376971483e+08 1.345316354919146473e+00
4.286541408420934081e+08 1.347219977901663812e+00
4.523956232538058162e+08 1.349188442664422061e+00
4.774520538566131592e+08 1.351223708743229945e+00
5.038962625065150261e+08 1.353327379528376451e+00
5.318051128214197159e+08 1.355501939550332713e+00
5.612597255954965353e+08 1.357749507678808421e+00
5.923457145875793695e+08 1.360072085053088520e+00
6.251534353689699173e+08 1.362471880958144865e+00
6.597782479539546967e+08 1.364951170860658758e+00
6.963207939763890505e+08 1.367512328577934699e+00
7.348872892180387974e+08 1.370157373640383369e+00
7.755898323389002085e+08 1.372888862022082268e+00
8.185467307069020271e+08 1.375709132681515179e+00
8.638828442740435600e+08 1.378620422275506074e+00
9.117299484984903336e+08 1.381625491672327621e+00
9.622271173675154448e+08 1.384726428046285651e+00
1.015521127634569168e+09 1.387925952688517928e+00
1.071766885445503354e+09 1.391226467025403313e+00
1.131127876593921423e+09 1.394630052396550912e+00
1.193776641714435816e+09 1.398139654245221353e+00
1.259895277795025826e+09 1.401757594983608524e+00
1.329675967466209888e+09 1.405486249135679433e+00
1.403321537605481863e+09 1.409327914628116130e+00
1.481046048880676985e+09 1.413285441659859920e+00
1.563075417945817471e+09 1.417360540645950628e+00
1.649648074098020792e+09 1.421556137527271835e+00
1.741015652304015398e+09 1.425874054768144328e+00
1.837443724610724926e+09 1.430316881504924531e+00
1.939212572065826893e+09 1.434886415343946897e+00
2.046617999391993999e+09 1.439584729694044940e+00
2.159972194782721519e+09 1.444413757409321653e+00
2.279604637318982124e+09 1.449375377969756240e+00
2.405863054644066811e+09 1.454471339112599626e+00
2.539114433680346966e+09 1.459702799765787207e+00
2.679746087325689316e+09 1.465071805675153715e+00
2.828166780230029583e+09 1.470579099881085261e+00
2.984807916924321175e+09 1.476225517537995913e+00
3.150124795755321503e+09 1.482012628373458263e+00
3.324597932270945072e+09 1.487940393734730415e+00
3.508734455902714729e+09 1.494009545807947203e+00
3.703069584005141258e+09 1.500220256810108843e+00
3.908168177536263943e+09 1.506572195363925060e+00
4.124626382901348114e+09 1.513065259923304096e+00
4.353073364731883049e+09 1.519698770918179509e+00
4.594173134636466980e+09 1.526471770047064691e+00
4.848626481239088058e+09 1.533383277867091943e+00
5.117173007114609718e+09 1.540431344401802960e+00
5.400593278542373657e+09 1.547614731893397266e+00
5.699711094326075554e+09 1.554931229499013412e+00
6.015395880274832726e+09 1.562378349848303261e+00
6.348565216305210114e+09 1.569953644698383055e+00
6.700187503509576797e+09 1.577654271402866071e+00
7.071284778942981720e+09 1.585477061509082741e+00
7.462935686310145378e+09 1.593418755303435796e+00
7.876278611187063217e+09 1.601475683196516231e+00
8.312514989890631676e+09 1.609644242234044009e+00
8.772912801613355637e+09 1.617920752994869815e+00
9.258810253973945618e+09 1.626301202216936748e+00
9.771619672696161270e+09 1.634781773209763589e+00
1.031283160672186852e+10 1.643358698567052523e+00
1.088401916069007683e+10 1.652028203211066248e+00
1.148684256737554741e+10 1.660786277459276095e+00
1.212305401337652779e+10 1.669629750391702583e+00
1.279450273207873344e+10 1.678555389148468802e+00
1.350314037869872093e+10 1.687559992990080859e+00
1.425102670302996254e+10 1.696641289100287553e+00
1.504033553638022041e+10 1.705797419018064476e+00
1.587336111010205460e+10 1.715026251291656090e+00
1.675252472408210373e+10 1.724326868321608419e+00
1.768038178457208633e+10 1.733698369852107346e+00
1.865962923181745911e+10 1.743141087769354058e+00
1.969311337907421875e+10 1.752655249993857467e+00
2.078383818579755020e+10 1.762242154409906725e+00
2.193497398905055618e+10 1.771903124276153596e+00
2.314986671851165771e+10 1.781640464389109058e+00
2.443204762186491776e+10 1.791456627938742052e+00
2.578524352884276581e+10 1.801354773123328368e+00
2.721338768375308609e+10 1.811337934402385441e+00
2.872063117797828293e+10 1.821409569321978061e+00
3.031135501567576218e+10 1.831573571615923157e+00
3.199018284775060654e+10 1.841833585630823888e+00
3.376199441111333084e+10 1.852193072601272084e+00
3.563193971228576660e+10 1.862655717364935404e+00
3.760545399658160400e+10 1.873224271537599961e+00
3.968827354637165833e+10 1.883901910112750100e+00
4.188645235435270691e+10 1.894690541601802058e+00
4.420637972028530121e+10 1.905592713537309857e+00
4.665479882234468079e+10 1.916609292775735662e+00
4.923882631706731415e+10 1.927741067842634326e+00
5.196597302486207581e+10 1.938989084558380593e+00
5.484416576121026611e+10 1.950352478816812507e+00
5.788177037701280212e+10 1.961831044238363742e+00
6.108761607505039978e+10 1.973424288737488874e+00
6.447102107323869324e+10 1.985131502164131145e+00
6.804181968927093506e+10 1.996951513109846310e+00
7.181039092537341309e+10 2.008884188693018658e+00
7.578768863625914001e+10 2.020929090297794328e+00
7.998527336796691895e+10 2.033086010071205596e+00
8.441534596012959290e+10 2.045356044017165420e+00
8.909078300934143066e+10 2.057740262917366447e+00
9.402517429670132446e+10 2.070240173037344089e+00
9.923286228832545471e+10 2.082858133919892829e+00
1.047289838236357422e+11 2.095597241472208605e+00
1.105295141126019745e+11 2.108459893470118196e+00
1.166513131698198547e+11 2.121450220165373768e+00
1.231121748203892059e+11 2.134571246688138579e+00
1.299308784200417175e+11 2.147826023836125753e+00
1.371272434398400879e+11 2.161217519383520802e+00
1.447221870741134338e+11 2.174748205453767014e+00
1.527377850390712280e+11 2.188419787327836374e+00
1.611973357388155518e+11 2.202233847936234667e+00
1.701254279852585754e+11 2.216191516625317881e+00
1.795480124687826843e+11 2.230292702945686933e+00
1.894924771873815918e+11 2.244538498721945441e+00
1.999877270535286865e+11 2.258929363655850953e+00
2.110642679101554871e+11 2.273465228364902391e+00
2.227542951999556274e+11 2.288148198458449301e+00
2.350917875457284546e+11 2.302979585183026590e+00
2.481126055137765198e+11 2.317961290661943341e+00
2.618545958474237976e+11 2.333096467602298496e+00
2.763577014736163330e+11 2.348388390839092121e+00
2.916640776023706665e+11 2.363840560630701582e+00
3.078182142565079956e+11 2.379456247332766505e+00
3.248670655878374634e+11 2.395238474073661195e+00
3.428601863556583252e+11 2.411190065908175750e+00
3.618498759642742920e+11 2.427312992555668902e+00
3.818913304781846313e+11 2.443609074023179506e+00
4.030428030568041992e+11 2.460079391118850101e+00
4.253657732750374146e+11 2.476725742423623089e+00
4.489251258218607788e+11 2.493549397056769479e+00
4.737893390963143921e+11 2.510552034233050733e+00
5.000306842491090088e+11 2.527736168521592219e+00
5.277254352483532104e+11 2.545105290367714712e+00
5.569540905800124512e+11 2.562662391158710751e+00
5.878016072274924316e+11 2.580411740320580627e+00
6.203576476104281006e+11 2.598356621854338133e+00
6.547168402004742432e+11 2.616499910183051281e+00
6.909790545715645752e+11 2.634845335495892282e+00
7.292496916841444092e+11 2.653393922881900124e+00
7.696399902471151123e+11 2.672148265430346559e+00
8.122673500479703369e+11 2.691110548009233661e+00
8.572556731909306641e+11 2.710282567270047238e+00
9.047357242349274902e+11 2.729668418067956903e+00
9.548455102782264404e+11 2.749271781209063015e+00
1.007730682094457642e+12 2.769096019387992325e+00
1.063544957486011230e+12 2.789145612646685812e+00
1.122450568085305908e+12 2.809424099223507110e+00
1.184618730902682373e+12 2.829934791644891590e+00
1.250230145991453369e+12 2.850680249528029897e+00
1.319475521676708740e+12 2.871662906070429511e+00
1.392556128874464844e+12 2.892886013518554122e+00
1.469684386112447510e+12 2.914353905609873951e+00
1.551084476952840576e+12 2.936070039132290255e+00
1.636993001611701904e+12 2.958038633588040867e+00
1.727659664669034668e+12 2.980265273465876774e+00
1.823348000868438477e+12 3.002752427249296030e+00
1.924336141115976074e+12 3.025504395501763977e+00
2.030917620904730713e+12 3.048524132072233161e+00
2.143402233514850098e+12 3.071815594660029181e+00
2.262116930469017090e+12 3.095382958051186684e+00
2.387406771860646973e+12 3.119231172992853907e+00
2.519635929317013672e+12 3.143365496495528433e+00
2.659188744512690918e+12 3.167789597339444985e+00
2.806470846309833008e+12 3.192508154735304693e+00
2.961910329772559570e+12 3.217525510427269975e+00
3.125959000482284180e+12 3.242845368766897884e+00
3.299093687770942383e+12 3.268473284149251423e+00
3.481817630688966309e+12 3.294413836364515458e+00
3.674661940736687988e+12 3.320673650120216536e+00
3.878187145610719727e+12 3.347256209455479858e+00
4.092984818452434082e+12 3.374166889643473333e+00
4.319679297334164551e+12 3.401410445900616697e+00
4.558929499981049805e+12 3.428992271663731994e+00
4.811430839003245117e+12 3.456918763299697606e+00
5.077917243205382812e+12 3.485195322002489160e+00
5.359163290848514648e+12 3.513827739820114537e+00
5.655986461065001953e+12 3.542819976129042647e+00
5.969249509970727539e+12 3.572179263637736746e+00
6.299862978380680664e+12 3.601911370954617109e+00
6.648787838417276367e+12 3.632023149420639196e+00
7.017038286703836914e+12 3.662519778382333779e+00
7.405684692262442383e+12 3.693408305848304263e+00
7.815856707684090820e+12 3.724694643343071654e+00
8.248746552614581055e+12 3.756385562711321402e+00
8.705612479099856445e+12 3.788488364911297701e+00
9.187782428863320312e+12 3.821008938751547568e+00
9.696657893145500000e+12 3.853954756773006363e+00
1.023371798632517188e+13 3.887332590507281971e+00
1.080052374516249609e+13 3.921150614662857414e+00
1.139872266616047852e+13 3.955415564436942422e+00
1.203005349423324219e+13 3.990134573004270546e+00
1.269635127659972852e+13 4.025316296000898575e+00
1.339955269659337109e+13 4.060968370712976672e+00
1.414170170289021094e+13 4.097098487974784042e+00
1.492495545051832227e+13 4.133714978535538265e+00
1.575159057091624414e+13 4.170826052003513418e+00
1.662400978926613477e+13 4.208440670336647038e+00
1.754474890833459570e+13 4.246567324442287905e+00
1.851648417912153906e+13 4.285214781316031285e+00
1.954204007974051562e+13 4.324392167083013661e+00
2.062439752514088281e+13 4.364109321092461080e+00
2.176670253153454688e+13 4.404374090524555641e+00
2.297227536071146484e+13 4.445197498354273691e+00
2.424462017082320703e+13 4.486590069593565211e+00
2.558743520168578516e+13 4.528559976850701219e+00
2.700462352420682031e+13 4.571118582454907653e+00
2.850030438518105078e+13 4.614276803776562019e+00
3.007882518043095703e+13 4.658044300484479372e+00
3.174477409109187109e+13 4.702431937846649923e+00
3.350299341977236719e+13 4.747452003487797612e+00
3.535859366535182812e+13 4.793115118729092572e+00
3.731696837732755469e+13 4.839431691166051763e+00
3.938380983288489062e+13 4.886415906169540690e+00
4.156512558225988281e+13 4.934078883082180234e+00
4.386725591048494531e+13 4.982434042817804887e+00
4.629689226627258594e+13 5.031492924880932804e+00
4.886109671160316406e+13 5.081267244262481775e+00
5.156732244854953125e+13 5.131772141683915045e+00
5.442343548300250000e+13 5.183021262095014237e+00
5.743773748826563281e+13 5.235026740510362764e+00
6.061898993497571875e+13 5.287805012514613878e+00
6.397643955748423438e+13 5.341367127124660108e+00
6.751984523072494531e+13 5.395731220036409148e+00
7.125950633568396875e+13 5.450911131897136386e+00
7.520629269592421875e+13 5.506921936279732144e+00
7.937167617217559375e+13 5.563778844631667830e+00
8.376776400682925000e+13 5.621498730061436966e+00
8.840733401525062500e+13 5.680098004591148886e+00
9.330387172620360938e+13 5.739593528332513905e+00
9.847160957933764062e+13 5.800001708582061433e+00
1.039255682936710938e+14 5.861341063988009026e+00
1.096816005273135781e+14 5.923627992198301939e+00
1.157564369553301094e+14 5.986880820572422657e+00
1.221677348996788125e+14 6.051123143892444212e+00
1.289341296525710469e+14 6.116369308347150202e+00
1.360752886424333125e+14 6.182638752905493362e+00
1.436119685999077188e+14 6.249954546180274129e+00
1.515660758900601250e+14 6.318330394511606052e+00
1.599607301861484688e+14 6.387800042048934479e+00
1.688203316700366250e+14 6.458374133268140582e+00
1.781706319545732500e+14 6.530077750902301581e+00
1.880388089340916562e+14 6.602933342409170514e+00
1.984535457805803125e+14 6.676964918855723852e+00
2.094451143151468750e+14 6.752194735947949056e+00
2.210454629971019375e+14 6.828645817991340294e+00
2.332883097864153438e+14 6.906346748584936357e+00
2.462092401494620625e+14 6.985319448635811668e+00
2.598458104929241875e+14 7.065590321368333093e+00
2.742376573264941250e+14 7.147187420177758099e+00
2.894266124716740000e+14 7.230134841482931840e+00
3.054568246515431875e+14 7.314462563548382867e+00
3.223748878149026875e+14 7.400192622575336721e+00
3.402299765678064375e+14 7.487373676185597127e+00
3.590739891061047500e+14 7.576012168329262053e+00
3.789616980644723750e+14 7.666149089576547837e+00
3.999509097203669375e+14 7.757813696177580098e+00
4.221026320156903125e+14 7.851042077661554153e+00
4.454812518844988750e+14 7.945861130951740847e+00
4.701547224022129375e+14 8.042305491496474446e+00
4.961947603002898125e+14 8.140412559846611273e+00
5.236770544204645000e+14 8.240212559805824455e+00
5.526814857144591875e+14 8.341746640760311138e+00
5.832923594286188750e+14 8.445048484353240070e+00
6.155986501483488750e+14 8.550157009989176160e+00
6.496942604146098750e+14 8.657107470281296457e+00
6.856782936641737500e+14 8.765947943806869702e+00
7.236553422869650000e+14 8.876713382673036890e+00
7.637357916378011250e+14 8.989446344545426015e+00
8.060361408861328750e+14 9.104186786729028924e+00
8.506793416364170000e+14 9.220979880053590705e+00
8.977951553033331250e+14 9.339866215672556038e+00
9.475205302806547500e+14 9.460897513304546536e+00
1.000000000000000000e+15 9.584124105920514225e+00
