1.000000000000000000e+08 5.518016846481531568e-01
1.055386103036523014e+08 5.521734464642404916e-01
1.113839826482618302e+08 5.525583593194475229e-01
1.175531073878367543e+08 5.529569173399367932e-01
1.240639159058834314e+08 5.533695857495944948e-01
1.309353327353612185e+08 5.537968747546501147e-01
1.381873305653633475e+08 5.542392658251524828e-01
1.458409882943986356e+08 5.546972755464396609e-01
1.539185522990205288e+08 5.551713891726921535e-01
1.624435010958865285e+08 5.556621810861542832e-01
1.714406135851968527e+08 5.561702076062989830e-01
1.809360410738712847e+08 5.566960621911369866e-01
1.909573832878100574e+08 5.572402837658202435e-01
2.015337685941735208e+08 5.578035509567791372e-01
2.126959386668691933e+08 5.583864068330489649e-01
2.244763378413223922e+08 5.589895985013130231e-01
2.369092074182631969e+08 5.596137052744303286e-01
2.500306851906321347e+08 5.602594487750350849e-01
2.638789104828929305e+08 5.609274843930880383e-01
2.784941350080649853e+08 5.616185642456862359e-01
2.939188398646890521e+08 5.623334475612314920e-01
3.101978590138099790e+08 5.630727984838316269e-01
3.273785095948576927e+08 5.638375172663062651e-01
3.455107294592218399e+08 5.646282626862685339e-01
3.646472223212745190e+08 5.654459518967182019e-01
3.848436109487425089e+08 5.662913447547027745e-01
4.061585988376971483e+08 5.671653298614226513e-01
4.286541408420934081e+08 5.680687097054472057e-01
4.523956232538058162e+08 5.690023677704639793e-01
4.774520538566131592e+08 5.699672345999045042e-01
5.038962625065150261e+08 5.709643554363372786e-01
5.318051128214197159e+08 5.719944836556899448e-01
5.612597255954965353e+08 5.730585988037353307e-01
5.923457145875793695e+08 5.741577200886176513e-01
6.251534353689699173e+08 5.752927852497905503e-01
6.597782479539546967e+08 5.764647887976258600e-01
6.963207939763890505e+08 5.776746623285172744e-01
7.348872892180387974e+08 5.789235969194478360e-01
7.755898323389002085e+08 5.802124262348936634e-01
8.185467307069020271e+08 5.815422134640999552e-01
8.638828442740435600e+08 5.829141317301140823e-01
9.117299484984903336e+08 5.843290043975722936e-01
9.622271173675154448e+08 5.857879856630519022e-01
1.015521127634569168e+09 5.872921603355536480e-01
1.071766885445503354e+09 5.888424051838250239e-01
1.131127876593921423e+09 5.904398755927041664e-01
1.193776641714435816e+09 5.920853499213734050e-01
1.259895277795025826e+09 5.937801888152479668e-01
1.329675967466209888e+09 5.955251684923620337e-01
1.403321537605481863e+09 5.973211396734258161e-01
1.481046048880676985e+09 5.991691812829170738e-01
1.563075417945817471e+09 6.010701998998849716e-01
1.649648074098020792e+09 6.030249095097022227e-01
1.741015652304015398e+09 6.050342324066114719e-01
1.837443724610724926e+09 6.070989883418047572e-01
1.939212572065826893e+09 6.092197994121811844e-01
2.046617999391993999e+09 6.113973222201997126e-01
2.159972194782721519e+09 6.136322768666466754e-01
2.279604637318982124e+09 6.159250845754892234e-01
2.405863054644066811e+09 6.182762932889730445e-01
2.539114433680346966e+09 6.206861385089017524e-01
2.679746087325689316e+09 6.231550292640288813e-01
2.828166780230029583e+09 6.256830833988759055e-01
2.984807916924321175e+09 6.282705330153585122e-01
3.150124795755321503e+09 6.309172474110193996e-01
3.324597932270945072e+09 6.336231910859785321e-01
3.508734455902714729e+09 6.363880640798893484e-01
3.703069584005141258e+09 6.392114801018818904e-01
3.908168177536263943e+09 6.420931266831116924e-01
4.124626382901348114e+09 6.450323025337511007e-01
4.353073364731883049e+09 6.480284436930305869e-01
4.594173134636466980e+09 6.510805930223434457e-01
4.848626481239088058e+09 6.541877284835987405e-01
5.117173007114609718e+09 6.573490908633938812e-01
5.400593278542373657e+09 6.605631566117271536e-01
5.699711094326075554e+09 6.638289253445878169e-01
6.015395880274832726e+09 6.671448870501700545e-01
6.348565216305210114e+09 6.705096395503350459e-01
6.700187503509576797e+09 6.739216572438700981e-01
7.071284778942981720e+09 6.773792402852113481e-01
7.462935686310145378e+09 6.808810279456998238e-01
7.876278611187063217e+09 6.844251917936586826e-01
8.312514989890631676e+09 6.880101640180690259e-01
8.772912801613355637e+09 6.916343325758547156e-01
9.258810253973945618e+09 6.952961614268846624e-01
9.771619672696161270e+09 6.989941842963289798e-01
1.031283160672186852e+10 7.027269486073385307e-01
1.088401916069007683e+10 7.064932412572558773e-01
1.148684256737554741e+10 7.102920336730379480e-01
1.212305401337652779e+10 7.141222626283885155e-01
1.279450273207873344e+10 7.179831897552303444e-01
1.350314037869872093e+10 7.218742938476888638e-01
1.425102670302996254e+10 7.257952944664853856e-01
1.504033553638022041e+10 7.297460367129019465e-01
1.587336111010205460e+10 7.337266895492581265e-01
1.675252472408210373e+10 7.377376220009075336e-01
1.768038178457208633e+10 7.417795090290346671e-01
1.865962923181745911e+10 7.458530849050933886e-01
1.969311337907421875e+10 7.499594213298624856e-01
2.078383818579755020e+10 7.540996935941026713e-01
2.193497398905055618e+10 7.582753390451003606e-01
2.314986671851165771e+10 7.624875852147006139e-01
2.443204762186491776e+10 7.667381719041683752e-01
2.578524352884276581e+10 7.710285583730910330e-01
2.721338768375308609e+10 7.753602977043686506e-01
2.872063117797828293e+10 7.797347652846867705e-01
3.031135501567576218e+10 7.841533114914732705e-01
3.199018284775060654e+10 7.886172625658461888e-01
3.376199441111333084e+10 7.931276658458422668e-01
3.563193971228576660e+10 7.976852495374310292e-01
3.760545399658160400e+10 8.022908442274332419e-01
3.968827354637165833e+10 8.069446053429772947e-01
4.188645235435270691e+10 8.116469589367657500e-01
4.420637972028530121e+10 8.163978975890046064e-01
4.665479882234468079e+10 8.211970866369383559e-01
4.923882631706731415e+10 8.260445029225457203e-01
5.196597302486207581e+10 8.309397254708342784e-01
5.484416576121026611e+10 8.358823452083864458e-01
5.788177037701280212e+10 8.408722552186311816e-01
6.108761607505039978e+10 8.459092479303779166e-01
6.447102107323869324e+10 8.509932218543037052e-01
6.804181968927093506e+10 8.561245058807473995e-01
7.181039092537341309e+10 8.613033577779043437e-01
7.578768863625914001e+10 8.665306926182221314e-01
7.998527336796691895e+10 8.718070944155197344e-01
8.441534596012959290e+10 8.771339616687688912e-01
8.909078300934143066e+10 8.825124458329139943e-01
9.402517429670132446e+10 8.879439665798234405e-01
9.923286228832545471e+10 8.934297683915285448e-01
1.047289838236357422e+11 8.989714546711506937e-01
1.105295141126019745e+11 9.045700351772660852e-01
1.166513131698198547e+11 9.102267337879854647e-01
1.231121748203892059e+11 9.159423554150867286e-01
1.299308784200417175e+11 9.217175104392641982e-01
1.371272434398400879e+11 9.275526849576017918e-01
1.447221870741134338e+11 9.334481262149134650e-01
1.527377850390712280e+11 9.394041638225503199e-01
1.611973357388155518e+11 9.454208777116239748e-01
1.701254279852585754e+11 9.514984110308909449e-01
1.795480124687826843e+11 9.576373609577975010e-01
1.894924771873815918e+11 9.638382622667447386e-01
1.999877270535286865e+11 9.701019469021627817e-01
2.110642679101554871e+11 9.764297642925556797e-01
2.227542951999556274e+11 9.828227909256754824e-01
2.350917875457284546e+11 9.892826533450900239e-01
2.481126055137765198e+11 9.958106122664199811e-01
2.618545958474237976e+11 1.002408155226991671e+00
2.763577014736163330e+11 1.009076232775742543e+00
2.916640776023706665e+11 1.015816096590335560e+00
3.078182142565079956e+11 1.022628315803295829e+00
3.248670655878374634e+11 1.029513634128048416e+00
3.428601863556583252e+11 1.036472296162537443e+00
3.618498759642742920e+11 1.043505066058135311e+00
3.818913304781846313e+11 1.050612843995341272e+00
4.030428030568041992e+11 1.057796355317345727e+00
4.253657732750374146e+11 1.065057000200851256e+00
4.489251258218607788e+11 1.072395987091780745e+00
4.737893390963143921e+11 1.079815215613046053e+00
5.000306842491090088e+11 1.087316086849712260e+00
5.277254352483532104e+11 1.094899887915994574e+00
5.569540905800124512e+11 1.102567708655965317e+00
5.878016072274924316e+11 1.110320854852183237e+00
6.203576476104281006e+11 1.118159907205996673e+00
6.547168402004742432e+11 1.126085883377290431e+00
6.909790545715645752e+11 1.134099520720757814e+00
7.292496916841444092e+11 1.142202565131377412e+00
7.696399902471151123e+11 1.150396023477730845e+00
8.122673500479703369e+11 1.158681808334943053e+00
8.572556731909306641e+11 1.167061681493173131e+00
9.047357242349274902e+11 1.175537003406776027e+00
9.548455102782264404e+11 1.184109284875294099e+00
1.007730682094457642e+12 1.192779738467108830e+00
1.063544957486011230e+12 1.201549394793843373e+00
1.122450568085305908e+12 1.210419516732585965e+00
1.184618730902682373e+12 1.219391366209134686e+00
1.250230145991453369e+12 1.228467363654403011e+00
1.319475521676708740e+12 1.237648558021028355e+00
1.392556128874464844e+12 1.246937199375623084e+00
1.469684386112447510e+12 1.256334770250389754e+00
1.551084476952840576e+12 1.265843030794754798e+00
1.636993001611701904e+12 1.275463283921475899e+00
1.727659664669034668e+12 1.285196777746814290e+00
1.823348000868438477e+12 1.295045508323063199e+00
1.924336141115976074e+12 1.305011394179807604e+00
2.030917620904730713e+12 1.315096516899449064e+00
2.143402233514850098e+12 1.325303014551044045e+00
2.262116930469017090e+12 1.335632245655177908e+00
2.387406771860646973e+12 1.346086251365251396e+00
2.519635929317013672e+12 1.356666535969435650e+00
2.659188744512690918e+12 1.367375448493276080e+00
2.806470846309833008e+12 1.378214765947951559e+00
2.961910329772559570e+12 1.389187348937845901e+00
3.125959000482284180e+12 1.400294827465015324e+00
3.299093687770942383e+12 1.411539264776327407e+00
3.481817630688966309e+12 1.422922511298206238e+00
3.674661940736687988e+12 1.434447150735972176e+00
3.878187145610719727e+12 1.446115498456677306e+00
4.092984818452434082e+12 1.457929840771761798e+00
4.319679297334164551e+12 1.469892817661443640e+00
4.558929499981049805e+12 1.482006125236071892e+00
4.811430839003245117e+12 1.494272575141272430e+00
5.077917243205382812e+12 1.506694706908038972e+00
5.359163290848514648e+12 1.519275133558956492e+00
5.655986461065001953e+12 1.532016475250660203e+00
5.969249509970727539e+12 1.544921149387573855e+00
6.299862978380680664e+12 1.557991768060638993e+00
6.648787838417276367e+12 1.571231484077967755e+00
7.017038286703836914e+12 1.584642708359691232e+00
7.405684692262442383e+12 1.598228676195672548e+00
7.815856707684090820e+12 1.611991866235115367e+00
8.248746552614581055e+12 1.625935775006303485e+00
8.705612479099856445e+12 1.640062744417665641e+00
9.187782428863320312e+12 1.654376712821415740e+00
9.696657893145500000e+12 1.668880079544555972e+00
1.023371798632517188e+13 1.683576203642323854e+00
1.080052374516249609e+13 1.698468929299842278e+00
1.139872266616047852e+13 1.713561131298862339e+00
1.203005349423324219e+13 1.728856358120549386e+00
1.269635127659972852e+13 1.744357671654271469e+00
1.339955269659337109e+13 1.760069229036195004e+00
1.414170170289021094e+13 1.775994702794882363e+00
1.492495545051832227e+13 1.792137186606122423e+00
1.575159057091624414e+13 1.808501063745402648e+00
1.662400978926613477e+13 1.825089856250384335e+00
1.754474890833459570e+13 1.841907610787791416e+00
1.851648417912153906e+13 1.858957885039380198e+00
1.954204007974051562e+13 1.876245961200440737e+00
2.062439752514088281e+13 1.893774661550388316e+00
2.176670253153454688e+13 1.911549273244801839e+00
2.297227536071146484e+13 1.929573839037005190e+00
2.424462017082320703e+13 1.947852659149225119e+00
2.558743520168578516e+13 1.966390116266583998e+00
2.700462352420682031e+13 1.985191521459899633e+00
2.850030438518105078e+13 2.004261116044447455e+00
3.007882518043095703e+13 2.023603850731944487e+00
3.174477409109187109e+13 2.043224775223988043e+00
3.350299341977236719e+13 2.063128737655985923e+00
3.535859366535182812e+13 2.083320800777292980e+00
3.731696837732755469e+13 2.103807417098445320e+00
3.938380983288489062e+13 2.124592218506971442e+00
4.156512558225988281e+13 2.145681986583819700e+00
4.386725591048494531e+13 2.167081550226094944e+00
4.629689226627258594e+13 2.188797152587913519e+00
4.886109671160316406e+13 2.210834750172272489e+00
5.156732244854953125e+13 2.233199753391424291e+00
5.442343548300250000e+13 2.255899042581602121e+00
5.743773748826563281e+13 2.278938287369570492e+00
6.061898993497571875e+13 2.302324607675602763e+00
6.397643955748423438e+13 2.326063480774740455e+00
6.751984523072494531e+13 2.350162264791579858e+00
7.125950633568396875e+13 2.374627871207538377e+00
7.520629269592421875e+13 2.399467238051909312e+00
7.937167617217559375e+13 2.424687270987630594e+00
8.376776400682925000e+13 2.450295765513117008e+00
8.840733401525062500e+13 2.476299632617209312e+00
9.330387172620360938e+13 2.502707123166805658e+00
9.847160957933764062e+13 2.529525332887555322e+00
1.039255682936710938e+14 2.556762734064478959e+00
1.096816005273135781e+14 2.584427259862136506e+00
1.157564369553301094e+14 2.612527801875207167e+00
1.221677348996788125e+14 2.641072457702843046e+00
1.289341296525710469e+14 2.670069823280654120e+00
1.360752886424333125e+14 2.699529395714675761e+00
1.436119685999077188e+14 2.729459933331138899e+00
1.515660758900601250e+14 2.759870566038168160e+00
1.599607301861484688e+14 2.790771643409933667e+00
1.688203316700366250e+14 2.822172375770624519e+00
1.781706319545732500e+14 2.854082914244923774e+00
1.880388089340916562e+14 2.886513714233460259e+00
1.984535457805803125e+14 2.919475175301477599e+00
2.094451143151468750e+14 2.952977744023645101e+00
2.210454629971019375e+14 2.987032888422907373e+00
2.332883097864153438e+14 3.021651839068853818e+00
2.462092401494620625e+14 3.056845672163797101e+00
2.598458104929241875e+14 3.092626666517269030e+00
2.742376573264941250e+14 3.129006992024027323e+00
2.894266124716740000e+14 3.165998764826646106e+00
3.054568246515431875e+14 3.203614653611121188e+00
3.223748878149026875e+14 3.241867646302710515e+00
3.402299765678064375e+14 3.280771014006520048e+00
3.590739891061047500e+14 3.320338483739122992e+00
3.789616980644723750e+14 3.360583568087827544e+00
3.999509097203669375e+14 3.401521785783706342e+00
4.221026320156903125e+14 3.443165798422169299e+00
4.454812518844988750e+14 3.485532465047843420e+00
4.701547224022129375e+14 3.528635389590256910e+00
4.961947603002898125e+14 3.572491983558841788e+00
5.236770544204645000e+14 3.617117798569881693e+00
5.526814857144591875e+14 3.662528821003101953e+00
5.832923594286188750e+14 3.708742010769706887e+00
6.155986501483488750e+14 3.755775206530943766e+00
6.496942604146098750e+14 3.803645642630860912e+00
6.856782936641737500e+14 3.852371767903283395e+00
7.236553422869650000e+14 3.901972415687350093e+00
7.637357916378011250e+14 3.952466802248404854e+00
8.060361408861328750e+14 4.003873399711856962e+00
8.506793416364170000e+14 4.056214502969422320e+00
8.977951553033331250e+14 4.109507873103563469e+00
9.475205302806547500e+14 4.163776833375909980e+00
1.000000000000000000e+15 4.219041966561587031e+00
