1.000000000000000000e+08 7.670125202825647248e-01
1.055386103036523014e+08 7.674861112824120646e-01
1.113839826482618302e+08 7.679766042831707162e-01
1.175531073878367543e+08 7.684845623507117196e-01
1.240639159058834314e+08 7.690104359224091413e-01
1.309353327353612185e+08 7.695550359647116423e-01
1.381873305653633475e+08 7.701190081395694609e-01
1.458409882943986356e+08 7.707029263338461833e-01
1.539185522990205288e+08 7.713074494661800173e-01
1.624435010958865285e+08 7.719332789555852781e-01
1.714406135851968527e+08 7.725812203626450936e-01
1.809360410738712847e+08 7.732519749716547652e-01
1.909573832878100574e+08 7.739463144036092812e-01
2.015337685941735208e+08 7.746649708881173657e-01
2.126959386668691933e+08 7.754087819888304534e-01
2.244763378413223922e+08 7.761786699419659374e-01
2.369092074182631969e+08 7.769753761117201840e-01
2.500306851906321347e+08 7.777998857542575140e-01
2.638789104828929305e+08 7.786529729991441551e-01
2.784941350080649853e+08 7.795357195206952250e-01
2.939188398646890521e+08 7.804489738395291587e-01
3.101978590138099790e+08 7.813937704980397081e-01
3.273785095948576927e+08 7.823710880438444759e-01
3.455107294592218399e+08 7.833820933494139993e-01
3.646472223212745190e+08 7.844277051761390229e-01
3.848436109487425089e+08 7.855089485019939310e-01
4.061585988376971483e+08 7.866271152107146003e-01
4.286541408420934081e+08 7.877831583917476177e-01
4.523956232538058162e+08 7.889784213185428996e-01
4.774520538566131592e+08 7.902140187878696764e-01
5.038962625065150261e+08 7.914912221134011716e-01
5.318051128214197159e+08 7.928110959147894876e-01
5.612597255954965353e+08 7.941750253112389579e-01
5.923457145875793695e+08 7.955842621744557697e-01
6.251534353689699173e+08 7.970402294507807905e-01
6.597782479539546967e+08 7.985441763762298750e-01
6.963207939763890505e+08 8.000973676274727442e-01
7.348872892180387974e+08 8.017013357315658784e-01
7.755898323389002085e+08 8.033572386559016953e-01
8.185467307069020271e+08 8.050667295997390172e-01
8.638828442740435600e+08 8.068310107718810187e-01
9.117299484984903336e+08 8.086516070663311018e-01
9.622271173675154448e+08 8.105300202683650701e-01
1.015521127634569168e+09 8.124674870483066247e-01
1.071766885445503354e+09 8.144656540806866074e-01
1.131127876593921423e+09 8.165258496274159228e-01
1.193776641714435816e+09 8.186494891498000692e-01
1.259895277795025826e+09 8.208381112509733901e-01
1.329675967466209888e+09 8.230928949789417803e-01
1.403321537605481863e+09 8.254155886022455091e-01
1.481046048880676985e+09 8.278073010266043807e-01
1.563075417945817471e+09 8.302693972682413381e-01
1.649648074098020792e+09 8.328032166399718106e-01
1.741015652304015398e+09 8.354101588368552100e-01
1.837443724610724926e+09 8.380912196600580621e-01
1.939212572065826893e+09 8.408477752680972861e-01
2.046617999391993999e+09 8.436809174189869864e-01
2.159972194782721519e+09 8.465914646519193676e-01
2.279604637318982124e+09 8.495806102016172368e-01
2.405863054644066811e+09 8.526491477854440948e-01
2.539114433680346966e+09 8.557979444505287026e-01
2.679746087325689316e+09 8.590276318512284348e-01
2.828166780230029583e+09 8.623388893280983236e-01
2.984807916924321175e+09 8.657319399756586709e-01
3.150124795755321503e+09 8.692074821011975816e-01
3.324597932270945072e+09 8.727653398899790638e-01
3.508734455902714729e+09 8.764059072183372212e-01
3.703069584005141258e+09 8.801289971722709993e-01
3.908168177536263943e+09 8.839343281751205206e-01
4.124626382901348114e+09 8.878214909499224650e-01
4.353073364731883049e+09 8.917900356025285635e-01
4.594173134636466980e+09 8.958392988542757118e-01
4.848626481239088058e+09 8.999681028313978315e-01
5.117173007114609718e+09 9.041757052859233923e-01
5.400593278542373657e+09 9.084606699095103544e-01
5.699711094326075554e+09 9.128216970516306317e-01
6.015395880274832726e+09 9.172572747729142995e-01
6.348565216305210114e+09 9.217656878245154006e-01
6.700187503509576797e+09 9.263449756398942636e-01
7.071284778942981720e+09 9.309932754329803828e-01
7.462935686310145378e+09 9.357085804840141741e-01
7.876278611187063217e+09 9.404886471484823485e-01
8.312514989890631676e+09 9.453312184898142734e-01
8.772912801613355637e+09 9.502341458279111031e-01
9.258810253973945618e+09 9.551951148107844514e-01
9.771619672696161270e+09 9.602116536771293509e-01
1.031283160672186852e+10 9.652821054668647704e-01
1.088401916069007683e+10 9.704038130819560015e-01
1.148684256737554741e+10 9.755750344086052683e-01
1.212305401337652779e+10 9.807938038206048814e-01
1.279450273207873344e+10 9.860584825600594572e-01
1.350314037869872093e+10 9.913676916842838471e-01
1.425102670302996254e+10 9.967202423743372064e-01
1.504033553638022041e+10 1.002115233706894148e+00
1.587336111010205460e+10 1.007552009501271106e+00
1.675252472408210373e+10 1.013030095405431430e+00
1.768038178457208633e+10 1.018549807067071988e+00
1.865962923181745911e+10 1.024111205933603719e+00
1.969311337907421875e+10 1.029715365542035688e+00
2.078383818579755020e+10 1.035362888105633594e+00
2.193497398905055618e+10 1.041055262677127002e+00
2.314986671851165771e+10 1.046793970201046475e+00
2.443204762186491776e+10 1.052580704468044637e+00
2.578524352884276581e+10 1.058417593781882715e+00
2.721338768375308609e+10 1.064306589437825412e+00
2.872063117797828293e+10 1.070249912743532983e+00
3.031135501567576218e+10 1.076249456602125232e+00
3.199018284775060654e+10 1.082307542525198452e+00
3.376199441111333084e+10 1.088426178059748395e+00
3.563193971228576660e+10 1.094606994703496206e+00
3.760545399658160400e+10 1.100851769443337513e+00
3.968827354637165833e+10 1.107161709086249113e+00
4.188645235435270691e+10 1.113537882345269070e+00
4.420637972028530121e+10 1.119980876303673156e+00
4.665479882234468079e+10 1.126491394037554938e+00
4.923882631706731415e+10 1.133069596188729822e+00
5.196597302486207581e+10 1.139715216779506823e+00
5.484416576121026611e+10 1.146427972255208427e+00
5.788177037701280212e+10 1.153207573540500519e+00
6.108761607505039978e+10 1.160053539073991891e+00
6.447102107323869324e+10 1.166965577829002232e+00
6.804181968927093506e+10 1.173943191172863720e+00
7.181039092537341309e+10 1.180986170416257641e+00
7.578768863625914001e+10 1.188094667368910784e+00
7.998527336796691895e+10 1.195269364456364780e+00
8.441534596012959290e+10 1.202510545929135644e+00
8.909078300934143066e+10 1.209819757938456197e+00
9.402517429670132446e+10 1.217198170895848808e+00
9.923286228832545471e+10 1.224647625554015740e+00
1.047289838236357422e+11 1.232169628420201057e+00
1.105295141126019745e+11 1.239766430446705092e+00
1.166513131698198547e+11 1.247439812146117211e+00
1.231121748203892059e+11 1.255191706246748584e+00
1.299308784200417175e+11 1.263023567710312767e+00
1.371272434398400879e+11 1.270937014713817703e+00
1.447221870741134338e+11 1.278932903436705404e+00
1.527377850390712280e+11 1.287011930858473319e+00
1.611973357388155518e+11 1.295174896241638951e+00
1.701254279852585754e+11 1.303421782761696734e+00
1.795480124687826843e+11 1.311753132219675155e+00
1.894924771873815918e+11 1.320169075587423357e+00
1.999877270535286865e+11 1.328669777104594107e+00
2.110642679101554871e+11 1.337256601510291798e+00
2.227542951999556274e+11 1.345930096019009703e+00
2.350917875457284546e+11 1.354691920593254606e+00
2.481126055137765198e+11 1.363543550941175964e+00
2.618545958474237976e+11 1.372487108695292335e+00
2.763577014736163330e+11 1.381524392034788828e+00
2.916640776023706665e+11 1.390657563910501882e+00
3.078182142565079956e+11 1.399888250075262963e+00
3.248670655878374634e+11 1.409218158923957853e+00
3.428601863556583252e+11 1.418648184085653519e+00
3.618498759642742920e+11 1.428179355776482140e+00
3.818913304781846313e+11 1.437812619245004475e+00
4.030428030568041992e+11 1.447548649173535429e+00
4.253657732750374146e+11 1.457388174201582398e+00
4.489251258218607788e+11 1.467332586279957329e+00
4.737893390963143921e+11 1.477383128107424559e+00
5.000306842491090088e+11 1.487542139826843579e+00
5.277254352483532104e+11 1.497811426572927651e+00
5.569540905800124512e+11 1.508193116384793697e+00
5.878016072274924316e+11 1.518689403080713207e+00
6.203576476104281006e+11 1.529301801476970146e+00
6.547168402004742432e+11 1.540032210572935156e+00
6.909790545715645752e+11 1.550881913914164523e+00
7.292496916841444092e+11 1.561851597317517548e+00
7.696399902471151123e+11 1.572942737041725714e+00
8.122673500479703369e+11 1.584157049711463205e+00
8.572556731909306641e+11 1.595496540595547241e+00
9.047357242349274902e+11 1.606963261679776434e+00
9.548455102782264404e+11 1.618559471967024876e+00
1.007730682094457642e+12 1.630287420796249442e+00
1.063544957486011230e+12 1.642149427068725132e+00
1.122450568085305908e+12 1.654147285433719139e+00
1.184618730902682373e+12 1.666282637811117295e+00
1.250230145991453369e+12 1.678556384258847123e+00
1.319475521676708740e+12 1.690971431647765755e+00
1.392556128874464844e+12 1.703529142897742599e+00
1.469684386112447510e+12 1.716232518775485660e+00
1.551084476952840576e+12 1.729084059088330072e+00
1.636993001611701904e+12 1.742086391670467638e+00
1.727659664669034668e+12 1.755241181042034082e+00
1.823348000868438477e+12 1.768550659784594581e+00
1.924336141115976074e+12 1.782017282537978975e+00
2.030917620904730713e+12 1.795642784532594849e+00
2.143402233514850098e+12 1.809429629134711837e+00
2.262116930469017090e+12 1.823381190084530257e+00
2.387406771860646973e+12 1.837500254098164421e+00
2.519635929317013672e+12 1.851788760430143954e+00
2.659188744512690918e+12 1.866249818577214725e+00
2.806470846309833008e+12 1.880885376740464299e+00
2.961910329772559570e+12 1.895698360654667347e+00
3.125959000482284180e+12 1.910691367318215317e+00
3.299093687770942383e+12 1.925868084514319456e+00
3.481817630688966309e+12 1.941231283061784163e+00
3.674661940736687988e+12 1.956783464070431133e+00
3.878187145610719727e+12 1.972527637294881897e+00
4.092984818452434082e+12 1.988466849945107473e+00
4.319679297334164551e+12 2.004603897862188955e+00
4.558929499981049805e+12 2.020943115376828914e+00
4.811430839003245117e+12 2.037486954932053784e+00
5.077917243205382812e+12 2.054238878820858538e+00
5.359163290848514648e+12 2.071201945068158246e+00
5.655986461065001953e+12 2.088379609467833742e+00
5.969249509970727539e+12 2.105775932394319927e+00
6.299862978380680664e+12 2.123394221487633793e+00
6.648787838417276367e+12 2.141238361875700491e+00
7.017038286703836914e+12 2.159311306692639043e+00
7.405684692262442383e+12 2.177617147461826441e+00
7.815856707684090820e+12 2.196160131799771875e+00
8.248746552614581055e+12 2.214943985193757126e+00
8.705612479099856445e+12 2.233972788042976720e+00
9.187782428863320312e+12 2.253250520040706029e+00
9.696657893145500000e+12 2.272781527496636311e+00
1.023371798632517188e+13 2.292569772736598122e+00
1.080052374516249609e+13 2.312619886941444047e+00
1.139872266616047852e+13 2.332935827913992899e+00
1.203005349423324219e+13 2.353522485389976104e+00
1.269635127659972852e+13 2.374385053356802722e+00
1.339955269659337109e+13 2.395527349134760176e+00
1.414170170289021094e+13 2.416954224585201150e+00
1.492495545051832227e+13 2.438671091657967249e+00
1.575159057091624414e+13 2.460682603695424575e+00
1.662400978926613477e+13 2.482994180748763657e+00
1.754474890833459570e+13 2.505610095904939882e+00
1.851648417912153906e+13 2.528537126646714039e+00
1.954204007974051562e+13 2.551779751624683179e+00
2.062439752514088281e+13 2.575343639370317739e+00
2.176670253153454688e+13 2.599234221700479353e+00
2.297227536071146484e+13 2.623458097037266956e+00
2.424462017082320703e+13 2.648019986352295962e+00
2.558743520168578516e+13 2.672927040101785945e+00
2.700462352420682031e+13 2.698184463344146966e+00
2.850030438518105078e+13 2.723799051197842491e+00
3.007882518043095703e+13 2.749777349336821608e+00
3.174477409109187109e+13 2.776125692175687831e+00
3.350299341977236719e+13 2.802850126615484605e+00
3.535859366535182812e+13 2.829958480934521514e+00
3.731696837732755469e+13 2.857457513830316653e+00
3.938380983288489062e+13 2.885353885992519629e+00
4.156512558225988281e+13 2.913654880199787467e+00
4.386725591048494531e+13 2.942368220314651950e+00
4.629689226627258594e+13 2.971501381410062592e+00
4.886109671160316406e+13 3.001062799214598620e+00
5.156732244854953125e+13 3.031058522907008168e+00
5.442343548300250000e+13 3.061499012747548321e+00
5.743773748826563281e+13 3.092390540145820932e+00
6.061898993497571875e+13 3.123742392541707158e+00
6.397643955748423438e+13 3.155563461267739900e+00
6.751984523072494531e+13 3.187862131081804495e+00
7.125950633568396875e+13 3.220647680736918872e+00
7.520629269592421875e+13 3.253929029843975584e+00
7.937167617217559375e+13 3.287715945760248726e+00
8.376776400682925000e+13 3.322018205487534903e+00
8.840733401525062500e+13 3.356843898112375602e+00
9.330387172620360938e+13 3.392205872706185676e+00
9.847160957933764062e+13 3.428112580698162937e+00
1.039255682936710938e+14 3.464575462167077013e+00
1.096816005273135781e+14 3.501604245907173674e+00
1.157564369553301094e+14 3.539210921415053335e+00
1.221677348996788125e+14 3.577406531813045909e+00
1.289341296525710469e+14 3.616201588565238989e+00
1.360752886424333125e+14 3.655608715909964612e+00
1.436119685999077188e+14 3.695639916573903339e+00
1.515660758900601250e+14 3.736307619155844861e+00
1.599607301861484688e+14 3.777624634345330357e+00
1.688203316700366250e+14 3.819603261313823328e+00
1.781706319545732500e+14 3.862256500118628200e+00
1.880388089340916562e+14 3.905598976506314823e+00
1.984535457805803125e+14 3.949643090746964180e+00
2.094451143151468750e+14 3.994404218050807032e+00
2.210454629971019375e+14 4.039895909676642027e+00
2.332883097864153438e+14 4.086133148836312401e+00
2.462092401494620625e+14 4.133131555125199696e+00
2.598458104929241875e+14 4.180905984822627097e+00
2.742376573264941250e+14 4.229472499924657569e+00
2.894266124716740000e+14 4.278847751321399606e+00
3.054568246515431875e+14 4.329048079671987459e+00
3.223748878149026875e+14 4.380089783432799422e+00
3.402299765678064375e+14 4.431991635708203425e+00
3.590739891061047500e+14 4.484770147762968229e+00
3.789616980644723750e+14 4.538444597109977607e+00
3.999509097203669375e+14 4.593034226775084328e+00
4.221026320156903125e+14 4.648555404243166045e+00
4.454812518844988750e+14 4.705031037479095346e+00
4.701547224022129375e+14 4.762479099092173485e+00
4.961947603002898125e+14 4.820921565517005902e+00
5.236770544204645000e+14 4.880377475644919194e+00
5.526814857144591875e+14 4.940871042375062139e+00
5.832923594286188750e+14 5.002422907203537328e+00
6.155986501483488750e+14 5.065056015187759719e+00
6.496942604146098750e+14 5.128794157015753363e+00
6.856782936641737500e+14 5.193659791516487267e+00
7.236553422869650000e+14 5.259677797169239000e+00
7.637357916378011250e+14 5.326873741088454572e+00
8.060361408861328750e+14 5.395272570545854407e+00
8.506793416364170000e+14 5.464902101273061419e+00
8.977951553033331250e+14 5.535786488724951937e+00
9.475205302806547500e+14 5.607955836988556264e+00
1.000000000000000000e+15 5.681437654655272951e+00
