1.000000000000000000e+08 9.888504290465308655e-01
1.055386103036523014e+08 9.894446351436939624e-01
1.113839826482618302e+08 9.900600765450492391e-01
1.175531073878367543e+08 9.906973576972980533e-01
1.240639159058834314e+08 9.913571734453492379e-01
1.309353327353612185e+08 9.920406178195546598e-01
1.381873305653633475e+08 9.927481788607525059e-01
1.458409882943986356e+08 9.934810085522249867e-01
1.539185522990205288e+08 9.942395804154774419e-01
1.624435010958865285e+08 9.950250771032337349e-01
1.714406135851968527e+08 9.958382745667134772e-01
1.809360410738712847e+08 9.966801257909723155e-01
1.909573832878100574e+08 9.975514792946983400e-01
2.015337685941735208e+08 9.984535641486181889e-01
2.126959386668691933e+08 9.993873039983719453e-01
2.244763378413223922e+08 1.000353666085236792e+00
2.369092074182631969e+08 1.001353889752605308e+00
2.500306851906321347e+08 1.002388895846411554e+00
2.638789104828929305e+08 1.003460063055831464e+00
2.784941350080649853e+08 1.004568292630739990e+00
2.939188398646890521e+08 1.005715101207941720e+00
3.101978590138099790e+08 1.006901491145509420e+00
3.273785095948576927e+08 1.008128839742983507e+00
3.455107294592218399e+08 1.009398520863893589e+00
3.646472223212745190e+08 1.010711595294129017e+00
3.848436109487425089e+08 1.012069761913816146e+00
4.061585988376971483e+08 1.013474363141822154e+00
4.286541408420934081e+08 1.014926764629761946e+00
4.523956232538058162e+08 1.016428357092009183e+00
4.774520538566131592e+08 1.017980897625342385e+00
5.038962625065150261e+08 1.019585661069277727e+00
5.318051128214197159e+08 1.021244410093853805e+00
5.612597255954965353e+08 1.022958667731425519e+00
5.923457145875793695e+08 1.024730116994727380e+00
6.251534353689699173e+08 1.026560251859605533e+00
6.597782479539546967e+08 1.028451163657110756e+00
6.963207939763890505e+08 1.030404146243560692e+00
7.348872892180387974e+08 1.032421064191957338e+00
7.755898323389002085e+08 1.034503793837802332e+00
8.185467307069020271e+08 1.036654057676304141e+00
8.638828442740435600e+08 1.038873621930027857e+00
9.117299484984903336e+08 1.041164444178370951e+00
9.622271173675154448e+08 1.043528180208902922e+00
1.015521127634569168e+09 1.045966815470367850e+00
1.071766885445503354e+09 1.048482224044130495e+00
1.131127876593921423e+09 1.051076081193618394e+00
1.193776641714435816e+09 1.053750433411913434e+00
1.259895277795025826e+09 1.056507047833143753e+00
1.329675967466209888e+09 1.059347768524030675e+00
1.403321537605481863e+09 1.062274399416746062e+00
1.481046048880676985e+09 1.065288796093990298e+00
1.563075417945817471e+09 1.068392528430200050e+00
1.649648074098020792e+09 1.071587622049331889e+00
1.741015652304015398e+09 1.074875475509408984e+00
1.837443724610724926e+09 1.078257835353465977e+00
1.939212572065826893e+09 1.081736490744363399e+00
2.046617999391993999e+09 1.085312488500059125e+00
2.159972194782721519e+09 1.088987622175312087e+00
2.279604637318982124e+09 1.092762967798600604e+00
2.405863054644066811e+09 1.096639803037877448e+00
2.539114433680346966e+09 1.100619537490214350e+00
2.679746087325689316e+09 1.104702690287901801e+00
2.828166780230029583e+09 1.108890397258856853e+00
2.984807916924321175e+09 1.113183568892579522e+00
3.150124795755321503e+09 1.117582306025559857e+00
3.324597932270945072e+09 1.122087382793024446e+00
3.508734455902714729e+09 1.126698973842078288e+00
3.703069584005141258e+09 1.131417042254917016e+00
3.908168177536263943e+09 1.136241496973177556e+00
4.124626382901348114e+09 1.141171914048925817e+00
4.353073364731883049e+09 1.146207850797341221e+00
4.594173134636466980e+09 1.151348623380446856e+00
4.848626481239088058e+09 1.156593053598702792e+00
5.117173007114609718e+09 1.161940108278048500e+00
5.400593278542373657e+09 1.167388200258959063e+00
5.699711094326075554e+09 1.172935825526879805e+00
6.015395880274832726e+09 1.178581271090060278e+00
6.348565216305210114e+09 1.184322330096906128e+00
6.700187503509576797e+09 1.190156719895918869e+00
7.071284778942981720e+09 1.196082213744256606e+00
7.462935686310145378e+09 1.202096123639238012e+00
7.876278611187063217e+09 1.208195802419652187e+00
8.312514989890631676e+09 1.214378404820683377e+00
8.772912801613355637e+09 1.220641287524839136e+00
9.258810253973945618e+09 1.226981163865045188e+00
9.771619672696161270e+09 1.233395289980653509e+00
1.031283160672186852e+10 1.239880702613052055e+00
1.088401916069007683e+10 1.246434671169695640e+00
1.148684256737554741e+10 1.253054581785443045e+00
1.212305401337652779e+10 1.259737580246823363e+00
1.279450273207873344e+10 1.266481588109398038e+00
1.350314037869872093e+10 1.273284288687035026e+00
1.425102670302996254e+10 1.280144214894180621e+00
1.504033553638022041e+10 1.287059686946664172e+00
1.587336111010205460e+10 1.294029624626467312e+00
1.675252472408210373e+10 1.301053292677044171e+00
1.768038178457208633e+10 1.308130435128627367e+00
1.865962923181745911e+10 1.315261182507856175e+00
1.969311337907421875e+10 1.322445923341436069e+00
2.078383818579755020e+10 1.329685899216370260e+00
2.193497398905055618e+10 1.336982395011262259e+00
2.314986671851165771e+10 1.344336983245099315e+00
2.443204762186491776e+10 1.351751661502148982e+00
2.578524352884276581e+10 1.359229030634595103e+00
2.721338768375308609e+10 1.366771650245558023e+00
2.872063117797828293e+10 1.374381885893017907e+00
3.031135501567576218e+10 1.382062701267865901e+00
3.199018284775060654e+10 1.389816877354619340e+00
3.376199441111333084e+10 1.397646981532993715e+00
3.563193971228576660e+10 1.405555628847180438e+00
3.760545399658160400e+10 1.413545161331028810e+00
3.968827354637165833e+10 1.421617131069448536e+00
4.188645235435270691e+10 1.429773871379560024e+00
4.420637972028530121e+10 1.438015953422511650e+00
4.665479882234468079e+10 1.446344832020436399e+00
4.923882631706731415e+10 1.454760535986838521e+00
5.196597302486207581e+10 1.463263591459126545e+00
5.484416576121026611e+10 1.471853563303807677e+00
5.788177037701280212e+10 1.480530046269920241e+00
6.108761607505039978e+10 1.489292584619006599e+00
6.447102107323869324e+10 1.498140769561177699e+00
6.804181968927093506e+10 1.507073876698453052e+00
7.181039092537341309e+10 1.516091285524061583e+00
7.578768863625914001e+10 1.525193587946975793e+00
7.998527336796691895e+10 1.534380275264245030e+00
8.441534596012959290e+10 1.543652193301136677e+00
8.909078300934143066e+10 1.553010517069458807e+00
9.402517429670132446e+10 1.562456740332220484e+00
9.923286228832545471e+10 1.571992788088139914e+00
1.047289838236357422e+11 1.581620691863105277e+00
1.105295141126019745e+11 1.591343006033075325e+00
1.166513131698198547e+11 1.601162062508826978e+00
1.231121748203892059e+11 1.611080465952665852e+00
1.299308784200417175e+11 1.621100752633647613e+00
1.371272434398400879e+11 1.631224382556474506e+00
1.447221870741134338e+11 1.641453479900647050e+00
1.527377850390712280e+11 1.651789328843662918e+00
1.611973357388155518e+11 1.662232646995474461e+00
1.701254279852585754e+11 1.672784185491657638e+00
1.795480124687826843e+11 1.683444250779902340e+00
1.894924771873815918e+11 1.694212889104433462e+00
1.999877270535286865e+11 1.705091171662778793e+00
2.110642679101554871e+11 1.716079163999279178e+00
2.227542951999556274e+11 1.727177937457566426e+00
2.350917875457284546e+11 1.738389159070082624e+00
2.481126055137765198e+11 1.749714470844929481e+00
2.618545958474237976e+11 1.761156297716557351e+00
2.763577014736163330e+11 1.772717137415632305e+00
2.916640776023706665e+11 1.784399531032659025e+00
3.078182142565079956e+11 1.796205925111945101e+00
3.248670655878374634e+11 1.808138799345976100e+00
3.428601863556583252e+11 1.820199747809372992e+00
3.618498759642742920e+11 1.832390147037181505e+00
3.818913304781846313e+11 1.844711449916494050e+00
4.030428030568041992e+11 1.857164523510414611e+00
4.253657732750374146e+11 1.869750224031881514e+00
4.489251258218607788e+11 1.882469923038513571e+00
4.737893390963143921e+11 1.895325051517939619e+00
5.000306842491090088e+11 1.908317954540333483e+00
5.277254352483532104e+11 1.921450843223878380e+00
5.569540905800124512e+11 1.934726782812721924e+00
5.878016072274924316e+11 1.948148289204874040e+00
6.203576476104281006e+11 1.961717906736224259e+00
6.547168402004742432e+11 1.975438219148967889e+00
6.909790545715645752e+11 1.989310612874420459e+00
7.292496916841444092e+11 2.003337173421971151e+00
7.696399902471151123e+11 2.017518965700118461e+00
8.122673500479703369e+11 2.031858117478253511e+00
8.572556731909306641e+11 2.046356469429194025e+00
9.047357242349274902e+11 2.061016517617409782e+00
9.548455102782264404e+11 2.075841194251281774e+00
1.007730682094457642e+12 2.090833896796612912e+00
1.063544957486011230e+12 2.105997313616081890e+00
1.122450568085305908e+12 2.121334051489577099e+00
1.184618730902682373e+12 2.136846270542095638e+00
1.250230145991453369e+12 2.152536242350886475e+00
1.319475521676708740e+12 2.168405609743497831e+00
1.392556128874464844e+12 2.184457050727709682e+00
1.469684386112447510e+12 2.200693526691910318e+00
1.551084476952840576e+12 2.217118446809113408e+00
1.636993001611701904e+12 2.233735613269713927e+00
1.727659664669034668e+12 2.250547366095588142e+00
1.823348000868438477e+12 2.267556516727991411e+00
1.924336141115976074e+12 2.284765953223931056e+00
2.030917620904730713e+12 2.302178448512976150e+00
2.143402233514850098e+12 2.319796322152037238e+00
2.262116930469017090e+12 2.337623522782296792e+00
2.387406771860646973e+12 2.355663727477785852e+00
2.519635929317013672e+12 2.373920595515607523e+00
2.659188744512690918e+12 2.392397319030237224e+00
2.806470846309833008e+12 2.411096607206240527e+00
2.961910329772559570e+12 2.430021583259789342e+00
3.125959000482284180e+12 2.449176187836748841e+00
3.299093687770942383e+12 2.468564254627963805e+00
3.481817630688966309e+12 2.488189911391871068e+00
3.674661940736687988e+12 2.508056663628457805e+00
3.878187145610719727e+12 2.528168170677421500e+00
4.092984818452434082e+12 2.548528145163837078e+00
4.319679297334164551e+12 2.569139816057818049e+00
4.558929499981049805e+12 2.590008560696526629e+00
4.811430839003245117e+12 2.611138468617095754e+00
5.077917243205382812e+12 2.632533043752466106e+00
5.359163290848514648e+12 2.654197280713978646e+00
5.655986461065001953e+12 2.676134531669360328e+00
5.969249509970727539e+12 2.698349638086154467e+00
6.299862978380680664e+12 2.720847645864968634e+00
6.648787838417276367e+12 2.743633318243351216e+00
7.017038286703836914e+12 2.766710790539898213e+00
7.405684692262442383e+12 2.790084351517903016e+00
7.815856707684090820e+12 2.813759898252611080e+00
8.248746552614581055e+12 2.837741906178629758e+00
8.705612479099856445e+12 2.862036576680775379e+00
9.187782428863320312e+12 2.886647323499622164e+00
9.696657893145500000e+12 2.911580029410426818e+00
1.023371798632517188e+13 2.936840618123236712e+00
1.080052374516249609e+13 2.962435239952800892e+00
1.139872266616047852e+13 2.988368227982795666e+00
1.203005349423324219e+13 3.014645081506509783e+00
1.269635127659972852e+13 3.041272783363222931e+00
1.339955269659337109e+13 3.068256612000960448e+00
1.414170170289021094e+13 3.095603452068556471e+00
1.492495545051832227e+13 3.123318578685650326e+00
1.575159057091624414e+13 3.151409042549895734e+00
1.662400978926613477e+13 3.179880901998194620e+00
1.754474890833459570e+13 3.208740987489203000e+00
1.851648417912153906e+13 3.237995337145540109e+00
1.954204007974051562e+13 3.267652143152132371e+00
2.062439752514088281e+13 3.297717787703096981e+00
2.176670253153454688e+13 3.328199162254033006e+00
2.297227536071146484e+13 3.359103606067977754e+00
2.424462017082320703e+13 3.390439578129025744e+00
2.558743520168578516e+13 3.422212917920218533e+00
2.700462352420682031e+13 3.454432391980795547e+00
2.850030438518105078e+13 3.487107425351446022e+00
3.007882518043095703e+13 3.520243373428715739e+00
3.174477409109187109e+13 3.553850306465965225e+00
3.350299341977236719e+13 3.587936636660787215e+00
3.535859366535182812e+13 3.622510697573744221e+00
3.731696837732755469e+13 3.657579504402866277e+00
3.938380983288489062e+13 3.693156093141944041e+00
4.156512558225988281e+13 3.729246307168499808e+00
4.386725591048494531e+13 3.765861454098038408e+00
4.629689226627258594e+13 3.803009570060934319e+00
4.886109671160316406e+13 3.840701749448618862e+00
5.156732244854953125e+13 3.878947241050565431e+00
5.442343548300250000e+13 3.917756959569332231e+00
5.743773748826563281e+13 3.957140783409595741e+00
6.061898993497571875e+13 3.997110197103527884e+00
6.397643955748423438e+13 4.037675430419016998e+00
6.751984523072494531e+13 4.078847106593756600e+00
7.125950633568396875e+13 4.120637678758801492e+00
7.520629269592421875e+13 4.163058434335903613e+00
7.937167617217559375e+13 4.206122285136816075e+00
8.376776400682925000e+13 4.249840387995240221e+00
8.840733401525062500e+13 4.294224520375072629e+00
9.330387172620360938e+13 4.339288831135403868e+00
9.847160957933764062e+13 4.385046004826752331e+00
1.039255682936710938e+14 4.431508802906749089e+00
1.096816005273135781e+14 4.478691973603135423e+00
1.157564369553301094e+14 4.526608043811767068e+00
1.221677348996788125e+14 4.575272894126688250e+00
1.289341296525710469e+14 4.624699830697074354e+00
1.360752886424333125e+14 4.674904039523525512e+00
1.436119685999077188e+14 4.725900884110023625e+00
1.515660758900601250e+14 4.777706267517783267e+00
1.599607301861484688e+14 4.830335078545734184e+00
1.688203316700366250e+14 4.883804015962713407e+00
1.781706319545732500e+14 4.938131756362401426e+00
1.880388089340916562e+14 4.993332296176432372e+00
1.984535457805803125e+14 5.049425069418814971e+00
2.094451143151468750e+14 5.106428739594236710e+00
2.210454629971019375e+14 5.164358114825811974e+00
2.332883097864153438e+14 5.223235821712510329e+00
2.462092401494620625e+14 5.283078976383639436e+00
2.598458104929241875e+14 5.343906447513689706e+00
2.742376573264941250e+14 5.405740565243245754e+00
2.894266124716740000e+14 5.468600080522791451e+00
3.054568246515431875e+14 5.532508136931689968e+00
3.223748878149026875e+14 5.597484798349689150e+00
3.402299765678064375e+14 5.663551010289634924e+00
3.590739891061047500e+14 5.730731443110117951e+00
3.789616980644723750e+14 5.799047970474263458e+00
3.999509097203669375e+14 5.868524803816826285e+00
4.221026320156903125e+14 5.939184893047049663e+00
4.454812518844988750e+14 6.011055730561040811e+00
4.701547224022129375e+14 6.084161520605332107e+00
4.961947603002898125e+14 6.158527757036315720e+00
5.236770544204645000e+14 6.234180226227734600e+00
5.526814857144591875e+14 6.311147139618149104e+00
5.832923594286188750e+14 6.389458502564465014e+00
6.155986501483488750e+14 6.469140590919438161e+00
6.496942604146098750e+14 6.550224794305296250e+00
6.856782936641737500e+14 6.632738081540539454e+00
7.236553422869650000e+14 6.716712847321181457e+00
7.637357916378011250e+14 6.802180970569527751e+00
8.060361408861328750e+14 6.889177091199027103e+00
8.506793416364170000e+14 6.977730983433122702e+00
8.977951553033331250e+14 7.067879238734447789e+00
9.475205302806547500e+14 7.159652844133125527e+00
1.000000000000000000e+15 7.253091852562953079e+00
