1.000000000000000000e+08 1.638883265420812085e+00
1.055386103036523014e+08 1.639849924149924476e+00
1.113839826482618302e+08 1.640851199484942180e+00
1.175531073878367543e+08 1.641888151412432384e+00
1.240639159058834314e+08 1.642961964748955506e+00
1.309353327353612185e+08 1.644073881169594964e+00
1.381873305653633475e+08 1.645225406662427670e+00
1.458409882943986356e+08 1.646417708616055409e+00
1.539185522990205288e+08 1.647652075448074127e+00
1.624435010958865285e+08 1.648930229246753809e+00
1.714406135851968527e+08 1.650253408116708842e+00
1.809360410738712847e+08 1.651623670871373184e+00
1.909573832878100574e+08 1.653041797859670980e+00
2.015337685941735208e+08 1.654509939602242019e+00
2.126959386668691933e+08 1.656029459702814677e+00
2.244763378413223922e+08 1.657602365572486525e+00
2.369092074182631969e+08 1.659230220235794695e+00
2.500306851906321347e+08 1.660915032349980613e+00
2.638789104828929305e+08 1.662658520558740527e+00
2.784941350080649853e+08 1.664462713660380233e+00
2.939188398646890521e+08 1.666329329018852112e+00
3.101978590138099790e+08 1.668260662673838546e+00
3.273785095948576927e+08 1.670258883779649262e+00
3.455107294592218399e+08 1.672325864627545178e+00
3.646472223212745190e+08 1.674463979713501027e+00
3.848436109487425089e+08 1.676675444285250061e+00
4.061585988376971483e+08 1.678962526466590610e+00
4.286541408420934081e+08 1.681327528460001774e+00
4.523956232538058162e+08 1.683772901400097277e+00
4.774520538566131592e+08 1.686301379241377241e+00
5.038962625065150261e+08 1.688915030483426838e+00
5.318051128214197159e+08 1.691616845692104354e+00
5.612597255954965353e+08 1.694409130966830768e+00
5.923457145875793695e+08 1.697294755737633443e+00
6.251534353689699173e+08 1.700276560920693569e+00
6.597782479539546967e+08 1.703356964940892615e+00
6.963207939763890505e+08 1.706539090877014386e+00
7.348872892180387974e+08 1.709825815156438722e+00
7.755898323389002085e+08 1.713219902914827619e+00
8.185467307069020271e+08 1.716724367605506840e+00
8.638828442740435600e+08 1.720342256703073280e+00
9.117299484984903336e+08 1.724076318724251600e+00
9.622271173675154448e+08 1.727929901462418538e+00
1.015521127634569168e+09 1.731905784065650211e+00
1.071766885445503354e+09 1.736007382319113779e+00
1.131127876593921423e+09 1.740237651892962534e+00
1.193776641714435816e+09 1.744599550538926902e+00
1.259895277795025826e+09 1.749096117119558480e+00
1.329675967466209888e+09 1.753730488332972071e+00
1.403321537605481863e+09 1.758505698290463215e+00
1.481046048880676985e+09 1.763424826229787801e+00
1.563075417945817471e+09 1.768490745286350974e+00
1.649648074098020792e+09 1.773706204495413497e+00
1.741015652304015398e+09 1.779074260253745710e+00
1.837443724610724926e+09 1.784597590678416612e+00
1.939212572065826893e+09 1.790278734075002820e+00
2.046617999391993999e+09 1.796120525723376327e+00
2.159972194782721519e+09 1.802124981773490120e+00
2.279604637318982124e+09 1.808294684085354875e+00
2.405863054644066811e+09 1.814631412783066722e+00
2.539114433680346966e+09 1.821137867867844262e+00
2.679746087325689316e+09 1.827814926003345386e+00
2.828166780230029583e+09 1.834664612854258969e+00
2.984807916924321175e+09 1.841688257241674842e+00
3.150124795755321503e+09 1.848886972159749176e+00
3.324597932270945072e+09 1.856261362613801369e+00
3.508734455902714729e+09 1.863812000396463331e+00
3.703069584005141258e+09 1.871539111179147286e+00
3.908168177536263943e+09 1.879443025749456542e+00
4.124626382901348114e+09 1.887523259630934369e+00
4.353073364731883049e+09 1.895778311613500744e+00
4.594173134636466980e+09 1.904208247380946295e+00
4.848626481239088058e+09 1.912810812606864586e+00
5.117173007114609718e+09 1.921584733771458664e+00
5.400593278542373657e+09 1.930527630096191549e+00
5.699711094326075554e+09 1.939636766551234626e+00
6.015395880274832726e+09 1.948909610393810388e+00
6.348565216305210114e+09 1.958342901493045574e+00
6.700187503509576797e+09 1.967933276725508884e+00
7.071284778942981720e+09 1.977676607430787437e+00
7.462935686310145378e+09 1.987568987643498764e+00
7.876278611187063217e+09 1.997605650108930764e+00
8.312514989890631676e+09 2.007782689630233541e+00
8.772912801613355637e+09 2.018095042124059102e+00
9.258810253973945618e+09 2.028537734724874753e+00
9.771619672696161270e+09 2.039106217699212298e+00
1.031283160672186852e+10 2.049795535281531578e+00
1.088401916069007683e+10 2.060600838848492877e+00
1.148684256737554741e+10 2.071517747026077494e+00
1.212305401337652779e+10 2.082541903676284445e+00
1.279450273207873344e+10 2.093668796641460439e+00
1.350314037869872093e+10 2.104895059059957330e+00
1.425102670302996254e+10 2.116217591358947825e+00
1.504033553638022041e+10 2.127633351388808602e+00
1.587336111010205460e+10 2.139140252546399168e+00
1.675252472408210373e+10 2.150737397108810178e+00
1.768038178457208633e+10 2.162422713046986633e+00
1.865962923181745911e+10 2.174197251228580097e+00
1.969311337907421875e+10 2.186060040760349654e+00
2.078383818579755020e+10 2.198014116969759346e+00
2.193497398905055618e+10 2.210060197560695272e+00
2.314986671851165771e+10 2.222201331413107717e+00
2.443204762186491776e+10 2.234439659995630212e+00
2.578524352884276581e+10 2.246780268128665270e+00
2.721338768375308609e+10 2.259226327713257820e+00
2.872063117797828293e+10 2.271782514828964761e+00
3.031135501567576218e+10 2.284453164240768608e+00
3.199018284775060654e+10 2.297242917101153470e+00
3.376199441111333084e+10 2.310156160923738877e+00
3.563193971228576660e+10 2.323197785865927845e+00
3.760545399658160400e+10 2.336371025960200409e+00
3.968827354637165833e+10 2.349679173101100194e+00
4.188645235435270691e+10 2.363126829454543554e+00
4.420637972028530121e+10 2.376714971228287343e+00
4.665479882234468079e+10 2.390446340040158546e+00
4.923882631706731415e+10 2.404320890895256024e+00
5.196597302486207581e+10 2.418340481525241614e+00
5.484416576121026611e+10 2.432504419236355186e+00
5.788177037701280212e+10 2.446812078009555691e+00
6.108761607505039978e+10 2.461263034183263088e+00
6.447102107323869324e+10 2.475856643761446652e+00
6.804181968927093506e+10 2.490590682047939985e+00
7.181039092537341309e+10 2.505466021791821429e+00
7.578768863625914001e+10 2.520481108105721457e+00
7.998527336796691895e+10 2.535636091074776832e+00
8.441534596012959290e+10 2.550931948066671229e+00
8.909078300934143066e+10 2.566370131591458659e+00
9.402517429670132446e+10 2.581952381037330824e+00
9.923286228832545471e+10 2.597681400147015207e+00
1.047289838236357422e+11 2.613561416039306806e+00
1.105295141126019745e+11 2.629595478386784979e+00
1.166513131698198547e+11 2.645787617603468700e+00
1.231121748203892059e+11 2.662142589901141054e+00
1.299308784200417175e+11 2.678663422688916995e+00
1.371272434398400879e+11 2.695355375014812260e+00
1.447221870741134338e+11 2.712220120075281127e+00
1.527377850390712280e+11 2.729260350483571518e+00
1.611973357388155518e+11 2.746478620697476281e+00
1.701254279852585754e+11 2.763875433770689671e+00
1.795480124687826843e+11 2.781451898737151041e+00
1.894924771873815918e+11 2.799208768289260796e+00
1.999877270535286865e+11 2.817145717571124752e+00
2.110642679101554871e+11 2.835264984715491821e+00
2.227542951999556274e+11 2.853566327638278999e+00
2.350917875457284546e+11 2.872053158543749873e+00
2.481126055137765198e+11 2.890727463548625753e+00
2.618545958474237976e+11 2.909592430638288540e+00
2.763577014736163330e+11 2.928652742638018669e+00
2.916640776023706665e+11 2.947912154742689861e+00
3.078182142565079956e+11 2.967375324315049578e+00
3.248670655878374634e+11 2.987045674423801422e+00
3.428601863556583252e+11 3.006926397254878314e+00
3.618498759642742920e+11 3.027021836777057384e+00
3.818913304781846313e+11 3.047332247120938309e+00
4.030428030568041992e+11 3.067860724282284401e+00
4.253657732750374146e+11 3.088608066140210884e+00
4.489251258218607788e+11 3.109576449621462402e+00
4.737893390963143921e+11 3.130767841439699328e+00
5.000306842491090088e+11 3.152185852032034941e+00
5.277254352483532104e+11 3.173833426444829797e+00
5.569540905800124512e+11 3.195715308024840162e+00
5.878016072274924316e+11 3.217836687245211547e+00
6.203576476104281006e+11 3.240201074460975939e+00
6.547168402004742432e+11 3.262813598060802622e+00
6.909790545715645752e+11 3.285676930972152299e+00
7.292496916841444092e+11 3.308793915688552634e+00
7.696399902471151123e+11 3.332167476825457886e+00
8.122673500479703369e+11 3.355799734619277608e+00
8.572556731909306641e+11 3.379693849741033596e+00
9.047357242349274902e+11 3.403854375526167431e+00
9.548455102782264404e+11 3.428285094709516478e+00
1.007730682094457642e+12 3.452991120908945000e+00
1.063544957486011230e+12 3.477977826338043865e+00
1.122450568085305908e+12 3.503249548328393193e+00
1.184618730902682373e+12 3.528810948854616658e+00
1.250230145991453369e+12 3.554664592918385768e+00
1.319475521676708740e+12 3.580813603574449111e+00
1.392556128874464844e+12 3.607262789330745623e+00
1.469684386112447510e+12 3.634015892002073755e+00
1.551084476952840576e+12 3.661078578448656362e+00
1.636993001611701904e+12 3.688455996707622475e+00
1.727659664669034668e+12 3.716154470853296310e+00
1.823348000868438477e+12 3.744177358142415812e+00
1.924336141115976074e+12 3.772530196219319176e+00
2.030917620904730713e+12 3.801216927879596419e+00
2.143402233514850098e+12 3.830241638546183935e+00
2.262116930469017090e+12 3.859610371771333703e+00
2.387406771860646973e+12 3.889328684901209865e+00
2.519635929317013672e+12 3.919403329879671549e+00
2.659188744512690918e+12 3.949839044656277220e+00
2.806470846309833008e+12 3.980641919934290396e+00
2.961910329772559570e+12 4.011816260190212979e+00
3.125959000482284180e+12 4.043367755960711740e+00
3.299093687770942383e+12 4.075302027542730521e+00
3.481817630688966309e+12 4.107627354383938112e+00
3.674661940736687988e+12 4.140348275025568903e+00
3.878187145610719727e+12 4.173473173336437192e+00
4.092984818452434082e+12 4.207005056346691418e+00
4.319679297334164551e+12 4.240952846960827749e+00
4.558929499981049805e+12 4.275321387162456688e+00
4.811430839003245117e+12 4.310119627824330557e+00
5.077917243205382812e+12 4.345352852177751579e+00
5.359163290848514648e+12 4.381029185391819958e+00
5.655986461065001953e+12 4.417154566443625363e+00
5.969249509970727539e+12 4.453736861986524964e+00
6.299862978380680664e+12 4.490783945497147656e+00
6.648787838417276367e+12 4.528303096960230256e+00
7.017038286703836914e+12 4.566302121102128631e+00
7.405684692262442383e+12 4.604788455086412213e+00
7.815856707684090820e+12 4.643770082859894899e+00
8.248746552614581055e+12 4.683256384500373848e+00
8.705612479099856445e+12 4.723253974968261382e+00
9.187782428863320312e+12 4.763773921022207425e+00
9.696657893145500000e+12 4.804822341640133665e+00
1.023371798632517188e+13 4.846409551298372698e+00
1.080052374516249609e+13 4.888543746188114270e+00
1.139872266616047852e+13 4.931234554908986212e+00
1.203005349423324219e+13 4.974492388596980952e+00
1.269635127659972852e+13 5.018324149501160569e+00
1.339955269659337109e+13 5.062744121681806320e+00
1.414170170289021094e+13 5.107757850321265281e+00
1.492495545051832227e+13 5.153376446235915509e+00
1.575159057091624414e+13 5.199613334272948251e+00
1.662400978926613477e+13 5.246475281601426843e+00
1.754474890833459570e+13 5.293975670886530871e+00
1.851648417912153906e+13 5.342124041136687929e+00
1.954204007974051562e+13 5.390932705449023032e+00
2.062439752514088281e+13 5.440411766560958817e+00
2.176670253153454688e+13 5.490575967664435453e+00
2.297227536071146484e+13 5.541434503820072521e+00
2.424462017082320703e+13 5.592998914655900045e+00
2.558743520168578516e+13 5.645285553814177959e+00
2.700462352420682031e+13 5.698303970946289709e+00
2.850030438518105078e+13 5.752069257105485889e+00
3.007882518043095703e+13 5.806592538772942902e+00
3.174477409109187109e+13 5.861888372448512463e+00
3.350299341977236719e+13 5.917971814202937608e+00
3.535859366535182812e+13 5.974856647167936075e+00
3.731696837732755469e+13 6.032554837934382519e+00
3.938380983288489062e+13 6.091084345867163741e+00
4.156512558225988281e+13 6.150458850598276683e+00
4.386725591048494531e+13 6.210693047191233163e+00
4.629689226627258594e+13 6.271804611350191294e+00
4.886109671160316406e+13 6.333807212758964411e+00
5.156732244854953125e+13 6.396721852984489587e+00
5.442343548300250000e+13 6.460559667510765713e+00
5.743773748826563281e+13 6.525341897793198953e+00
6.061898993497571875e+13 6.591081744027855294e+00
6.397643955748423438e+13 6.657800279244380448e+00
6.751984523072494531e+13 6.725517236026704815e+00
7.125950633568396875e+13 6.794246764816803008e+00
7.520629269592421875e+13 6.864015871874333818e+00
7.937167617217559375e+13 6.934834822938224619e+00
8.376776400682925000e+13 7.006728584355482070e+00
8.840733401525062500e+13 7.079717176676227908e+00
9.330387172620360938e+13 7.153821073463483060e+00
9.847160957933764062e+13 7.229063951665344767e+00
1.039255682936710938e+14 7.305463321449769509e+00
1.096816005273135781e+14 7.383044041764979859e+00
1.157564369553301094e+14 7.461829124003884317e+00
1.221677348996788125e+14 7.541842299219545076e+00
1.289341296525710469e+14 7.623104418159152296e+00
1.360752886424333125e+14 7.705641810143338155e+00
1.436119685999077188e+14 7.789481002917650443e+00
1.515660758900601250e+14 7.874646251990906620e+00
1.599607301861484688e+14 7.961163803524756943e+00
1.688203316700366250e+14 8.049059289308583942e+00
1.781706319545732500e+14 8.138360309536508908e+00
1.880388089340916562e+14 8.229098456814416096e+00
1.984535457805803125e+14 8.321297275686575290e+00
2.094451143151468750e+14 8.414987927803348811e+00
2.210454629971019375e+14 8.510199529734331136e+00
2.332883097864153438e+14 8.606968174126404136e+00
2.462092401494620625e+14 8.705314669619738766e+00
2.598458104929241875e+14 8.805283323750138891e+00
2.742376573264941250e+14 8.906895975438979818e+00
2.894266124716740000e+14 9.010197311603031167e+00
3.054568246515431875e+14 9.115210419289097032e+00
3.223748878149026875e+14 9.221975028435783983e+00
3.402299765678064375e+14 9.330533647752730531e+00
3.590739891061047500e+14 9.440918505768518543e+00
3.789616980644723750e+14 9.553161356587517972e+00
3.999509097203669375e+14 9.667313475338843887e+00
4.221026320156903125e+14 9.783401994847801930e+00
4.454812518844988750e+14 9.901470159584670583e+00
4.701547224022129375e+14 1.002157032794408664e+01
4.961947603002898125e+14 1.014373215851470889e+01
5.236770544204645000e+14 1.026800583055360505e+01
5.526814857144591875e+14 1.039443521582243157e+01
5.832923594286188750e+14 1.052306378740677673e+01
6.155986501483488750e+14 1.065394674116118345e+01
6.496942604146098750e+14 1.078711771526843144e+01
6.856782936641737500e+14 1.092263076811280698e+01
7.236553422869650000e+14 1.106055619545677615e+01
7.637357916378011250e+14 1.120091142978236398e+01
8.060361408861328750e+14 1.134378187458157150e+01
8.506793416364170000e+14 1.148919751401853695e+01
8.977951553033331250e+14 1.163722743417882377e+01
9.475205302806547500e+14 1.178792611997192452e+01
1.000000000000000000e+15 1.194134467006498390e+01
