1.000000000000000000e+08 1.288033579197809253e+00
1.055386103036523014e+08 1.288797632956331984e+00
1.113839826482618302e+08 1.289588820369417688e+00
1.175531073878367543e+08 1.290408268278332216e+00
1.240639159058834314e+08 1.291256811222854406e+00
1.309353327353612185e+08 1.292135604702680851e+00
1.381873305653633475e+08 1.293045429315099248e+00
1.458409882943986356e+08 1.293987650259955657e+00
1.539185522990205288e+08 1.294963120821830849e+00
1.624435010958865285e+08 1.295973285823472265e+00
1.714406135851968527e+08 1.297018809031375897e+00
1.809360410738712847e+08 1.298101359525166032e+00
1.909573832878100574e+08 1.299222078960425186e+00
2.015337685941735208e+08 1.300382169498174534e+00
2.126959386668691933e+08 1.301582889466257775e+00
2.244763378413223922e+08 1.302825784418775168e+00
2.369092074182631969e+08 1.304112084852873554e+00
2.500306851906321347e+08 1.305443421833009099e+00
2.638789104828929305e+08 1.306821051809670564e+00
2.784941350080649853e+08 1.308246524871093053e+00
2.939188398646890521e+08 1.309721553724583876e+00
3.101978590138099790e+08 1.311247626617652484e+00
3.273785095948576927e+08 1.312826298028963112e+00
3.455107294592218399e+08 1.314459542844784279e+00
3.646472223212745190e+08 1.316148793313753451e+00
3.848436109487425089e+08 1.317896025983221975e+00
4.061585988376971483e+08 1.319702943464216238e+00
4.286541408420934081e+08 1.321571535048246648e+00
4.523956232538058162e+08 1.323503480637160834e+00
4.774520538566131592e+08 1.325500930435663305e+00
5.038962625065150261e+08 1.327565948531013618e+00
5.318051128214197159e+08 1.329700411316458553e+00
5.612597255954965353e+08 1.331906268020952799e+00
5.923457145875793695e+08 1.334185822420988377e+00
6.251534353689699173e+08 1.336541257310186914e+00
6.597782479539546967e+08 1.338974582051738249e+00
6.963207939763890505e+08 1.341488288969562959e+00
7.348872892180387974e+08 1.344084473575132499e+00
7.755898323389002085e+08 1.346765439100332973e+00
8.185467307069020271e+08 1.349533431777277803e+00
8.638828442740435600e+08 1.352390960076111037e+00
9.117299484984903336e+08 1.355340362287737577e+00
9.622271173675154448e+08 1.358383843155987147e+00
1.015521127634569168e+09 1.361523965990949048e+00
1.071766885445503354e+09 1.364763221174353003e+00
1.131127876593921423e+09 1.368103819623953443e+00
1.193776641714435816e+09 1.371548338223097963e+00
1.259895277795025826e+09 1.375099224761627825e+00
1.329675967466209888e+09 1.378758645626710910e+00
1.403321537605481863e+09 1.382529086882410718e+00
1.481046048880676985e+09 1.386413032230582099e+00
1.563075417945817471e+09 1.390412721034221866e+00
1.649648074098020792e+09 1.394530164534380390e+00
1.741015652304015398e+09 1.398768096699593011e+00
1.837443724610724926e+09 1.403128356320521242e+00
1.939212572065826893e+09 1.407612797794360660e+00
2.046617999391993999e+09 1.412223916812377356e+00
2.159972194782721519e+09 1.416963064176694598e+00
2.279604637318982124e+09 1.421832449318979119e+00
2.405863054644066811e+09 1.426833441076661879e+00
2.539114433680346966e+09 1.431967699382565629e+00
2.679746087325689316e+09 1.437236554885643391e+00
2.828166780230029583e+09 1.442641132155032313e+00
2.984807916924321175e+09 1.448182637793301364e+00
3.150124795755321503e+09 1.453861630493507251e+00
3.324597932270945072e+09 1.459678916342016075e+00
3.508734455902714729e+09 1.465634793079638509e+00
3.703069584005141258e+09 1.471729404147121612e+00
3.908168177536263943e+09 1.477962909896751942e+00
4.124626382901348114e+09 1.484334344566376362e+00
4.353073364731883049e+09 1.490843743792292786e+00
4.594173134636466980e+09 1.497490070072045931e+00
4.848626481239088058e+09 1.504272037141229923e+00
5.117173007114609718e+09 1.511188273516533176e+00
5.400593278542373657e+09 1.518237040568345853e+00
5.699711094326075554e+09 1.525416237921562113e+00
6.015395880274832726e+09 1.532723804893614039e+00
6.348565216305210114e+09 1.540156662567226054e+00
6.700187503509576797e+09 1.547712698723733293e+00
7.071284778942981720e+09 1.555388385928695438e+00
7.462935686310145378e+09 1.563180569302713208e+00
7.876278611187063217e+09 1.571085797720826349e+00
8.312514989890631676e+09 1.579100610897027579e+00
8.772912801613355637e+09 1.587221039543856627e+00
9.258810253973945618e+09 1.595443688619193834e+00
9.771619672696161270e+09 1.603764218699382571e+00
1.031283160672186852e+10 1.612179382565837260e+00
1.088401916069007683e+10 1.620684922147680229e+00
1.148684256737554741e+10 1.629277635220778064e+00
1.212305401337652779e+10 1.637953879969612947e+00
1.279450273207873344e+10 1.646710798238949502e+00
1.350314037869872093e+10 1.655545278865556247e+00
1.425102670302996254e+10 1.664454773785908781e+00
1.504033553638022041e+10 1.673437472247889746e+00
1.587336111010205460e+10 1.682491595296469855e+00
1.675252472408210373e+10 1.691616252324532832e+00
1.768038178457208633e+10 1.700810326299246888e+00
1.865962923181745911e+10 1.710074133293625565e+00
1.969311337907421875e+10 1.719408246886847680e+00
2.078383818579755020e+10 1.728813724123982709e+00
2.193497398905055618e+10 1.738291845176931583e+00
2.314986671851165771e+10 1.747844724139126837e+00
2.443204762186491776e+10 1.757475326423928230e+00
2.578524352884276581e+10 1.767185869410811350e+00
2.721338768375308609e+10 1.776980258400673307e+00
2.872063117797828293e+10 1.786861640130979589e+00
3.031135501567576218e+10 1.796833694262275349e+00
3.199018284775060654e+10 1.806899628570079130e+00
3.376199441111333084e+10 1.817063200341367812e+00
3.563193971228576660e+10 1.827328192123131023e+00
3.760545399658160400e+10 1.837697467528456308e+00
3.968827354637165833e+10 1.848173308726703379e+00
4.188645235435270691e+10 1.858758196827668741e+00
4.420637972028530121e+10 1.869454385958738918e+00
4.665479882234468079e+10 1.880262999550292413e+00
4.923882631706731415e+10 1.891184627395521956e+00
5.196597302486207581e+10 1.902219841461099348e+00
5.484416576121026611e+10 1.913368800657931468e+00
5.788177037701280212e+10 1.924630486810365193e+00
6.108761607505039978e+10 1.936004582100703253e+00
6.447102107323869324e+10 1.947490446589834834e+00
6.804181968927093506e+10 1.959087436028027929e+00
7.181039092537341309e+10 1.970794363729189147e+00
7.578768863625914001e+10 1.982611374329546150e+00
7.998527336796691895e+10 1.994538746181005795e+00
8.441534596012959290e+10 2.006576703272376250e+00
8.909078300934143066e+10 2.018726723552473512e+00
9.402517429670132446e+10 2.030990511799861675e+00
9.923286228832545471e+10 2.043369863117905805e+00
1.047289838236357422e+11 2.055868334905223804e+00
1.105295141126019745e+11 2.068488100363749194e+00
1.166513131698198547e+11 2.081232805145915243e+00
1.231121748203892059e+11 2.094105911307361900e+00
1.299308784200417175e+11 2.107110639990337209e+00
1.371272434398400879e+11 2.120249025335363413e+00
1.447221870741134338e+11 2.133524063873031285e+00
1.527377850390712280e+11 2.146937688908580277e+00
1.611973357388155518e+11 2.160490843219228463e+00
1.701254279852585754e+11 2.174184610748751467e+00
1.795480124687826843e+11 2.188019625525750023e+00
1.894924771873815918e+11 2.201996427984812765e+00
1.999877270535286865e+11 2.216115205634317853e+00
2.110642679101554871e+11 2.230377019134446748e+00
2.227542951999556274e+11 2.244782269831391286e+00
2.350917875457284546e+11 2.259333281637211588e+00
2.481126055137765198e+11 2.274032129210409092e+00
2.618545958474237976e+11 2.288881344043176114e+00
2.763577014736163330e+11 2.303884613424601824e+00
2.916640776023706665e+11 2.319044881621433074e+00
3.078182142565079956e+11 2.334365602137621121e+00
3.248670655878374634e+11 2.349849974809414821e+00
3.428601863556583252e+11 2.365500357670128118e+00
3.618498759642742920e+11 2.381318991761911974e+00
3.818913304781846313e+11 2.397307454003345661e+00
4.030428030568041992e+11 2.413467156321938312e+00
4.253657732750374146e+11 2.429798879409943879e+00
4.489251258218607788e+11 2.446305053725847500e+00
4.737893390963143921e+11 2.462986521651306493e+00
5.000306842491090088e+11 2.479846200101112341e+00
5.277254352483532104e+11 2.496887053052726291e+00
5.569540905800124512e+11 2.514112909370955773e+00
5.878016072274924316e+11 2.531527243739830624e+00
6.203576476104281006e+11 2.549133060960891317e+00
6.547168402004742432e+11 2.566934496094674056e+00
6.909790545715645752e+11 2.584933092436189739e+00
7.292496916841444092e+11 2.603131960957874913e+00
7.696399902471151123e+11 2.621532310796448328e+00
8.122673500479703369e+11 2.640136465413704503e+00
8.572556731909306641e+11 2.658946967111292192e+00
9.047357242349274902e+11 2.677966966915065417e+00
9.548455102782264404e+11 2.697199901745535033e+00
1.007730682094457642e+12 2.716650294756443262e+00
1.063544957486011230e+12 2.736321857112653078e+00
1.122450568085305908e+12 2.756217757585226469e+00
1.184618730902682373e+12 2.776341074095392436e+00
1.250230145991453369e+12 2.796695063796976743e+00
1.319475521676708740e+12 2.817282187172345242e+00
1.392556128874464844e+12 2.838104670558255993e+00
1.469684386112447510e+12 2.859167704689605571e+00
1.551084476952840576e+12 2.880473950253680027e+00
1.636993001611701904e+12 2.902028618700024598e+00
1.727659664669034668e+12 2.923835487446586612e+00
1.823348000868438477e+12 2.945898454137942490e+00
1.924336141115976074e+12 2.968221393806071973e+00
2.030917620904730713e+12 2.990807188066127331e+00
2.143402233514850098e+12 3.013659157259201304e+00
2.262116930469017090e+12 3.036782405780842353e+00
2.387406771860646973e+12 3.060180591391842064e+00
2.519635929317013672e+12 3.083859769126990003e+00
2.659188744512690918e+12 3.107823513621286171e+00
2.806470846309833008e+12 3.132076040019994512e+00
2.961910329772559570e+12 3.156621457388873342e+00
3.125959000482284180e+12 3.181463593769996212e+00
3.299093687770942383e+12 3.206607592508633253e+00
3.481817630688966309e+12 3.232059729413343518e+00
3.674661940736687988e+12 3.257824230118644859e+00
3.878187145610719727e+12 3.283905671319014008e+00
4.092984818452434082e+12 3.310309050469740555e+00
4.319679297334164551e+12 3.337039121769090677e+00
4.558929499981049805e+12 3.364100627060623960e+00
4.811430839003245117e+12 3.391501232685562250e+00
5.077917243205382812e+12 3.419244431736107703e+00
5.359163290848514648e+12 3.447337526272796104e+00
5.655986461065001953e+12 3.475782938793187782e+00
5.969249509970727539e+12 3.504589316648303754e+00
6.299862978380680664e+12 3.533760512575694790e+00
6.648787838417276367e+12 3.563304797377830013e+00
7.017038286703836914e+12 3.593227060199164491e+00
7.405684692262442383e+12 3.623533446431812521e+00
7.815856707684090820e+12 3.654230074428395092e+00
8.248746552614581055e+12 3.685323709289509253e+00
8.705612479099856445e+12 3.716821931114891786e+00
9.187782428863320312e+12 3.748729608297931115e+00
9.696657893145500000e+12 3.781054546209580813e+00
1.023371798632517188e+13 3.813803682393269501e+00
1.080052374516249609e+13 3.846985210687873025e+00
1.139872266616047852e+13 3.880603974817171675e+00
1.203005349423324219e+13 3.914669367277191725e+00
1.269635127659972852e+13 3.949187588502206303e+00
1.339955269659337109e+13 3.984168724023436692e+00
1.414170170289021094e+13 4.019618019346121507e+00
1.492495545051832227e+13 4.055545007436998972e+00
1.575159057091624414e+13 4.091956714817900576e+00
1.662400978926613477e+13 4.128863326681097234e+00
1.754474890833459570e+13 4.166271722795068300e+00
1.851648417912153906e+13 4.204191493878501440e+00
1.954204007974051562e+13 4.242631531097518227e+00
2.062439752514088281e+13 4.281600773458406728e+00
2.176670253153454688e+13 4.321107850696106922e+00
2.297227536071146484e+13 4.361162526725873789e+00
2.424462017082320703e+13 4.401775135334978550e+00
2.558743520168578516e+13 4.442956390717863080e+00
2.700462352420682031e+13 4.484713568043863674e+00
2.850030438518105078e+13 4.527059229555761455e+00
3.007882518043095703e+13 4.570002443007746606e+00
3.174477409109187109e+13 4.613555112941083891e+00
3.350299341977236719e+13 4.657727284279742364e+00
3.535859366535182812e+13 4.702530538643608260e+00
3.731696837732755469e+13 4.747976502796757536e+00
3.938380983288489062e+13 4.794077359564796303e+00
4.156512558225988281e+13 4.840843566969787126e+00
4.386725591048494531e+13 4.888288856301354457e+00
4.629689226627258594e+13 4.936423127439635294e+00
4.886109671160316406e+13 4.985261447081757780e+00
5.156732244854953125e+13 5.034817051602652249e+00
5.442343548300250000e+13 5.085100999408612488e+00
5.743773748826563281e+13 5.136129329963615042e+00
6.061898993497571875e+13 5.187914418711360831e+00
6.397643955748423438e+13 5.240470330913016284e+00
6.751984523072494531e+13 5.293811080394720925e+00
7.125950633568396875e+13 5.347952447531437947e+00
7.520629269592421875e+13 5.402910509978505083e+00
7.937167617217559375e+13 5.458697689937337394e+00
8.376776400682925000e+13 5.515332809980659334e+00
8.840733401525062500e+13 5.572830750845180425e+00
9.330387172620360938e+13 5.631206084206553442e+00
9.847160957933764062e+13 5.690478892009512180e+00
1.039255682936710938e+14 5.750664175000349765e+00
1.096816005273135781e+14 5.811782397895179919e+00
1.157564369553301094e+14 5.873847965481491684e+00
1.221677348996788125e+14 5.936880105007157127e+00
1.289341296525710469e+14 6.000900018222776744e+00
1.360752886424333125e+14 6.065923358562400836e+00
1.436119685999077188e+14 6.131974233785384421e+00
1.515660758900601250e+14 6.199068536451611600e+00
1.599607301861484688e+14 6.267230235977334196e+00
1.688203316700366250e+14 6.336478744894661119e+00
1.781706319545732500e+14 6.406834047976438740e+00
1.880388089340916562e+14 6.478321318879349811e+00
1.984535457805803125e+14 6.550962616021182683e+00
2.094451143151468750e+14 6.624778690809660198e+00
2.210454629971019375e+14 6.699794772294918488e+00
2.332883097864153438e+14 6.776036809965868990e+00
2.462092401494620625e+14 6.853525587018519438e+00
2.598458104929241875e+14 6.932288442635274883e+00
2.742376573264941250e+14 7.012352104294006239e+00
2.894266124716740000e+14 7.093742643918591106e+00
3.054568246515431875e+14 7.176487807452557099e+00
3.223748878149026875e+14 7.260612926528224875e+00
3.402299765678064375e+14 7.346150830657649955e+00
3.590739891061047500e+14 7.433125502005339946e+00
3.789616980644723750e+14 7.521570149712782261e+00
3.999509097203669375e+14 7.611514883783353724e+00
4.221026320156903125e+14 7.702992144608428404e+00
4.454812518844988750e+14 7.796031704116361816e+00
4.701547224022129375e+14 7.890665348782508914e+00
4.961947603002898125e+14 7.986928854730003913e+00
5.236770544204645000e+14 8.084858277009887573e+00
5.526814857144591875e+14 8.184483317352448495e+00
5.832923594286188750e+14 8.285851320568090372e+00
6.155986501483488750e+14 8.388984517104185912e+00
6.496942604146098750e+14 8.493930046490202557e+00
6.856782936641737500e+14 8.600723815038358921e+00
7.236553422869650000e+14 8.709409819829142307e+00
7.637357916378011250e+14 8.820025698376106504e+00
8.060361408861328750e+14 8.932612274991113210e+00
8.506793416364170000e+14 9.047206243308815843e+00
8.977951553033331250e+14 9.163867773399271499e+00
9.475205302806547500e+14 9.282638742992050496e+00
1.000000000000000000e+15 9.403553260735508346e+00
