1.000000000000000000e+08 6.941414418798992347e-01
1.055386103036523014e+08 6.945777635049252829e-01
1.113839826482618302e+08 6.950296284851871231e-01
1.175531073878367543e+08 6.954975902213933470e-01
1.240639159058834314e+08 6.959821729288085956e-01
1.309353327353612185e+08 6.964838605531277205e-01
1.381873305653633475e+08 6.970033692957987581e-01
1.458409882943986356e+08 6.975412576199213621e-01
1.539185522990205288e+08 6.980981012187709167e-01
1.624435010958865285e+08 6.986747040568455080e-01
1.714406135851968527e+08 6.992715350654634676e-01
1.809360410738712847e+08 6.998893023269618929e-01
1.909573832878100574e+08 7.005289173803928016e-01
2.015337685941735208e+08 7.011908490297548147e-01
2.126959386668691933e+08 7.018758821481674293e-01
2.244763378413223922e+08 7.025850174930169389e-01
2.369092074182631969e+08 7.033187295405010087e-01
2.500306851906321347e+08 7.040781072448908384e-01
2.638789104828929305e+08 7.048637140205427087e-01
2.784941350080649853e+08 7.056765842073723372e-01
2.939188398646890521e+08 7.065175714458483691e-01
3.101978590138099790e+08 7.073876264999640062e-01
3.273785095948576927e+08 7.082874485388541697e-01
3.455107294592218399e+08 7.092182222595343477e-01
3.646472223212745190e+08 7.101808811825790491e-01
3.848436109487425089e+08 7.111762949068023421e-01
4.061585988376971483e+08 7.122056887930512392e-01
4.286541408420934081e+08 7.132698697186377057e-01
4.523956232538058162e+08 7.143701320318913695e-01
4.774520538566131592e+08 7.155073427938908326e-01
5.038962625065150261e+08 7.166827938075177595e-01
5.318051128214197159e+08 7.178974883052190448e-01
5.612597255954965353e+08 7.191526513313842850e-01
5.923457145875793695e+08 7.204494515121961928e-01
6.251534353689699173e+08 7.217890744734593023e-01
6.597782479539546967e+08 7.231727474200825290e-01
6.963207939763890505e+08 7.246016620831916555e-01
7.348872892180387974e+08 7.260770706555924603e-01
7.755898323389002085e+08 7.276002314020194595e-01
8.185467307069020271e+08 7.291724749848005338e-01
8.638828442740435600e+08 7.307950059552305033e-01
9.117299484984903336e+08 7.324691396417730704e-01
9.622271173675154448e+08 7.341961635739834291e-01
1.015521127634569168e+09 7.359774281500075510e-01
1.071766885445503354e+09 7.378141889450642310e-01
1.131127876593921423e+09 7.397078066851666689e-01
1.193776641714435816e+09 7.416595184091880899e-01
1.259895277795025826e+09 7.436705608657516731e-01
1.329675967466209888e+09 7.457423215374625602e-01
1.403321537605481863e+09 7.478759370613011770e-01
1.481046048880676985e+09 7.500727401024557262e-01
1.563075417945817471e+09 7.523338583334515661e-01
1.649648074098020792e+09 7.546605001485869879e-01
1.741015652304015398e+09 7.570537895512257087e-01
1.837443724610724926e+09 7.595147747728941967e-01
1.939212572065826893e+09 7.620444561747331536e-01
2.046617999391993999e+09 7.646438564802333637e-01
2.159972194782721519e+09 7.673141259297947547e-01
2.279604637318982124e+09 7.700556475827664560e-01
2.405863054644066811e+09 7.728695078246365924e-01
2.539114433680346966e+09 7.757562369452828399e-01
2.679746087325689316e+09 7.787163954227267482e-01
2.828166780230029583e+09 7.817506108433083245e-01
2.984807916924321175e+09 7.848590895385760824e-01
3.150124795755321503e+09 7.880422003179832213e-01
3.324597932270945072e+09 7.913000074381464355e-01
3.508734455902714729e+09 7.946324570916114549e-01
3.703069584005141258e+09 7.980395176726066131e-01
3.908168177536263943e+09 8.015208288176358664e-01
4.124626382901348114e+09 8.050759647216731985e-01
4.353073364731883049e+09 8.087044028588626920e-01
4.594173134636466980e+09 8.124053298271968204e-01
4.848626481239088058e+09 8.161779299163361978e-01
5.117173007114609718e+09 8.200211676313445830e-01
5.400593278542373657e+09 8.239338213354133744e-01
5.699711094326075554e+09 8.279144882225154545e-01
6.015395880274832726e+09 8.319618380368557498e-01
6.348565216305210114e+09 8.360741339309224474e-01
6.700187503509576797e+09 8.402498235116258041e-01
7.071284778942981720e+09 8.444868907789635504e-01
7.462935686310145378e+09 8.487836356700684259e-01
7.876278611187063217e+09 8.531377825604711251e-01
8.312514989890631676e+09 8.575475808611179307e-01
8.772912801613355637e+09 8.620108429314009557e-01
9.258810253973945618e+09 8.665255147079075071e-01
9.771619672696161270e+09 8.710896636904102985e-01
1.031283160672186852e+10 8.757012374073450678e-01
1.088401916069007683e+10 8.803583710874436363e-01
1.148684256737554741e+10 8.850594619222927895e-01
1.212305401337652779e+10 8.898026948046471318e-01
1.279450273207873344e+10 8.945867577305978147e-01
1.350314037869872093e+10 8.994106376653903112e-01
1.425102670302996254e+10 9.042731376388258857e-01
1.504033553638022041e+10 9.091736964875121174e-01
1.587336111010205460e+10 9.141117848903828058e-01
1.675252472408210373e+10 9.190874137621490858e-01
1.768038178457208633e+10 9.241008386921151230e-01
1.865962923181745911e+10 9.291522514278187650e-01
1.969311337907421875e+10 9.342425161358944852e-01
2.078383818579755020e+10 9.393729330633433516e-01
2.193497398905055618e+10 9.445443349712259185e-01
2.314986671851165771e+10 9.497587614265469158e-01
2.443204762186491776e+10 9.550174170587123479e-01
2.578524352884276581e+10 9.603223301103666065e-01
2.721338768375308609e+10 9.656754805587840496e-01
2.872063117797828293e+10 9.710786078999392723e-01
3.031135501567576218e+10 9.765337882694719029e-01
3.199018284775060654e+10 9.820428748311220701e-01
3.376199441111333084e+10 9.876075303153077911e-01
3.563193971228576660e+10 9.932292772284583293e-01
3.760545399658160400e+10 9.989094646874592254e-01
3.968827354637165833e+10 1.004649079636422693e+00
4.188645235435270691e+10 1.010449002489289150e+00
4.420637972028530121e+10 1.016309833000672791e+00
4.665479882234468079e+10 1.022231824954376034e+00
4.923882631706731415e+10 1.028214839625599675e+00
5.196597302486207581e+10 1.034258895237131881e+00
5.484416576121026611e+10 1.040363540868889158e+00
5.788177037701280212e+10 1.046528378921951052e+00
6.108761607505039978e+10 1.052753112283610015e+00
6.447102107323869324e+10 1.059037238390411639e+00
6.804181968927093506e+10 1.065380793196079923e+00
7.181039092537341309e+10 1.071783452118634239e+00
7.578768863625914001e+10 1.078245650472743566e+00
7.998527336796691895e+10 1.084767871026311337e+00
8.441534596012959290e+10 1.091350880957309810e+00
8.909078300934143066e+10 1.097996054480378625e+00
9.402517429670132446e+10 1.104704477118591877e+00
9.923286228832545471e+10 1.111477889516760964e+00
1.047289838236357422e+11 1.118318263084634001e+00
1.105295141126019745e+11 1.125226826353061593e+00
1.166513131698198547e+11 1.132205772215334916e+00
1.231121748203892059e+11 1.139256375609976502e+00
1.299308784200417175e+11 1.146380338606276306e+00
1.371272434398400879e+11 1.153578210287322436e+00
1.447221870741134338e+11 1.160851135234078235e+00
1.527377850390712280e+11 1.168199777658876615e+00
1.611973357388155518e+11 1.175624280203016347e+00
1.701254279852585754e+11 1.183124965786998217e+00
1.795480124687826843e+11 1.190702248756461579e+00
1.894924771873815918e+11 1.198356109040216166e+00
1.999877270535286865e+11 1.206087243316683599e+00
2.110642679101554871e+11 1.213896512306340325e+00
2.227542951999556274e+11 1.221784752984625078e+00
2.350917875457284546e+11 1.229753799077797138e+00
2.481126055137765198e+11 1.237804930800638914e+00
2.618545958474237976e+11 1.245940068684139312e+00
2.763577014736163330e+11 1.254161067825723119e+00
2.916640776023706665e+11 1.262469712852975823e+00
3.078182142565079956e+11 1.270867218599922133e+00
3.248670655878374634e+11 1.279354934190395587e+00
3.428601863556583252e+11 1.287933925126721446e+00
3.618498759642742920e+11 1.296604840616506715e+00
3.818913304781846313e+11 1.305368329651054093e+00
4.030428030568041992e+11 1.314225278064573565e+00
4.253657732750374146e+11 1.323176287393562855e+00
4.489251258218607788e+11 1.332222993704454739e+00
4.737893390963143921e+11 1.341366491213171752e+00
5.000306842491090088e+11 1.350608987302978736e+00
5.277254352483532104e+11 1.359952286211107975e+00
5.569540905800124512e+11 1.369398367005204564e+00
5.878016072274924316e+11 1.378948933922883535e+00
6.203576476104281006e+11 1.388605451995080564e+00
6.547168402004742432e+11 1.398369339343637607e+00
6.909790545715645752e+11 1.408241428185085242e+00
7.292496916841444092e+11 1.418222915442110654e+00
7.696399902471151123e+11 1.428314941318667097e+00
8.122673500479703369e+11 1.438519245754874332e+00
8.572556731909306641e+11 1.448837596514353843e+00
9.047357242349274902e+11 1.459272232273327363e+00
9.548455102782264404e+11 1.469825288260297347e+00
1.007730682094457642e+12 1.480498600911751783e+00
1.063544957486011230e+12 1.491293960854304101e+00
1.122450568085305908e+12 1.502213007399331612e+00
1.184618730902682373e+12 1.513256938388369610e+00
1.250230145991453369e+12 1.524427331627160598e+00
1.319475521676708740e+12 1.535726027692899454e+00
1.392556128874464844e+12 1.547155342064425954e+00
1.469684386112447510e+12 1.558717766271740190e+00
1.551084476952840576e+12 1.570415205874346354e+00
1.636993001611701904e+12 1.582249899818734873e+00
1.727659664669034668e+12 1.594224026945104455e+00
1.823348000868438477e+12 1.606338886665321430e+00
1.924336141115976074e+12 1.618596673658357465e+00
2.030917620904730713e+12 1.630999406689653597e+00
2.143402233514850098e+12 1.643549671413611080e+00
2.262116930469017090e+12 1.656250180616027468e+00
2.387406771860646973e+12 1.669103351249590528e+00
2.519635929317013672e+12 1.682111221273247414e+00
2.659188744512690918e+12 1.695276086189909437e+00
2.806470846309833008e+12 1.708600041756042076e+00
2.961910329772559570e+12 1.722085744979928057e+00
3.125959000482284180e+12 1.735736365462269282e+00
3.299093687770942383e+12 1.749554159783365925e+00
3.481817630688966309e+12 1.763541949291541622e+00
3.674661940736687988e+12 1.777702080646586635e+00
3.878187145610719727e+12 1.792037541941741363e+00
4.092984818452434082e+12 1.806550304636262094e+00
4.319679297334164551e+12 1.821244456046299476e+00
4.558929499981049805e+12 1.836122755677928486e+00
4.811430839003245117e+12 1.851187547373646325e+00
5.077917243205382812e+12 1.866442047899662393e+00
5.359163290848514648e+12 1.881889380811952561e+00
5.655986461065001953e+12 1.897532727366287197e+00
5.969249509970727539e+12 1.913375198174242620e+00
6.299862978380680664e+12 1.929420392994120270e+00
6.648787838417276367e+12 1.945671380109964321e+00
7.017038286703836914e+12 1.962131243769103195e+00
7.405684692262442383e+12 1.978803974214160766e+00
7.815856707684090820e+12 1.995692781919193859e+00
8.248746552614581055e+12 2.012801606058297388e+00
8.705612479099856445e+12 2.030133630422641833e+00
9.187782428863320312e+12 2.047692927303117916e+00
9.696657893145500000e+12 2.065483340303222892e+00
1.023371798632517188e+13 2.083508643571446939e+00
1.080052374516249609e+13 2.101772760891916558e+00
1.139872266616047852e+13 2.120279905373716467e+00
1.203005349423324219e+13 2.139033919998379218e+00
1.269635127659972852e+13 2.158039438243844366e+00
1.339955269659337109e+13 2.177300466382096289e+00
1.414170170289021094e+13 2.196821523941710819e+00
1.492495545051832227e+13 2.216606969451776266e+00
1.575159057091624414e+13 2.236661377090122471e+00
1.662400978926613477e+13 2.256989432205611656e+00
1.754474890833459570e+13 2.277596228328669703e+00
1.851648417912153906e+13 2.298486070743384513e+00
1.954204007974051562e+13 2.319664235025856502e+00
2.062439752514088281e+13 2.341136085068083794e+00
2.176670253153454688e+13 2.362906216159056161e+00
2.297227536071146484e+13 2.384980081207289437e+00
2.424462017082320703e+13 2.407363018607480587e+00
2.558743520168578516e+13 2.430060761814802461e+00
2.700462352420682031e+13 2.453079130991869139e+00
2.850030438518105078e+13 2.476423020402762631e+00
3.007882518043095703e+13 2.500098785636266641e+00
3.174477409109187109e+13 2.524112852986151179e+00
3.350299341977236719e+13 2.548470573641651082e+00
3.535859366535182812e+13 2.573178814240884904e+00
3.731696837732755469e+13 2.598243430086258687e+00
3.938380983288489062e+13 2.623671022495954741e+00
4.156512558225988281e+13 2.649468505975486554e+00
4.386725591048494531e+13 2.675642220693841278e+00
4.629689226627258594e+13 2.702199823788721034e+00
4.886109671160316406e+13 2.729147781467209377e+00
5.156732244854953125e+13 2.756493650798864437e+00
5.442343548300250000e+13 2.784244556708354246e+00
5.743773748826563281e+13 2.812408075233677529e+00
6.061898993497571875e+13 2.840992114555207504e+00
6.397643955748423438e+13 2.870004816092904587e+00
6.751984523072494531e+13 2.899453730035878696e+00
7.125950633568396875e+13 2.929347367372507005e+00
7.520629269592421875e+13 2.959694304408430732e+00
7.937167617217559375e+13 2.990502530722357832e+00
8.376776400682925000e+13 3.021782053898652620e+00
8.840733401525062500e+13 3.053539969872419491e+00
9.330387172620360938e+13 3.085788030769708978e+00
9.847160957933764062e+13 3.118532808943225376e+00
1.039255682936710938e+14 3.151785989929981824e+00
1.096816005273135781e+14 3.185557086404405158e+00
1.157564369553301094e+14 3.219855807107909307e+00
1.221677348996788125e+14 3.254692099533882832e+00
1.289341296525710469e+14 3.290077333437881002e+00
1.360752886424333125e+14 3.326022033653303289e+00
1.436119685999077188e+14 3.362536648678256856e+00
1.515660758900601250e+14 3.399633328225422524e+00
1.599607301861484688e+14 3.437323200605889362e+00
1.688203316700366250e+14 3.475617385204396115e+00
1.781706319545732500e+14 3.514529072892856210e+00
1.880388089340916562e+14 3.554069780590285443e+00
1.984535457805803125e+14 3.594252263097540645e+00
2.094451143151468750e+14 3.635090435885361959e+00
2.210454629971019375e+14 3.676596245245175254e+00
2.332883097864153438e+14 3.718783912700451832e+00
2.462092401494620625e+14 3.761667428167113414e+00
2.598458104929241875e+14 3.805260191948502069e+00
2.742376573264941250e+14 3.849577385386163897e+00
2.894266124716740000e+14 3.894633673258777851e+00
3.054568246515431875e+14 3.940444294357460464e+00
3.223748878149026875e+14 3.987025197396514287e+00
3.402299765678064375e+14 4.034391416436440281e+00
3.590739891061047500e+14 4.082561175065945847e+00
3.789616980644723750e+14 4.131548353872625867e+00
3.999509097203669375e+14 4.181372591272750405e+00
4.221026320156903125e+14 4.232049971331727889e+00
4.454812518844988750e+14 4.283599044253021404e+00
4.701547224022129375e+14 4.336038147869706982e+00
4.961947603002898125e+14 4.389386618741120571e+00
5.236770544204645000e+14 4.443663041757929477e+00
5.526814857144591875e+14 4.498887072551505995e+00
5.832923594286188750e+14 4.555079499766494067e+00
6.155986501483488750e+14 4.612261118441219665e+00
6.496942604146098750e+14 4.670453239261253664e+00
6.856782936641737500e+14 4.729676920398159901e+00
7.236553422869650000e+14 4.789956484468659959e+00
7.637357916378011250e+14 4.851312089257852733e+00
8.060361408861328750e+14 4.913768855446027040e+00
8.506793416364170000e+14 4.977351291468704808e+00
8.977951553033331250e+14 5.042082761269769620e+00
9.475205302806547500e+14 5.107988512469771258e+00
1.000000000000000000e+15 5.175095585896518635e+00
