1.000000000000000000e+08 3.270208804701372207e-01
1.055386103036523014e+08 3.274208621748692094e-01
1.113839826482618302e+08 3.278346173609636427e-01
1.175531073878367543e+08 3.282625710266824370e-01
1.240639159058834314e+08 3.287051876272769069e-01
1.309353327353612185e+08 3.291629143246493361e-01
1.381873305653633475e+08 3.296362313628974361e-01
1.458409882943986356e+08 3.301255869046678115e-01
1.539185522990205288e+08 3.306314648738752915e-01
1.624435010958865285e+08 3.311544553856763384e-01
1.714406135851968527e+08 3.316950125622251111e-01
1.809360410738712847e+08 3.322536073446297755e-01
1.909573832878100574e+08 3.328308232930700106e-01
2.015337685941735208e+08 3.334272315770752115e-01
2.126959386668691933e+08 3.340433481201628418e-01
2.244763378413223922e+08 3.346797134155962139e-01
2.369092074182631969e+08 3.353369140321226238e-01
2.500306851906321347e+08 3.360155294664112224e-01
2.638789104828929305e+08 3.367161343527855233e-01
2.784941350080649853e+08 3.374393303825068968e-01
2.939188398646890521e+08 3.381857061131356978e-01
3.101978590138099790e+08 3.389558539300944195e-01
3.273785095948576927e+08 3.397503825001107480e-01
3.455107294592218399e+08 3.405698641916827807e-01
3.646472223212745190e+08 3.414149183065947057e-01
3.848436109487425089e+08 3.422861654419268040e-01
4.061585988376971483e+08 3.431842095468319309e-01
4.286541408420934081e+08 3.441095737357368067e-01
4.523956232538058162e+08 3.450629374881764022e-01
4.774520538566131592e+08 3.460448392891679048e-01
5.038962625065150261e+08 3.470558681886560248e-01
5.318051128214197159e+08 3.480965654605020498e-01
5.612597255954965353e+08 3.491675129532847976e-01
5.923457145875793695e+08 3.502691394642135636e-01
6.251534353689699173e+08 3.514020252282199497e-01
6.597782479539546967e+08 3.525667292841036526e-01
6.963207939763890505e+08 3.537635717385798073e-01
7.348872892180387974e+08 3.549930388024231664e-01
7.755898323389002085e+08 3.562555146821353436e-01
8.185467307069020271e+08 3.575513389897699845e-01
8.638828442740435600e+08 3.588809189400843924e-01
9.117299484984903336e+08 3.602444413421923564e-01
9.622271173675154448e+08 3.616421475255563456e-01
1.015521127634569168e+09 3.630742579727699315e-01
1.071766885445503354e+09 3.645408342478502206e-01
1.131127876593921423e+09 3.660420486519793681e-01
1.193776641714435816e+09 3.675778321042570407e-01
1.259895277795025826e+09 3.691481177455537277e-01
1.329675967466209888e+09 3.707528281170515139e-01
1.403321537605481863e+09 3.723918070655237722e-01
1.481046048880676985e+09 3.740647648181232299e-01
1.563075417945817471e+09 3.757713317334944736e-01
1.649648074098020792e+09 3.775112628058579500e-01
1.741015652304015398e+09 3.792838802290218192e-01
1.837443724610724926e+09 3.810888199401933907e-01
1.939212572065826893e+09 3.829253561122966665e-01
2.046617999391993999e+09 3.847929456685823535e-01
2.159972194782721519e+09 3.866907742369553036e-01
2.279604637318982124e+09 3.886180589823103326e-01
2.405863054644066811e+09 3.905739752850652113e-01
2.539114433680346966e+09 3.925576790280006501e-01
2.679746087325689316e+09 3.945681818396204465e-01
2.828166780230029583e+09 3.966046166985126575e-01
2.984807916924321175e+09 3.986659994035828269e-01
3.150124795755321503e+09 4.007514321446880579e-01
3.324597932270945072e+09 4.028598599765308430e-01
3.508734455902714729e+09 4.049904793778170697e-01
3.703069584005141258e+09 4.071423670148117679e-01
3.908168177536263943e+09 4.093147323285901140e-01
4.124626382901348114e+09 4.115068259317822275e-01
4.353073364731883049e+09 4.137179354876021065e-01
4.594173134636466980e+09 4.159475095254350774e-01
4.848626481239088058e+09 4.181951053447383604e-01
5.117173007114609718e+09 4.204603318269685697e-01
5.400593278542373657e+09 4.227430355514126825e-01
5.699711094326075554e+09 4.250430780089549665e-01
6.015395880274832726e+09 4.273605753964127008e-01
6.348565216305210114e+09 4.296955870830470592e-01
6.700187503509576797e+09 4.320486429180281918e-01
7.071284778942981720e+09 4.344199923021121457e-01
7.462935686310145378e+09 4.368103223179656269e-01
7.876278611187063217e+09 4.392203291892544659e-01
8.312514989890631676e+09 4.416506832404323846e-01
8.772912801613355637e+09 4.441022854210326387e-01
9.258810253973945618e+09 4.465759874263565132e-01
9.771619672696161270e+09 4.490727405237378567e-01
1.031283160672186852e+10 4.515933449182500947e-01
1.088401916069007683e+10 4.541387649294584827e-01
1.148684256737554741e+10 4.567097060484305859e-01
1.212305401337652779e+10 4.593069579054969709e-01
1.279450273207873344e+10 4.619312344223439615e-01
1.350314037869872093e+10 4.645828974726328719e-01
1.425102670302996254e+10 4.672623715944749234e-01
1.504033553638022041e+10 4.699700424742729310e-01
1.587336111010205460e+10 4.727059111910195677e-01
1.675252472408210373e+10 4.754701568843751613e-01
1.768038178457208633e+10 4.782625549064559722e-01
1.865962923181745911e+10 4.810831327046138917e-01
1.969311337907421875e+10 4.839317026951943101e-01
2.078383818579755020e+10 4.868078886913999592e-01
2.193497398905055618e+10 4.897116846774774435e-01
2.314986671851165771e+10 4.926429457931446598e-01
2.443204762186491776e+10 4.956015925708749381e-01
2.578524352884276581e+10 4.985878031863926196e-01
2.721338768375308609e+10 5.016017007535144012e-01
2.872063117797828293e+10 5.046437122722734481e-01
3.031135501567576218e+10 5.077143459483127730e-01
3.199018284775060654e+10 5.108140371995424367e-01
3.376199441111333084e+10 5.139438495663518625e-01
3.563193971228576660e+10 5.171043028736517222e-01
3.760545399658160400e+10 5.202962926918788256e-01
3.968827354637165833e+10 5.235206694763178126e-01
4.188645235435270691e+10 5.267781136442795109e-01
4.420637972028530121e+10 5.300692176320894733e-01
4.665479882234468079e+10 5.333946751213063386e-01
4.923882631706731415e+10 5.367547786646215124e-01
5.196597302486207581e+10 5.401497994770129152e-01
5.484416576121026611e+10 5.435799973556736386e-01
5.788177037701280212e+10 5.470454646977696012e-01
6.108761607505039978e+10 5.505461902825339315e-01
6.447102107323869324e+10 5.540825024705242630e-01
6.804181968927093506e+10 5.576544743068869714e-01
7.181039092537341309e+10 5.612625312927123078e-01
7.578768863625914001e+10 5.649070830566959023e-01
7.998527336796691895e+10 5.685888125367897228e-01
8.441534596012959290e+10 5.723084953996441238e-01
8.909078300934143066e+10 5.760667543037928384e-01
9.402517429670132446e+10 5.798647476694063219e-01
9.923286228832545471e+10 5.837030253158237425e-01
1.047289838236357422e+11 5.875824097733207685e-01
1.105295141126019745e+11 5.915034496392008734e-01
1.166513131698198547e+11 5.954666087686277809e-01
1.231121748203892059e+11 5.994723251789434437e-01
1.299308784200417175e+11 6.035207786562127863e-01
1.371272434398400879e+11 6.076124151973156806e-01
1.447221870741134338e+11 6.117476433118107515e-01
1.527377850390712280e+11 6.159268467091030264e-01
1.611973357388155518e+11 6.201508838525177092e-01
1.701254279852585754e+11 6.244204921727455337e-01
1.795480124687826843e+11 6.287365590654294678e-01
1.894924771873815918e+11 6.331000619082027825e-01
1.999877270535286865e+11 6.375117621791921430e-01
2.110642679101554871e+11 6.419724341399094536e-01
2.227542951999556274e+11 6.464826742079468058e-01
2.350917875457284546e+11 6.510428821959335366e-01
2.481126055137765198e+11 6.556536485323767316e-01
2.618545958474237976e+11 6.603154712334244891e-01
2.763577014736163330e+11 6.650291321001818856e-01
2.916640776023706665e+11 6.697954587091478063e-01
3.078182142565079956e+11 6.746153284285922869e-01
3.248670655878374634e+11 6.794897750424191418e-01
3.428601863556583252e+11 6.844197995551117852e-01
3.618498759642742920e+11 6.894061522095149552e-01
3.818913304781846313e+11 6.944496579988842511e-01
4.030428030568041992e+11 6.995507876566410266e-01
4.253657732750374146e+11 7.047103834303544145e-01
4.489251258218607788e+11 7.099292662635832141e-01
4.737893390963143921e+11 7.152082743382405239e-01
5.000306842491090088e+11 7.205486602562580778e-01
5.277254352483532104e+11 7.259513710975273870e-01
5.569540905800124512e+11 7.314175157910329794e-01
5.878016072274924316e+11 7.369478716942948759e-01
6.203576476104281006e+11 7.425433463657427069e-01
6.547168402004742432e+11 7.482048199944780764e-01
6.909790545715645752e+11 7.539331169514272846e-01
7.292496916841444092e+11 7.597294826716416427e-01
7.696399902471151123e+11 7.655952524829383599e-01
8.122673500479703369e+11 7.715312914403209543e-01
8.572556731909306641e+11 7.775389572751993938e-01
9.047357242349274902e+11 7.836189858198407965e-01
9.548455102782264404e+11 7.897725960713151139e-01
1.007730682094457642e+12 7.960007192263751641e-01
1.063544957486011230e+12 8.023048861833903533e-01
1.122450568085305908e+12 8.086861406157721532e-01
1.184618730902682373e+12 8.151459004948999887e-01
1.250230145991453369e+12 8.216853773710381947e-01
1.319475521676708740e+12 8.283056085149109737e-01
1.392556128874464844e+12 8.350077837008388348e-01
1.469684386112447510e+12 8.417934899514405434e-01
1.551084476952840576e+12 8.486641527647594829e-01
1.636993001611701904e+12 8.556209899013992315e-01
1.727659664669034668e+12 8.626654518496342794e-01
1.823348000868438477e+12 8.697987530137433199e-01
1.924336141115976074e+12 8.770224554960632801e-01
2.030917620904730713e+12 8.843382767321682492e-01
2.143402233514850098e+12 8.917474480165485939e-01
2.262116930469017090e+12 8.992515910849563365e-01
2.387406771860646973e+12 9.068521893298540082e-01
2.519635929317013672e+12 9.145509007765222353e-01
2.659188744512690918e+12 9.223494467719016709e-01
2.806470846309833008e+12 9.302494565005490212e-01
2.961910329772559570e+12 9.382524896006655402e-01
3.125959000482284180e+12 9.463604309542733573e-01
3.299093687770942383e+12 9.545747683518913673e-01
3.481817630688966309e+12 9.628976865202903967e-01
3.674661940736687988e+12 9.713306917459767487e-01
3.878187145610719727e+12 9.798758102593463359e-01
4.092984818452434082e+12 9.885350720563822469e-01
4.319679297334164551e+12 9.973100734068045536e-01
4.558929499981049805e+12 1.006202964926413257e+00
4.811430839003245117e+12 1.015215959143235924e+00
5.077917243205382812e+12 1.024350965778326294e+00
5.359163290848514648e+12 1.033610005159324219e+00
5.655986461065001953e+12 1.042995429915069883e+00
5.969249509970727539e+12 1.052508983915716012e+00
6.299862978380680664e+12 1.062153598727972437e+00
6.648787838417276367e+12 1.071931114446176281e+00
7.017038286703836914e+12 1.081843933303737293e+00
7.405684692262442383e+12 1.091894474782749924e+00
7.815856707684090820e+12 1.102085251911565589e+00
8.248746552614581055e+12 1.112418476427492919e+00
8.705612479099856445e+12 1.122897101153578214e+00
9.187782428863320312e+12 1.133523301427640462e+00
9.696657893145500000e+12 1.144299712188048046e+00
1.023371798632517188e+13 1.155229648276731025e+00
1.080052374516249609e+13 1.166315098481848223e+00
1.139872266616047852e+13 1.177559383651214375e+00
1.203005349423324219e+13 1.188965132482616260e+00
1.269635127659972852e+13 1.200535406540339523e+00
1.339955269659337109e+13 1.212273107833118146e+00
1.414170170289021094e+13 1.224181260020096307e+00
1.492495545051832227e+13 1.236263215624976430e+00
1.575159057091624414e+13 1.248522203186611446e+00
1.662400978926613477e+13 1.260961218215972846e+00
1.754474890833459570e+13 1.273583423395178604e+00
1.851648417912153906e+13 1.286392795407080625e+00
1.954204007974051562e+13 1.299392588922918090e+00
2.062439752514088281e+13 1.312586066466414181e+00
2.176670253153454688e+13 1.325977292139115971e+00
2.297227536071146484e+13 1.339569729190721370e+00
2.424462017082320703e+13 1.353367217527863264e+00
2.558743520168578516e+13 1.367373783049208757e+00
2.700462352420682031e+13 1.381593279379244921e+00
2.850030438518105078e+13 1.396029687710769185e+00
3.007882518043095703e+13 1.410687341829409247e+00
3.174477409109187109e+13 1.425570287583462159e+00
3.350299341977236719e+13 1.440683151394997807e+00
3.535859366535182812e+13 1.456030239106949731e+00
3.731696837732755469e+13 1.471615841264390490e+00
3.938380983288489062e+13 1.487444866591032033e+00
4.156512558225988281e+13 1.503521910601954392e+00
4.386725591048494531e+13 1.519852005648950843e+00
4.629689226627258594e+13 1.536440003218046524e+00
4.886109671160316406e+13 1.553291090119250262e+00
5.156732244854953125e+13 1.570410236723007058e+00
5.442343548300250000e+13 1.587802797404948452e+00
5.743773748826563281e+13 1.605474524256853996e+00
6.061898993497571875e+13 1.623430731993263931e+00
6.397643955748423438e+13 1.641676975088506518e+00
6.751984523072494531e+13 1.660219208934639257e+00
7.125950633568396875e+13 1.679063622208335493e+00
7.520629269592421875e+13 1.698216009444081243e+00
7.937167617217559375e+13 1.717682589394009529e+00
8.376776400682925000e+13 1.737470057695572168e+00
8.840733401525062500e+13 1.757584857230286346e+00
9.330387172620360938e+13 1.778033535246013264e+00
9.847160957933764062e+13 1.798822652482737761e+00
1.039255682936710938e+14 1.819959784798739655e+00
1.096816005273135781e+14 1.841451812173169778e+00
1.157564369553301094e+14 1.863306393587394139e+00
1.221677348996788125e+14 1.885530689769365553e+00
1.289341296525710469e+14 1.908132583738594956e+00
1.360752886424333125e+14 1.931119864070182324e+00
1.436119685999077188e+14 1.954500719779078022e+00
1.515660758900601250e+14 1.978283525456194125e+00
1.599607301861484688e+14 2.002476457024455314e+00
1.688203316700366250e+14 2.027088370068364842e+00
1.781706319545732500e+14 2.052128391918612849e+00
1.880388089340916562e+14 2.077604978896105958e+00
1.984535457805803125e+14 2.103528405008196156e+00
2.094451143151468750e+14 2.129907706479220675e+00
2.210454629971019375e+14 2.156752458994432242e+00
2.332883097864153438e+14 2.184073019257731119e+00
2.462092401494620625e+14 2.211879776629677163e+00
2.598458104929241875e+14 2.240183131102174929e+00
2.742376573264941250e+14 2.268993739261293108e+00
2.894266124716740000e+14 2.298323095648421965e+00
3.054568246515431875e+14 2.328182321430762425e+00
3.223748878149026875e+14 2.358582828630174433e+00
3.402299765678064375e+14 2.389537425269941284e+00
3.590739891061047500e+14 2.421057165071121453e+00
3.789616980644723750e+14 2.453155267309472087e+00
3.999509097203669375e+14 2.485844365604358064e+00
4.221026320156903125e+14 2.519138293226951930e+00
4.454812518844988750e+14 2.553049716863442065e+00
4.701547224022129375e+14 2.587592884260795145e+00
4.961947603002898125e+14 2.622782249104254060e+00
5.236770544204645000e+14 2.658632045140599143e+00
5.526814857144591875e+14 2.695157682842348468e+00
5.832923594286188750e+14 2.732373898507599375e+00
6.155986501483488750e+14 2.770297168634050067e+00
6.496942604146098750e+14 2.808943364015440203e+00
6.856782936641737500e+14 2.848328894247219800e+00
7.236553422869650000e+14 2.888470983511698176e+00
7.637357916378011250e+14 2.929387188955451027e+00
8.060361408861328750e+14 2.971095195738762573e+00
8.506793416364170000e+14 3.013613831344765792e+00
8.977951553033331250e+14 3.056961651002476188e+00
9.475205302806547500e+14 3.101157714318268255e+00
1.000000000000000000e+15 3.146222896616193143e+00
