1.000000000000000000e+08 1.538531929188531766e+00
1.055386103036523014e+08 1.539440406034456199e+00
1.113839826482618302e+08 1.540381560389298077e+00
1.175531073878367543e+08 1.541355869221303854e+00
1.240639159058834314e+08 1.542365039092702617e+00
1.309353327353612185e+08 1.543410073201000099e+00
1.381873305653633475e+08 1.544492241135444699e+00
1.458409882943986356e+08 1.545612622207281017e+00
1.539185522990205288e+08 1.546772791836507066e+00
1.624435010958865285e+08 1.547974010508877507e+00
1.714406135851968527e+08 1.549217671867234358e+00
1.809360410738712847e+08 1.550505102939587099e+00
1.909573832878100574e+08 1.551837896797251926e+00
2.015337685941735208e+08 1.553217610752802180e+00
2.126959386668691933e+08 1.554645717783017300e+00
2.244763378413223922e+08 1.556123857234239072e+00
2.369092074182631969e+08 1.557653680958624109e+00
2.500306851906321347e+08 1.559236947025492537e+00
2.638789104828929305e+08 1.560875477170325043e+00
2.784941350080649853e+08 1.562570906041185648e+00
2.939188398646890521e+08 1.564325117231589068e+00
3.101978590138099790e+08 1.566140103424753516e+00
3.273785095948576927e+08 1.568017907741848571e+00
3.455107294592218399e+08 1.569960423495593949e+00
3.646472223212745190e+08 1.571969605742509657e+00
3.848436109487425089e+08 1.574047833337394176e+00
4.061585988376971483e+08 1.576197140820867704e+00
4.286541408420934081e+08 1.578419521417959492e+00
4.523956232538058162e+08 1.580717733809321235e+00
4.774520538566131592e+08 1.583093714180766831e+00
5.038962625065150261e+08 1.585549897025824162e+00
5.318051128214197159e+08 1.588088643583499548e+00
5.612597255954965353e+08 1.590712758483235234e+00
5.923457145875793695e+08 1.593424517261494477e+00
6.251534353689699173e+08 1.596226540621902723e+00
6.597782479539546967e+08 1.599121245757290977e+00
6.963207939763890505e+08 1.602111519634947578e+00
7.348872892180387974e+08 1.605199948050689107e+00
7.755898323389002085e+08 1.608389451660598546e+00
8.185467307069020271e+08 1.611682434245431672e+00
8.638828442740435600e+08 1.615082143238255385e+00
9.117299484984903336e+08 1.618590975788863906e+00
9.622271173675154448e+08 1.622212339844055995e+00
1.015521127634569168e+09 1.625948368860651749e+00
1.071766885445503354e+09 1.629802468368921398e+00
1.131127876593921423e+09 1.633777296596675477e+00
1.193776641714435816e+09 1.637876104760746410e+00
1.259895277795025826e+09 1.642101313174612276e+00
1.329675967466209888e+09 1.646455946322953112e+00
1.403321537605481863e+09 1.650942756293033886e+00
1.481046048880676985e+09 1.655565030690777872e+00
1.563075417945817471e+09 1.660324976049718071e+00
1.649648074098020792e+09 1.665225474722425991e+00
1.741015652304015398e+09 1.670269276757104793e+00
1.837443724610724926e+09 1.675458789236126567e+00
1.939212572065826893e+09 1.680796898406897721e+00
2.046617999391993999e+09 1.686285343151268101e+00
2.159972194782721519e+09 1.691927122071244849e+00
2.279604637318982124e+09 1.697723913414314723e+00
2.405863054644066811e+09 1.703677509558189751e+00
2.539114433680346966e+09 1.709790338120168007e+00
2.679746087325689316e+09 1.716063508251892911e+00
2.828166780230029583e+09 1.722498897428475395e+00
2.984807916924321175e+09 1.729097464771265136e+00
3.150124795755321503e+09 1.735860344732311766e+00
3.324597932270945072e+09 1.742788317847923096e+00
3.508734455902714729e+09 1.749881718435598810e+00
3.703069584005141258e+09 1.757140979001122316e+00
3.908168177536263943e+09 1.764565892577418582e+00
4.124626382901348114e+09 1.772156000781275997e+00
4.353073364731883049e+09 1.779910992177081708e+00
4.594173134636466980e+09 1.787829612428059267e+00
4.848626481239088058e+09 1.795910516456338701e+00
5.117173007114609718e+09 1.804151768898728081e+00
5.400593278542373657e+09 1.812551845392894601e+00
5.699711094326075554e+09 1.821107981296480549e+00
6.015395880274832726e+09 1.829817829864982315e+00
6.348565216305210114e+09 1.838678186668466497e+00
6.700187503509576797e+09 1.847685430547423957e+00
7.071284778942981720e+09 1.856836511693605640e+00
7.462935686310145378e+09 1.866127201451198925e+00
7.876278611187063217e+09 1.875553542091882520e+00
8.312514989890631676e+09 1.885111101872126049e+00
8.772912801613355637e+09 1.894795899070633949e+00
9.258810253973945618e+09 1.904602715115733202e+00
9.771619672696161270e+09 1.914527623715976290e+00
1.031283160672186852e+10 1.924565644895848360e+00
1.088401916069007683e+10 1.934712637406435620e+00
1.148684256737554741e+10 1.944964047131912288e+00
1.212305401337652779e+10 1.955316000334507587e+00
1.279450273207873344e+10 1.965764369402239087e+00
1.350314037869872093e+10 1.976306191203467622e+00
1.425102670302996254e+10 1.986937927426292161e+00
1.504033553638022041e+10 1.997657232804166627e+00
1.587336111010205460e+10 2.008462113144077854e+00
1.675252472408210373e+10 2.019351271280352300e+00
1.768038178457208633e+10 2.030323683710060223e+00
1.865962923181745911e+10 2.041379440557414160e+00
1.969311337907421875e+10 2.052518810633317869e+00
2.078383818579755020e+10 2.063743082184614774e+00
2.193497398905055618e+10 2.075054118972633699e+00
2.314986671851165771e+10 2.086454227307803500e+00
2.443204762186491776e+10 2.097946488465660675e+00
2.578524352884276581e+10 2.109533902823923945e+00
2.721338768375308609e+10 2.121221124728377649e+00
2.872063117797828293e+10 2.133011460195395781e+00
3.031135501567576218e+10 2.144909246377107781e+00
3.199018284775060654e+10 2.156919504318995262e+00
3.376199441111333084e+10 2.169045656058016025e+00
3.563193971228576660e+10 2.181292114372784585e+00
3.760545399658160400e+10 2.193662454431419384e+00
3.968827354637165833e+10 2.206160055081402671e+00
4.188645235435270691e+10 2.218787882989852189e+00
4.420637972028530121e+10 2.231548118848461826e+00
4.665479882234468079e+10 2.244442467966232257e+00
4.923882631706731415e+10 2.257471667181197628e+00
5.196597302486207581e+10 2.270636583480740267e+00
5.484416576121026611e+10 2.283937074767293129e+00
5.788177037701280212e+10 2.297373133244645427e+00
6.108761607505039978e+10 2.310942959973889543e+00
6.447102107323869324e+10 2.324646526213989262e+00
6.804181968927093506e+10 2.338483113678462288e+00
7.181039092537341309e+10 2.352450910856990429e+00
7.578768863625914001e+10 2.366550355147400531e+00
7.998527336796691895e+10 2.380781473522445957e+00
8.441534596012959290e+10 2.395144556246163514e+00
8.909078300934143066e+10 2.409641480042834516e+00
9.402517429670132446e+10 2.424273376921446399e+00
9.923286228832545471e+10 2.439043737321048511e+00
1.047289838236357422e+11 2.453955370680965586e+00
1.105295141126019745e+11 2.469011734900723898e+00
1.166513131698198547e+11 2.484217389626074635e+00
1.231121748203892059e+11 2.499575241065680409e+00
1.299308784200417175e+11 2.515089316131353669e+00
1.371272434398400879e+11 2.530763656654249516e+00
1.447221870741134338e+11 2.546600652530271791e+00
1.527377850390712280e+11 2.562603054094120480e+00
1.611973357388155518e+11 2.578771559781831257e+00
1.701254279852585754e+11 2.595108259283630758e+00
1.795480124687826843e+11 2.611613612992508937e+00
1.894924771873815918e+11 2.628287809822366317e+00
1.999877270535286865e+11 2.645132036690707622e+00
2.110642679101554871e+11 2.662146577688669247e+00
2.227542951999556274e+11 2.679332692025354401e+00
2.350917875457284546e+11 2.696692422913550491e+00
2.481126055137765198e+11 2.714228459198971599e+00
2.618545958474237976e+11 2.731943983062583570e+00
2.763577014736163330e+11 2.749842574696458541e+00
2.916640776023706665e+11 2.767928233307432428e+00
3.078182142565079956e+11 2.786205319262057500e+00
3.248670655878374634e+11 2.804677174188753508e+00
3.428601863556583252e+11 2.823346851073194941e+00
3.618498759642742920e+11 2.842217442041463205e+00
3.818913304781846313e+11 2.861290477238445540e+00
4.030428030568041992e+11 2.880567916928897798e+00
4.253657732750374146e+11 2.900051131594823861e+00
4.489251258218607788e+11 2.919741712633589170e+00
4.737893390963143921e+11 2.939641566003508011e+00
5.000306842491090088e+11 2.959754696526512685e+00
5.277254352483532104e+11 2.980083565483793162e+00
5.569540905800124512e+11 3.000632214410186460e+00
5.878016072274924316e+11 3.021405852637550460e+00
6.203576476104281006e+11 3.042407784265577675e+00
6.547168402004742432e+11 3.063642034113196910e+00
6.909790545715645752e+11 3.085112745425783842e+00
7.292496916841444092e+11 3.106821358132612509e+00
7.696399902471151123e+11 3.128770725941567132e+00
8.122673500479703369e+11 3.150963385574034881e+00
8.572556731909306641e+11 3.173402209529179618e+00
9.047357242349274902e+11 3.196090803274753700e+00
9.548455102782264404e+11 3.219032833069739308e+00
1.007730682094457642e+12 3.242234057918290002e+00
1.063544957486011230e+12 3.265698579289206815e+00
1.122450568085305908e+12 3.289431118745790084e+00
1.184618730902682373e+12 3.313435193348986729e+00
1.250230145991453369e+12 3.337714089897160008e+00
1.319475521676708740e+12 3.362270616568919568e+00
1.392556128874464844e+12 3.387108617440824698e+00
1.469684386112447510e+12 3.412232154685889363e+00
1.551084476952840576e+12 3.437646389543516978e+00
1.636993001611701904e+12 3.463356593736315325e+00
1.727659664669034668e+12 3.489367658506153713e+00
1.823348000868438477e+12 3.515684147508964852e+00
1.924336141115976074e+12 3.542310644189572866e+00
2.030917620904730713e+12 3.569249779896338737e+00
2.143402233514850098e+12 3.596507209607124000e+00
2.262116930469017090e+12 3.624087844895200750e+00
2.387406771860646973e+12 3.651996203604795266e+00
2.519635929317013672e+12 3.680238911333078899e+00
2.659188744512690918e+12 3.708821490252154796e+00
2.806470846309833008e+12 3.737748239931332872e+00
2.961910329772559570e+12 3.767024115687465979e+00
3.125959000482284180e+12 3.796654617990875114e+00
3.299093687770942383e+12 3.826644307831334579e+00
3.481817630688966309e+12 3.857001162544280159e+00
3.674661940736687988e+12 3.887730252436138123e+00
3.878187145610719727e+12 3.918837687264229874e+00
4.092984818452434082e+12 3.950328643314179988e+00
4.319679297334164551e+12 3.982209090392475392e+00
4.558929499981049805e+12 4.014485732395077555e+00
4.811430839003245117e+12 4.047164549190146232e+00
5.077917243205382812e+12 4.080253075059371959e+00
5.359163290848514648e+12 4.113756935837874273e+00
5.655986461065001953e+12 4.147684165878758655e+00
5.969249509970727539e+12 4.182038623968590940e+00
6.299862978380680664e+12 4.216830674483412977e+00
6.648787838417276367e+12 4.252065750532231014e+00
7.017038286703836914e+12 4.287751586192762865e+00
7.405684692262442383e+12 4.323895246038970797e+00
7.815856707684090820e+12 4.360504430899225348e+00
8.248746552614581055e+12 4.397586810357828391e+00
8.705612479099856445e+12 4.435150685187187136e+00
9.187782428863320312e+12 4.473204040854235508e+00
9.696657893145500000e+12 4.511754225918100047e+00
1.023371798632517188e+13 4.550809420403736816e+00
1.080052374516249609e+13 4.590379341034092953e+00
1.139872266616047852e+13 4.630471748495768480e+00
1.203005349423324219e+13 4.671095936921185299e+00
1.269635127659972852e+13 4.712261864735612704e+00
1.339955269659337109e+13 4.753976927042668166e+00
1.414170170289021094e+13 4.796251237111002652e+00
1.492495545051832227e+13 4.839095722385349241e+00
1.575159057091624414e+13 4.882517014102020880e+00
1.662400978926613477e+13 4.926528092280457294e+00
1.754474890833459570e+13 4.971138254708876936e+00
1.851648417912153906e+13 5.016356749357080425e+00
1.954204007974051562e+13 5.062195162723965858e+00
2.062439752514088281e+13 5.108665282417062414e+00
2.176670253153454688e+13 5.155775774072352213e+00
2.297227536071146484e+13 5.203539539662641822e+00
2.424462017082320703e+13 5.251968309443300953e+00
2.558743520168578516e+13 5.301073511651153147e+00
2.700462352420682031e+13 5.350865816872862446e+00
2.850030438518105078e+13 5.401360722889129384e+00
3.007882518043095703e+13 5.452567045708821780e+00
3.174477409109187109e+13 5.504499032932096192e+00
3.350299341977236719e+13 5.557170742523770635e+00
3.535859366535182812e+13 5.610593724562078499e+00
3.731696837732755469e+13 5.664783541980825454e+00
3.938380983288489062e+13 5.719751860837397395e+00
4.156512558225988281e+13 5.775515894105270220e+00
4.386725591048494531e+13 5.832085755693223739e+00
4.629689226627258594e+13 5.889480085740984805e+00
4.886109671160316406e+13 5.947712407181346528e+00
5.156732244854953125e+13 6.006799379359025970e+00
5.442343548300250000e+13 6.066755071232870833e+00
5.743773748826563281e+13 6.127596224409816550e+00
6.061898993497571875e+13 6.189340465168894134e+00
6.397643955748423438e+13 6.252001608748972927e+00
6.751984523072494531e+13 6.315600887177560629e+00
7.125950633568396875e+13 6.380153773566423325e+00
7.520629269592421875e+13 6.445676965930349667e+00
7.937167617217559375e+13 6.512191381092327092e+00
8.376776400682925000e+13 6.579714598300607342e+00
8.840733401525062500e+13 6.648265273703769296e+00
9.330387172620360938e+13 6.717864929274795394e+00
9.847160957933764062e+13 6.788532746218286285e+00
1.039255682936710938e+14 6.860287526017283533e+00
1.096816005273135781e+14 6.933151199688873945e+00
1.157564369553301094e+14 7.007146122694436485e+00
1.221677348996788125e+14 7.082293373224043620e+00
1.289341296525710469e+14 7.158618164057648059e+00
1.360752886424333125e+14 7.236138249601732575e+00
1.436119685999077188e+14 7.314880749346036382e+00
1.515660758900601250e+14 7.394868702728641274e+00
1.599607301861484688e+14 7.476128092784747103e+00
1.688203316700366250e+14 7.558680522531601831e+00
1.781706319545732500e+14 7.642555508598375624e+00
1.880388089340916562e+14 7.727776426457031889e+00
1.984535457805803125e+14 7.814372604334288042e+00
2.094451143151468750e+14 7.902370146514444471e+00
2.210454629971019375e+14 7.991794173822635017e+00
2.332883097864153438e+14 8.082680281016706658e+00
2.462092401494620625e+14 8.175053882438930941e+00
2.598458104929241875e+14 8.268946275768465526e+00
2.742376573264941250e+14 8.364387265287316353e+00
2.894266124716740000e+14 8.461407228037176154e+00
3.054568246515431875e+14 8.560042472514835410e+00
3.223748878149026875e+14 8.660322580325683361e+00
3.402299765678064375e+14 8.762282523458358341e+00
3.590739891061047500e+14 8.865960101358730583e+00
3.789616980644723750e+14 8.971386475366115221e+00
3.999509097203669375e+14 9.078597514946764591e+00
4.221026320156903125e+14 9.187635730632322861e+00
4.454812518844988750e+14 9.298534645328961901e+00
4.701547224022129375e+14 9.411336705309199857e+00
4.961947603002898125e+14 9.526078790190293688e+00
5.236770544204645000e+14 9.642804346892930312e+00
5.526814857144591875e+14 9.761552190098333526e+00
5.832923594286188750e+14 9.882370826263196406e+00
6.155986501483488750e+14 1.000530154058159837e+01
6.496942604146098750e+14 1.013038802279628214e+01
6.856782936641737500e+14 1.025767505416919434e+01
7.236553422869650000e+14 1.038721662355338893e+01
7.637357916378011250e+14 1.051905652006684910e+01
8.060361408861328750e+14 1.065323985202817525e+01
8.506793416364170000e+14 1.078983058932159089e+01
8.977951553033331250e+14 1.092887012706189687e+01
9.475205302806547500e+14 1.107042474000757437e+01
1.000000000000000000e+15 1.121452822845687258e+01
