1.000000000000000000e+08 6.222378982800423897e-01
1.055386103036523014e+08 6.226397115296480322e-01
1.113839826482618302e+08 6.230559045146656372e-01
1.175531073878367543e+08 6.234867557180425734e-01
1.240639159058834314e+08 6.239329613631209304e-01
1.309353327353612185e+08 6.243950000912846798e-01
1.381873305653633475e+08 6.248733262679060374e-01
1.458409882943986356e+08 6.253685717031343128e-01
1.539185522990205288e+08 6.258813160586770286e-01
1.624435010958865285e+08 6.264120958483788693e-01
1.714406135851968527e+08 6.269615767778952131e-01
1.809360410738712847e+08 6.275303757051605702e-01
1.909573832878100574e+08 6.281190976593692410e-01
2.015337685941735208e+08 6.287284245659655602e-01
2.126959386668691933e+08 6.293590522244986163e-01
2.244763378413223922e+08 6.300116711934196090e-01
2.369092074182631969e+08 6.306870302468267075e-01
2.500306851906321347e+08 6.313858390364811557e-01
2.638789104828929305e+08 6.321088579246184613e-01
2.784941350080649853e+08 6.328568806255153723e-01
2.939188398646890521e+08 6.336306794095331041e-01
3.101978590138099790e+08 6.344312118935881983e-01
3.273785095948576927e+08 6.352591268941886193e-01
3.455107294592218399e+08 6.361153876381618888e-01
3.646472223212745190e+08 6.370009650632874054e-01
3.848436109487425089e+08 6.379166569052782121e-01
4.061585988376971483e+08 6.388633368982071792e-01
4.286541408420934081e+08 6.398421367111477576e-01
4.523956232538058162e+08 6.408538812911476201e-01
4.774520538566131592e+08 6.418996224521191785e-01
5.038962625065150261e+08 6.429803009959109694e-01
5.318051128214197159e+08 6.440970573803627142e-01
5.612597255954965353e+08 6.452508909170094897e-01
5.923457145875793695e+08 6.464428000885351633e-01
6.251534353689699173e+08 6.476740186112119879e-01
6.597782479539546967e+08 6.489454918533531513e-01
6.963207939763890505e+08 6.502583502368722845e-01
7.348872892180387974e+08 6.516138399764398459e-01
7.755898323389002085e+08 6.530129702453427720e-01
8.185467307069020271e+08 6.544569306611419668e-01
8.638828442740435600e+08 6.559468531444194728e-01
9.117299484984903336e+08 6.574840559018602093e-01
9.622271173675154448e+08 6.590694958381693169e-01
1.015521127634569168e+09 6.607044198042206773e-01
1.071766885445503354e+09 6.623900341302402239e-01
1.131127876593921423e+09 6.641274426560853650e-01
1.193776641714435816e+09 6.659177858519341742e-01
1.259895277795025826e+09 6.677622385281460904e-01
1.329675967466209888e+09 6.696619895868957117e-01
1.403321537605481863e+09 6.716179521788852025e-01
1.481046048880676985e+09 6.736314367835113393e-01
1.563075417945817471e+09 6.757033461042727396e-01
1.649648074098020792e+09 6.778348223012382601e-01
1.741015652304015398e+09 6.800267268836095447e-01
1.837443724610724926e+09 6.822800435539043695e-01
1.939212572065826893e+09 6.845956381942066571e-01
2.046617999391993999e+09 6.869743283322845562e-01
2.159972194782721519e+09 6.894169188258961745e-01
2.279604637318982124e+09 6.919240622491072967e-01
2.405863054644066811e+09 6.944964863498384045e-01
2.539114433680346966e+09 6.971346079456670619e-01
2.679746087325689316e+09 6.998389270411095042e-01
2.828166780230029583e+09 7.026096926472320536e-01
2.984807916924321175e+09 7.054473261946591078e-01
3.150124795755321503e+09 7.083518801417977295e-01
3.324597932270945072e+09 7.113233431623356973e-01
3.508734455902714729e+09 7.143616535449868188e-01
3.703069584005141258e+09 7.174665592904463374e-01
3.908168177536263943e+09 7.206377214507824203e-01
4.124626382901348114e+09 7.238746840810449390e-01
4.353073364731883049e+09 7.271767439902082630e-01
4.594173134636466980e+09 7.305432103521433129e-01
4.848626481239088058e+09 7.339731098249773211e-01
5.117173007114609718e+09 7.374655191147265754e-01
5.400593278542373657e+09 7.410190884614642481e-01
5.699711094326075554e+09 7.446327219701726063e-01
6.015395880274832726e+09 7.483048910426874922e-01
6.348565216305210114e+09 7.520342259459755763e-01
6.700187503509576797e+09 7.558188225051437614e-01
7.071284778942981720e+09 7.596572997310234721e-01
7.462935686310145378e+09 7.635476259582973935e-01
7.876278611187063217e+09 7.674881036178260452e-01
8.312514989890631676e+09 7.714770106197776922e-01
8.772912801613355637e+09 7.755123963851326963e-01
9.258810253973945618e+09 7.795923616828971392e-01
9.771619672696161270e+09 7.837151960942508877e-01
1.031283160672186852e+10 7.878792471453075485e-01
1.088401916069007683e+10 7.920828834402005025e-01
1.148684256737554741e+10 7.963247309741086077e-01
1.212305401337652779e+10 8.006034481190695828e-01
1.279450273207873344e+10 8.049179515681704755e-01
1.350314037869872093e+10 8.092672258621018688e-01
1.425102670302996254e+10 8.136507377617565595e-01
1.504033553638022041e+10 8.180678844888920054e-01
1.587336111010205460e+10 8.225187460840402975e-01
1.675252472408210373e+10 8.270032379587523019e-01
1.768038178457208633e+10 8.315217433616062248e-01
1.865962923181745911e+10 8.360750871759150549e-01
1.969311337907421875e+10 8.406640350553343799e-01
2.078383818579755020e+10 8.452895991974019863e-01
2.193497398905055618e+10 8.499529770803100348e-01
2.314986671851165771e+10 8.546559758993880207e-01
2.443204762186491776e+10 8.594001191459195166e-01
2.578524352884276581e+10 8.641868178480205387e-01
2.721338768375308609e+10 8.690181664599218037e-01
2.872063117797828293e+10 8.738958891960175723e-01
3.031135501567576218e+10 8.788213086774040450e-01
3.199018284775060654e+10 8.837963813057558848e-01
3.376199441111333084e+10 8.888221656562238504e-01
3.563193971228576660e+10 8.939001542934567057e-01
3.760545399658160400e+10 8.990312037401615441e-01
3.968827354637165833e+10 9.042162081699259835e-01
4.188645235435270691e+10 9.094556460104420426e-01
4.420637972028530121e+10 9.147497776553475957e-01
4.665479882234468079e+10 9.200986848940880813e-01
4.923882631706731415e+10 9.255022909955157306e-01
5.196597302486207581e+10 9.309602227967510579e-01
5.484416576121026611e+10 9.364722508657329358e-01
5.788177037701280212e+10 9.420379871981309217e-01
6.108761607505039978e+10 9.476569825529751467e-01
6.447102107323869324e+10 9.533292470334220337e-01
6.804181968927093506e+10 9.590544172868276096e-01
7.181039092537341309e+10 9.648327995533197976e-01
7.578768863625914001e+10 9.706649786610330732e-01
7.998527336796691895e+10 9.765515621061199303e-01
8.441534596012959290e+10 9.824933301938856278e-01
8.909078300934143066e+10 9.884916287490741471e-01
9.402517429670132446e+10 9.945479729863074825e-01
9.923286228832545471e+10 1.000663602915891071e+00
1.047289838236357422e+11 1.006840280551022593e+00
1.105295141126019745e+11 1.013079581074714186e+00
1.166513131698198547e+11 1.019382942796894342e+00
1.231121748203892059e+11 1.025751425712833509e+00
1.299308784200417175e+11 1.032186406257769917e+00
1.371272434398400879e+11 1.038688397851633249e+00
1.447221870741134338e+11 1.045257950810588143e+00
1.527377850390712280e+11 1.051895539925561174e+00
1.611973357388155518e+11 1.058601298058138962e+00
1.701254279852585754e+11 1.065375688018949329e+00
1.795480124687826843e+11 1.072218452191890714e+00
1.894924771873815918e+11 1.079130397269171038e+00
1.999877270535286865e+11 1.086112196206885594e+00
2.110642679101554871e+11 1.093164611632048144e+00
2.227542951999556274e+11 1.100288964781084733e+00
2.350917875457284546e+11 1.107486689483292874e+00
2.481126055137765198e+11 1.114759316791782195e+00
2.618545958474237976e+11 1.122108506955235674e+00
2.763577014736163330e+11 1.129535780976062664e+00
2.916640776023706665e+11 1.137042505035987583e+00
3.078182142565079956e+11 1.144629952379906168e+00
3.248670655878374634e+11 1.152298908351137685e+00
3.428601863556583252e+11 1.160050093097166668e+00
3.618498759642742920e+11 1.167884058652778334e+00
3.818913304781846313e+11 1.175801566045881374e+00
4.030428030568041992e+11 1.183803406450333551e+00
4.253657732750374146e+11 1.191890409618876046e+00
4.489251258218607788e+11 1.200064157370424933e+00
4.737893390963143921e+11 1.208325973163285161e+00
5.000306842491090088e+11 1.216677779095199918e+00
5.277254352483532104e+11 1.225121365957483333e+00
5.569540905800124512e+11 1.233658183152406052e+00
5.878016072274924316e+11 1.242289688580118678e+00
6.203576476104281006e+11 1.251017144142022142e+00
6.547168402004742432e+11 1.259841512658259388e+00
6.909790545715645752e+11 1.268763428298832707e+00
7.292496916841444092e+11 1.277784346913257929e+00
7.696399902471151123e+11 1.286905356762280794e+00
8.122673500479703369e+11 1.296128312288428397e+00
8.572556731909306641e+11 1.305454932619808384e+00
9.047357242349274902e+11 1.314887310087227812e+00
9.548455102782264404e+11 1.324427048017822850e+00
1.007730682094457642e+12 1.334075828491201765e+00
1.063544957486011230e+12 1.343835275595109069e+00
1.122450568085305908e+12 1.353706008048525034e+00
1.184618730902682373e+12 1.363690012766656690e+00
1.250230145991453369e+12 1.373788581894858751e+00
1.319475521676708740e+12 1.384003701634039185e+00
1.392556128874464844e+12 1.394337590331422572e+00
1.469684386112447510e+12 1.404791977849996876e+00
1.551084476952840576e+12 1.415369217008328295e+00
1.636993001611701904e+12 1.426070591050036640e+00
1.727659664669034668e+12 1.436898004899551218e+00
1.823348000868438477e+12 1.447852970979957021e+00
1.924336141115976074e+12 1.458937502107332085e+00
2.030917620904730713e+12 1.470153664103645674e+00
2.143402233514850098e+12 1.481503846895016352e+00
2.262116930469017090e+12 1.492990566486497084e+00
2.387406771860646973e+12 1.504615403041976052e+00
2.519635929317013672e+12 1.516380392884523420e+00
2.659188744512690918e+12 1.528287580831808601e+00
2.806470846309833008e+12 1.540339373026281100e+00
2.961910329772559570e+12 1.552537783245582004e+00
3.125959000482284180e+12 1.564885803498751393e+00
3.299093687770942383e+12 1.577385621477548128e+00
3.481817630688966309e+12 1.590039616228772879e+00
3.674661940736687988e+12 1.602849893933225189e+00
3.878187145610719727e+12 1.615818587347319424e+00
4.092984818452434082e+12 1.628949312437124153e+00
4.319679297334164551e+12 1.642243883794248793e+00
4.558929499981049805e+12 1.655705407003515317e+00
4.811430839003245117e+12 1.669336579369930629e+00
5.077917243205382812e+12 1.683139752567537561e+00
5.359163290848514648e+12 1.697117475219584559e+00
5.655986461065001953e+12 1.711273753133901065e+00
5.969249509970727539e+12 1.725610552369237993e+00
6.299862978380680664e+12 1.740131327890633184e+00
6.648787838417276367e+12 1.754838396894470520e+00
7.017038286703836914e+12 1.769735596923389442e+00
7.405684692262442383e+12 1.784825692424456767e+00
7.815856707684090820e+12 1.800112255141198991e+00
8.248746552614581055e+12 1.815598121572034040e+00
8.705612479099856445e+12 1.831286930485368503e+00
9.187782428863320312e+12 1.847181948494565518e+00
9.696657893145500000e+12 1.863286770371620049e+00
1.023371798632517188e+13 1.879604594055523936e+00
1.080052374516249609e+13 1.896139228713496383e+00
1.139872266616047852e+13 1.912894833876936929e+00
1.203005349423324219e+13 1.929874599115793732e+00
1.269635127659972852e+13 1.947082567072710546e+00
1.339955269659337109e+13 1.964522613221788783e+00
1.414170170289021094e+13 1.982198704102824394e+00
1.492495545051832227e+13 2.000114819766118046e+00
1.575159057091624414e+13 2.018275367182546631e+00
1.662400978926613477e+13 2.036684663536937556e+00
1.754474890833459570e+13 2.055346678012573758e+00
1.851648417912153906e+13 2.074265795903988963e+00
1.954204007974051562e+13 2.093447276881839070e+00
2.062439752514088281e+13 2.112895085203075229e+00
2.176670253153454688e+13 2.132613924321998145e+00
2.297227536071146484e+13 2.152608600171190822e+00
2.424462017082320703e+13 2.172884177492854008e+00
2.558743520168578516e+13 2.193445883771385496e+00
2.700462352420682031e+13 2.214298561188265069e+00
2.850030438518105078e+13 2.235447296734894618e+00
3.007882518043095703e+13 2.256897756553840395e+00
3.174477409109187109e+13 2.278655134371708080e+00
3.350299341977236719e+13 2.300724964950632057e+00
3.535859366535182812e+13 2.323113354122001262e+00
3.731696837732755469e+13 2.345825854031571289e+00
3.938380983288489062e+13 2.368867716947852919e+00
4.156512558225988281e+13 2.392246250039145039e+00
4.386725591048494531e+13 2.415967085392834335e+00
4.629689226627258594e+13 2.440035754246859590e+00
4.886109671160316406e+13 2.464459931464149101e+00
5.156732244854953125e+13 2.489245659912398878e+00
5.442343548300250000e+13 2.514399544649133844e+00
5.743773748826563281e+13 2.539928971481309805e+00
6.061898993497571875e+13 2.565840337353829437e+00
6.397643955748423438e+13 2.592141182540235622e+00
6.751984523072494531e+13 2.618839180284452173e+00
7.125950633568396875e+13 2.645941079378193894e+00
7.520629269592421875e+13 2.673455614270852099e+00
7.937167617217559375e+13 2.701389483416254400e+00
8.376776400682925000e+13 2.729751241806833928e+00
8.840733401525062500e+13 2.758549628496990369e+00
9.330387172620360938e+13 2.787792029745813416e+00
9.847160957933764062e+13 2.817487976719101450e+00
1.039255682936710938e+14 2.847645494819262879e+00
1.096816005273135781e+14 2.878273895289035433e+00
1.157564369553301094e+14 2.909382627821103906e+00
1.221677348996788125e+14 2.940980513218522052e+00
1.289341296525710469e+14 2.973077921738667584e+00
1.360752886424333125e+14 3.005683868243191004e+00
1.436119685999077188e+14 3.038808740467393132e+00
1.515660758900601250e+14 3.072462232850164288e+00
1.599607301861484688e+14 3.106656774184348269e+00
1.688203316700366250e+14 3.141400511366714721e+00
1.781706319545732500e+14 3.176706079635162272e+00
1.880388089340916562e+14 3.212584126802863871e+00
1.984535457805803125e+14 3.249046636585143144e+00
2.094451143151468750e+14 3.286105926564439894e+00
2.210454629971019375e+14 3.323773112228596283e+00
2.332883097864153438e+14 3.362060141313607531e+00
2.462092401494620625e+14 3.400981342564282084e+00
2.598458104929241875e+14 3.440547995119944691e+00
2.742376573264941250e+14 3.480774436916333148e+00
2.894266124716740000e+14 3.521673215833659221e+00
3.054568246515431875e+14 3.563258959625033917e+00
3.223748878149026875e+14 3.605546302630711075e+00
3.402299765678064375e+14 3.648548916413175913e+00
3.590739891061047500e+14 3.692282005634074604e+00
3.789616980644723750e+14 3.736761143145164610e+00
3.999509097203669375e+14 3.782001205702588909e+00
4.221026320156903125e+14 3.828019239267547391e+00
4.454812518844988750e+14 3.874830814413052771e+00
4.701547224022129375e+14 3.922453371833437341e+00
4.961947603002898125e+14 3.970903717674817202e+00
5.236770544204645000e+14 4.020199238513211704e+00
5.526814857144591875e+14 4.070359132000496594e+00
5.832923594286188750e+14 4.121400784160566211e+00
6.155986501483488750e+14 4.173344047414004443e+00
6.496942604146098750e+14 4.226207269618596385e+00
6.856782936641737500e+14 4.280010658609918472e+00
7.236553422869650000e+14 4.334775696380136267e+00
7.637357916378011250e+14 4.390521827699710222e+00
8.060361408861328750e+14 4.447270824669166345e+00
8.506793416364170000e+14 4.505045388080921143e+00
8.977951553033331250e+14 4.563869066482983960e+00
9.475205302806547500e+14 4.623762887757214557e+00
1.000000000000000000e+15 4.684751312155452929e+00
