1.000000000000000000e+08 1.563613525226741130e+00
1.055386103036523014e+08 1.564536737585328519e+00
1.113839826482618302e+08 1.565492649294185190e+00
1.175531073878367543e+08 1.566482768048401475e+00
1.240639159058834314e+08 1.567508152279784239e+00
1.309353327353612185e+08 1.568569753409738032e+00
1.381873305653633475e+08 1.569669205492967512e+00
1.458409882943986356e+08 1.570807252859037551e+00
1.539185522990205288e+08 1.571986118305391811e+00
1.624435010958865285e+08 1.573206639132760598e+00
1.714406135851968527e+08 1.574470196899128371e+00
1.809360410738712847e+08 1.575778238554503830e+00
1.909573832878100574e+08 1.577132428391602614e+00
2.015337685941735208e+08 1.578534091746361723e+00
2.126959386668691933e+08 1.579985182153461176e+00
2.244763378413223922e+08 1.581486844427664185e+00
2.369092074182631969e+08 1.583041309580962341e+00
2.500306851906321347e+08 1.584649781460262252e+00
2.638789104828929305e+08 1.586314615224522218e+00
2.784941350080649853e+08 1.588037152251806861e+00
2.939188398646890521e+08 1.589819456656457852e+00
3.101978590138099790e+08 1.591663657394706499e+00
3.273785095948576927e+08 1.593571406514082467e+00
3.455107294592218399e+08 1.595545142858762810e+00
3.646472223212745190e+08 1.597586420203967350e+00
3.848436109487425089e+08 1.599697916309120949e+00
4.061585988376971483e+08 1.601881390734128052e+00
4.286541408420934081e+08 1.604139569697167644e+00
4.523956232538058162e+08 1.606474553182607679e+00
4.774520538566131592e+08 1.608888483367001854e+00
5.038962625065150261e+08 1.611383969984281350e+00
5.318051128214197159e+08 1.613963678177405825e+00
5.612597255954965353e+08 1.616629757271321743e+00
5.923457145875793695e+08 1.619384883235003070e+00
6.251534353689699173e+08 1.622231585270007992e+00
6.597782479539546967e+08 1.625172809762053028e+00
6.963207939763890505e+08 1.628210997492343326e+00
7.348872892180387974e+08 1.631348950190948610e+00
7.755898323389002085e+08 1.634589562996504375e+00
8.185467307069020271e+08 1.637935427004389100e+00
8.638828442740435600e+08 1.641389551768742683e+00
9.117299484984903336e+08 1.644954706828557711e+00
9.622271173675154448e+08 1.648633968988820087e+00
1.015521127634569168e+09 1.652429975578908028e+00
1.071766885445503354e+09 1.656346076327491534e+00
1.131127876593921423e+09 1.660384613355113004e+00
1.193776641714435816e+09 1.664549064845333159e+00
1.259895277795025826e+09 1.668842086939450020e+00
1.329675967466209888e+09 1.673266478600830443e+00
1.403321537605481863e+09 1.677825352243433876e+00
1.481046048880676985e+09 1.682521722095712713e+00
1.563075417945817471e+09 1.687358058959851803e+00
1.649648074098020792e+09 1.692337195734113564e+00
1.741015652304015398e+09 1.697462087182134871e+00
1.837443724610724926e+09 1.702735217662128431e+00
1.939212572065826893e+09 1.708158668452863571e+00
2.046617999391993999e+09 1.713735478682430147e+00
2.159972194782721519e+09 1.719467789862130003e+00
2.279604637318982124e+09 1.725357805052376126e+00
2.405863054644066811e+09 1.731407322052547659e+00
2.539114433680346966e+09 1.737618052070774022e+00
2.679746087325689316e+09 1.743992414321797080e+00
2.828166780230029583e+09 1.750531196618518193e+00
2.984807916924321175e+09 1.757236012227557653e+00
3.150124795755321503e+09 1.764107558578113855e+00
3.324597932270945072e+09 1.771147165474729723e+00
3.508734455902714729e+09 1.778354752309124098e+00
3.703069584005141258e+09 1.785730869425345757e+00
3.908168177536263943e+09 1.793275421543310877e+00
4.124626382901348114e+09 1.800988067933661618e+00
4.353073364731883049e+09 1.808867975325280764e+00
4.594173134636466980e+09 1.816914229477532450e+00
4.848626481239088058e+09 1.825125283948275001e+00
5.117173007114609718e+09 1.833499834479731749e+00
5.400593278542373657e+09 1.842035454596920863e+00
5.699711094326075554e+09 1.850729795165928060e+00
6.015395880274832726e+09 1.859580185672274677e+00
6.348565216305210114e+09 1.868583747611353596e+00
6.700187503509576797e+09 1.877736693648554001e+00
7.071284778942981720e+09 1.887035740419749974e+00
7.462935686310145378e+09 1.896476776746684134e+00
7.876278611187063217e+09 1.906055596091887017e+00
8.312514989890631676e+09 1.915768048931243639e+00
8.772912801613355637e+09 1.925609544853634780e+00
9.258810253973945618e+09 1.935575459996791148e+00
9.771619672696161270e+09 1.945660989771653027e+00
1.031283160672186852e+10 1.955861829091378290e+00
1.088401916069007683e+10 1.966173270090330272e+00
1.148684256737554741e+10 1.976590983456093520e+00
1.212305401337652779e+10 1.987110696797612652e+00
1.279450273207873344e+10 1.997728771555170812e+00
1.350314037869872093e+10 2.008441731984075052e+00
1.425102670302996254e+10 2.019246058625229878e+00
1.504033553638022041e+10 2.030139448522461088e+00
1.587336111010205460e+10 2.041119681346389658e+00
1.675252472408210373e+10 2.052185703736128186e+00
1.768038178457208633e+10 2.063336445875914915e+00
1.865962923181745911e+10 2.074571540352557975e+00
1.969311337907421875e+10 2.085891897884085910e+00
2.078383818579755020e+10 2.097298575331437931e+00
2.193497398905055618e+10 2.108793086752246637e+00
2.314986671851165771e+10 2.120378593632501918e+00
2.443204762186491776e+10 2.132057288720623056e+00
2.578524352884276581e+10 2.143833052428963715e+00
2.721338768375308609e+10 2.155709614219237125e+00
2.872063117797828293e+10 2.167691261151682980e+00
3.031135501567576218e+10 2.179782661233900853e+00
3.199018284775060654e+10 2.191987222593892781e+00
3.376199441111333084e+10 2.204310172229028364e+00
3.563193971228576660e+10 2.216755175534171673e+00
3.760545399658160400e+10 2.229326369547401487e+00
3.968827354637165833e+10 2.242026675508757894e+00
4.188645235435270691e+10 2.254858976880615984e+00
4.420637972028530121e+10 2.267826050141035665e+00
4.665479882234468079e+10 2.280929373518112424e+00
4.923882631706731415e+10 2.294169948851903840e+00
5.196597302486207581e+10 2.307548820816289314e+00
5.484416576121026611e+10 2.321064903380988476e+00
5.788177037701280212e+10 2.334718781079979877e+00
6.108761607505039978e+10 2.348508784660565674e+00
6.447102107323869324e+10 2.362434918141899320e+00
6.804181968927093506e+10 2.376495518368935134e+00
7.181039092537341309e+10 2.390689981938671771e+00
7.578768863625914001e+10 2.405018286781833936e+00
7.998527336796691895e+10 2.419480218325726462e+00
8.441534596012959290e+10 2.434076376894435345e+00
8.909078300934143066e+10 2.448808683316384016e+00
9.402517429670132446e+10 2.463678321753558276e+00
9.923286228832545471e+10 2.478688134247784891e+00
1.047289838236357422e+11 2.493841587287534356e+00
1.105295141126019745e+11 2.509142623395871130e+00
1.166513131698198547e+11 2.524594350990020608e+00
1.231121748203892059e+11 2.540201371956190446e+00
1.299308784200417175e+11 2.555967372820720840e+00
1.371272434398400879e+11 2.571896018101305970e+00
1.447221870741134338e+11 2.587989402519505600e+00
1.527377850390712280e+11 2.604251125978394921e+00
1.611973357388155518e+11 2.620682139458350157e+00
1.701254279852585754e+11 2.637283953085652666e+00
1.795480124687826843e+11 2.654056493149541840e+00
1.894924771873815918e+11 2.671001642374962071e+00
1.999877270535286865e+11 2.688118734800752030e+00
2.110642679101554871e+11 2.705409180383210099e+00
2.227542951999556274e+11 2.722873942457537666e+00
2.350917875457284546e+11 2.740515460723246477e+00
2.481126055137765198e+11 2.758336225591170976e+00
2.618545958474237976e+11 2.776338578855517270e+00
2.763577014736163330e+11 2.794527662931163281e+00
2.916640776023706665e+11 2.812906490101607204e+00
3.078182142565079956e+11 2.831479606646165159e+00
3.248670655878374634e+11 2.850251221723560935e+00
3.428601863556583252e+11 2.869223512472216520e+00
3.618498759642742920e+11 2.888400339462497080e+00
3.818913304781846313e+11 2.907782346847265664e+00
4.030428030568041992e+11 2.927372600338924880e+00
4.253657732750374146e+11 2.947171526582152978e+00
4.489251258218607788e+11 2.967181553905544611e+00
4.737893390963143921e+11 2.987404447476000424e+00
5.000306842491090088e+11 3.007843030980541510e+00
5.277254352483532104e+11 3.028501544406584589e+00
5.569540905800124512e+11 3.049383521395350627e+00
5.878016072274924316e+11 3.070493404967579387e+00
6.203576476104281006e+11 3.091836231732336238e+00
6.547168402004742432e+11 3.113415552315573542e+00
6.909790545715645752e+11 3.135233369277274473e+00
7.292496916841444092e+11 3.157293960308631409e+00
7.696399902471151123e+11 3.179599467258587442e+00
8.122673500479703369e+11 3.202151651464177462e+00
8.572556731909306641e+11 3.224954357644906899e+00
9.047357242349274902e+11 3.248010357279968119e+00
9.548455102782264404e+11 3.271324334757832908e+00
1.007730682094457642e+12 3.294902112446838061e+00
1.063544957486011230e+12 3.318746852990409835e+00
1.122450568085305908e+12 3.342863951219750884e+00
1.184618730902682373e+12 3.367257259708499983e+00
1.250230145991453369e+12 3.391929336414585716e+00
1.319475521676708740e+12 3.416884295557149898e+00
1.392556128874464844e+12 3.442124434381800935e+00
1.469684386112447510e+12 3.467655648987128636e+00
1.551084476952840576e+12 3.493481159988522489e+00
1.636993001611701904e+12 3.519608029125044002e+00
1.727659664669034668e+12 3.546040824313522855e+00
1.823348000868438477e+12 3.572783997925249366e+00
1.924336141115976074e+12 3.599841415837112812e+00
2.030917620904730713e+12 3.627218046151882813e+00
2.143402233514850098e+12 3.654916885878756627e+00
2.262116930469017090e+12 3.682943657507864899e+00
2.387406771860646973e+12 3.711304466691437653e+00
2.519635929317013672e+12 3.740004955225396888e+00
2.659188744512690918e+12 3.769050756223931931e+00
2.806470846309833008e+12 3.798446090379671958e+00
2.961910329772559570e+12 3.828196747051140214e+00
3.125959000482284180e+12 3.858306630913197033e+00
3.299093687770942383e+12 3.888782424544642069e+00
3.481817630688966309e+12 3.919631330468186903e+00
3.674661940736687988e+12 3.950858181328813945e+00
3.878187145610719727e+12 3.982469272839654462e+00
4.092984818452434082e+12 4.014470501384841405e+00
4.319679297334164551e+12 4.046867394636286974e+00
4.558929499981049805e+12 4.079665920825088499e+00
4.811430839003245117e+12 4.112874513615615513e+00
5.077917243205382812e+12 4.146499052549674325e+00
5.359163290848514648e+12 4.180546193729638205e+00
5.655986461065001953e+12 4.215022196058876958e+00
5.969249509970727539e+12 4.249933912364006972e+00
6.299862978380680664e+12 4.285288502346969786e+00
6.648787838417276367e+12 4.321094374423966933e+00
7.017038286703836914e+12 4.357358605240160720e+00
7.405684692262442383e+12 4.394087283895696139e+00
7.815856707684090820e+12 4.431289650960542836e+00
8.248746552614581055e+12 4.468972378224763453e+00
8.705612479099856445e+12 4.507144805024500656e+00
9.187782428863320312e+12 4.545814201357879725e+00
9.696657893145500000e+12 4.584988043086672072e+00
1.023371798632517188e+13 4.624676815431980614e+00
1.080052374516249609e+13 4.664886866027505796e+00
1.139872266616047852e+13 4.705629383980926228e+00
1.203005349423324219e+13 4.746911291151205248e+00
1.269635127659972852e+13 4.788743307065296939e+00
1.339955269659337109e+13 4.831133921475782245e+00
1.414170170289021094e+13 4.874093276043409695e+00
1.492495545051832227e+13 4.917629743077212900e+00
1.575159057091624414e+13 4.961755234874925868e+00
1.662400978926613477e+13 5.006478462640385985e+00
1.754474890833459570e+13 5.051810762396130805e+00
1.851648417912153906e+13 5.097761235316666806e+00
1.954204007974051562e+13 5.144341316397061270e+00
2.062439752514088281e+13 5.191563471257382822e+00
2.176670253153454688e+13 5.239437391354681672e+00
2.297227536071146484e+13 5.287974625841152410e+00
2.424462017082320703e+13 5.337187070996743721e+00
2.558743520168578516e+13 5.387087067736505475e+00
2.700462352420682031e+13 5.437685602365106341e+00
2.850030438518105078e+13 5.488997143468350437e+00
3.007882518043095703e+13 5.541032154339111671e+00
3.174477409109187109e+13 5.593805430780586008e+00
3.350299341977236719e+13 5.647329427792024070e+00
3.535859366535182812e+13 5.701617123055426894e+00
3.731696837732755469e+13 5.756683186562871590e+00
3.938380983288489062e+13 5.812541722740949268e+00
4.156512558225988281e+13 5.869206099409819188e+00
4.386725591048494531e+13 5.926692587525546507e+00
4.629689226627258594e+13 5.985016215143842189e+00
4.886109671160316406e+13 6.044190428613016586e+00
5.156732244854953125e+13 6.104232924980599329e+00
5.442343548300250000e+13 6.165159477314194447e+00
5.743773748826563281e+13 6.226984816469998130e+00
6.061898993497571875e+13 6.289726353046447116e+00
6.397643955748423438e+13 6.353402767342450019e+00
6.751984523072494531e+13 6.418030262359766702e+00
7.125950633568396875e+13 6.483627713087870781e+00
7.520629269592421875e+13 6.550211446476216892e+00
7.937167617217559375e+13 6.617802599803410679e+00
8.376776400682925000e+13 6.686416601829961337e+00
8.840733401525062500e+13 6.756076557355050305e+00
9.330387172620360938e+13 6.826801671692749984e+00
9.847160957933764062e+13 6.898612434194237863e+00
1.039255682936710938e+14 6.971526712248169666e+00
1.096816005273135781e+14 7.045570491751300679e+00
1.157564369553301094e+14 7.120762968304052087e+00
1.221677348996788125e+14 7.197124796356925813e+00
1.289341296525710469e+14 7.274682243123061554e+00
1.360752886424333125e+14 7.353456982183213420e+00
1.436119685999077188e+14 7.433472633278317865e+00
1.515660758900601250e+14 7.514754297280322959e+00
1.599607301861484688e+14 7.597326452061052393e+00
1.688203316700366250e+14 7.681214670657617205e+00
1.781706319545732500e+14 7.766446321389992136e+00
1.880388089340916562e+14 7.853045619649388520e+00
1.984535457805803125e+14 7.941039509099826255e+00
2.094451143151468750e+14 8.030459535601069732e+00
2.210454629971019375e+14 8.121330455894131717e+00
2.332883097864153438e+14 8.213685961912922551e+00
2.462092401494620625e+14 8.307553573583005502e+00
2.598458104929241875e+14 8.402962118550577841e+00
2.742376573264941250e+14 8.499945548102727955e+00
2.894266124716740000e+14 8.598536515202120256e+00
3.054568246515431875e+14 8.698761425153310967e+00
3.223748878149026875e+14 8.800663056257731043e+00
3.402299765678064375e+14 8.904273140833351974e+00
3.590739891061047500e+14 9.009623279120926753e+00
3.789616980644723750e+14 9.116756547520186160e+00
3.999509097203669375e+14 9.225700995056392628e+00
4.221026320156903125e+14 9.336499975792806438e+00
4.454812518844988750e+14 9.449190298151984635e+00
4.701547224022129375e+14 9.563813269617041257e+00
4.961947603002898125e+14 9.680411793875078885e+00
5.236770544204645000e+14 9.799023266048466851e+00
5.526814857144591875e+14 9.919690371939479334e+00
5.832923594286188750e+14 1.004246036012070142e+01
6.155986501483488750e+14 1.016737570428848514e+01
6.496942604146098750e+14 1.029447951459798283e+01
6.856782936641737500e+14 1.042382972373481564e+01
7.236553422869650000e+14 1.055545916319166544e+01
7.637357916378011250e+14 1.068942692958724372e+01
8.060361408861328750e+14 1.082578567004715531e+01
8.506793416364170000e+14 1.096457605022746939e+01
8.977951553033331250e+14 1.110586230373393590e+01
9.475205302806547500e+14 1.124969867022440084e+01
1.000000000000000000e+15 1.139613721540788482e+01
