1.000000000000000000e+08 4.192111374558795123e-01
1.055386103036523014e+08 4.195508078103614702e-01
1.113839826482618302e+08 4.199024391603951023e-01
1.175531073878367543e+08 4.202664688582109509e-01
1.240639159058834314e+08 4.206432834915187491e-01
1.309353327353612185e+08 4.210333515977457974e-01
1.381873305653633475e+08 4.214370476859034542e-01
1.458409882943986356e+08 4.218549174538228086e-01
1.539185522990205288e+08 4.222872925618010309e-01
1.624435010958865285e+08 4.227347685977982383e-01
1.714406135851968527e+08 4.231977971204642364e-01
1.809360410738712847e+08 4.236768955143380699e-01
1.909573832878100574e+08 4.241725713686865240e-01
2.015337685941735208e+08 4.246853240055298295e-01
2.126959386668691933e+08 4.252157573936499735e-01
2.244763378413223922e+08 4.257644272143509268e-01
2.369092074182631969e+08 4.263319538384333640e-01
2.500306851906321347e+08 4.269188018824524589e-01
2.638789104828929305e+08 4.275256490868966641e-01
2.784941350080649853e+08 4.281531480440547988e-01
2.939188398646890521e+08 4.288018905098757716e-01
3.101978590138099790e+08 4.294724921443409116e-01
3.273785095948576927e+08 4.301656904102295620e-01
3.455107294592218399e+08 4.308821082525716717e-01
3.646472223212745190e+08 4.316224217551458131e-01
3.848436109487425089e+08 4.323873262242960425e-01
4.061585988376971483e+08 4.331775433136800246e-01
4.286541408420934081e+08 4.339938174242729541e-01
4.523956232538058162e+08 4.348369117421554408e-01
4.774520538566131592e+08 4.357074722843155001e-01
5.038962625065150261e+08 4.366063106171904074e-01
5.318051128214197159e+08 4.375341783155176079e-01
5.612597255954965353e+08 4.384918592552996541e-01
5.923457145875793695e+08 4.394800850227121303e-01
6.251534353689699173e+08 4.404996696894660224e-01
6.597782479539546967e+08 4.415513836701580597e-01
6.963207939763890505e+08 4.426360092263887935e-01
7.348872892180387974e+08 4.437542872853590947e-01
7.755898323389002085e+08 4.449070858418352481e-01
8.185467307069020271e+08 4.460950998026257941e-01
8.638828442740435600e+08 4.473191556800049651e-01
9.117299484984903336e+08 4.485799286723897161e-01
9.622271173675154448e+08 4.498782850666719346e-01
1.015521127634569168e+09 4.512148857354163489e-01
1.071766885445503354e+09 4.525904155823378683e-01
1.131127876593921423e+09 4.540056294639685519e-01
1.193776641714435816e+09 4.554611385419348735e-01
1.259895277795025826e+09 4.569576318935285042e-01
1.329675967466209888e+09 4.584956754525286171e-01
1.403321537605481863e+09 4.600758627263914491e-01
1.481046048880676985e+09 4.616987082457001956e-01
1.563075417945817471e+09 4.633646955984519478e-01
1.649648074098020792e+09 4.650742895444516245e-01
1.741015652304015398e+09 4.668278479688250382e-01
1.837443724610724926e+09 4.686256303096988374e-01
1.939212572065826893e+09 4.704680053294524322e-01
2.046617999391993999e+09 4.723550581500092771e-01
2.159972194782721519e+09 4.742870046933012063e-01
2.279604637318982124e+09 4.762638617091965454e-01
2.405863054644066811e+09 4.782855109253235648e-01
2.539114433680346966e+09 4.803518984199749986e-01
2.679746087325689316e+09 4.824628126399753136e-01
2.828166780230029583e+09 4.846179341489303405e-01
2.984807916924321175e+09 4.868168976646754520e-01
3.150124795755321503e+09 4.890592312202236003e-01
3.324597932270945072e+09 4.913443263016410434e-01
3.508734455902714729e+09 4.936715456919364420e-01
3.703069584005141258e+09 4.960401615438510547e-01
3.908168177536263943e+09 4.984492991406846985e-01
4.124626382901348114e+09 5.008980490440889666e-01
4.353073364731883049e+09 5.033853948408710810e-01
4.594173134636466980e+09 5.059103363154218158e-01
4.848626481239088058e+09 5.084716370203273827e-01
5.117173007114609718e+09 5.110682170804951019e-01
5.400593278542373657e+09 5.136989142470500536e-01
5.699711094326075554e+09 5.163623770387361089e-01
6.015395880274832726e+09 5.190575138783052322e-01
6.348565216305210114e+09 5.217829450565267813e-01
6.700187503509576797e+09 5.245375071965910907e-01
7.071284778942981720e+09 5.273201701261778229e-01
7.462935686310145378e+09 5.301297283147424766e-01
7.876278611187063217e+09 5.329651753715384244e-01
8.312514989890631676e+09 5.358256259663959353e-01
8.772912801613355637e+09 5.387103301360129937e-01
9.258810253973945618e+09 5.416185331418239546e-01
9.771619672696161270e+09 5.445499032042567800e-01
1.031283160672186852e+10 5.475038970264912708e-01
1.088401916069007683e+10 5.504804887002848757e-01
1.148684256737554741e+10 5.534795473906483076e-01
1.212305401337652779e+10 5.565014093879511181e-01
1.279450273207873344e+10 5.595463834546684501e-01
1.350314037869872093e+10 5.626149725119896639e-01
1.425102670302996254e+10 5.657077527074892975e-01
1.504033553638022041e+10 5.688258284831742007e-01
1.587336111010205460e+10 5.719700485224651354e-01
1.675252472408210373e+10 5.751413307352966076e-01
1.768038178457208633e+10 5.783409396954732884e-01
1.865962923181745911e+10 5.815699420068455305e-01
1.969311337907421875e+10 5.848295790776093517e-01
2.078383818579755020e+10 5.881209527189301678e-01
2.193497398905055618e+10 5.914451694339637466e-01
2.314986671851165771e+10 5.948031532633736296e-01
2.443204762186491776e+10 5.981957641409322290e-01
2.578524352884276581e+10 6.016238619070449767e-01
2.721338768375308609e+10 6.050878987107898288e-01
2.872063117797828293e+10 6.085883456410919878e-01
3.031135501567576218e+10 6.121253774155351879e-01
3.199018284775060654e+10 6.156991585782826126e-01
3.376199441111333084e+10 6.193097371472874313e-01
3.563193971228576660e+10 6.229567116930490034e-01
3.760545399658160400e+10 6.266400926709309038e-01
3.968827354637165833e+10 6.303594958941642901e-01
4.188645235435270691e+10 6.341148462855997758e-01
4.420637972028530121e+10 6.379058144579808909e-01
4.665479882234468079e+10 6.417323056840719131e-01
4.923882631706731415e+10 6.455945096801236627e-01
5.196597302486207581e+10 6.494924893171755143e-01
5.484416576121026611e+10 6.534268712724786710e-01
5.788177037701280212e+10 6.573979922476682614e-01
6.108761607505039978e+10 6.614068131379672311e-01
6.447102107323869324e+10 6.654540453999487903e-01
6.804181968927093506e+10 6.695407302910524328e-01
7.181039092537341309e+10 6.736679618645203815e-01
7.578768863625914001e+10 6.778369284587176802e-01
7.998527336796691895e+10 6.820483131160920420e-01
8.441534596012959290e+10 6.863034443885409619e-01
8.909078300934143066e+10 6.906026609205926370e-01
9.402517429670132446e+10 6.949466762191481850e-01
9.923286228832545471e+10 6.993358936854927599e-01
1.047289838236357422e+11 7.037706294131402807e-01
1.105295141126019745e+11 7.082511986687327621e-01
1.166513131698198547e+11 7.127774857729459734e-01
1.231121748203892059e+11 7.173498155928298425e-01
1.299308784200417175e+11 7.219683203887059531e-01
1.371272434398400879e+11 7.266334173725242929e-01
1.447221870741134338e+11 7.313456706617632586e-01
1.527377850390712280e+11 7.361058227411881871e-01
1.611973357388155518e+11 7.409148739187814137e-01
1.701254279852585754e+11 7.457736772665871650e-01
1.795480124687826843e+11 7.506835592377741895e-01
1.894924771873815918e+11 7.556454124472101741e-01
1.999877270535286865e+11 7.606602321939374134e-01
2.110642679101554871e+11 7.657288895574149157e-01
2.227542951999556274e+11 7.708520729344175981e-01
2.350917875457284546e+11 7.760301580162096702e-01
2.481126055137765198e+11 7.812637611021504558e-01
2.618545958474237976e+11 7.865530392576988161e-01
2.763577014736163330e+11 7.918987420618041062e-01
2.916640776023706665e+11 7.973013634775660829e-01
3.078182142565079956e+11 8.027616329040820897e-01
3.248670655878374634e+11 8.082807495735648828e-01
3.428601863556583252e+11 8.138597981126363123e-01
3.618498759642742920e+11 8.194998616700990279e-01
3.818913304781846313e+11 8.252020989623285452e-01
4.030428030568041992e+11 8.309676335267854874e-01
4.253657732750374146e+11 8.367971350155601895e-01
4.489251258218607788e+11 8.426912718595670482e-01
4.737893390963143921e+11 8.486508883047299001e-01
5.000306842491090088e+11 8.546763922955972204e-01
5.277254352483532104e+11 8.607688795993451158e-01
5.569540905800124512e+11 8.669291405377554938e-01
5.878016072274924316e+11 8.731585931123619915e-01
6.203576476104281006e+11 8.794584964214442468e-01
6.547168402004742432e+11 8.858297390722675857e-01
6.909790545715645752e+11 8.922740308191386971e-01
7.292496916841444092e+11 8.987920165800959982e-01
7.696399902471151123e+11 9.053845471614211382e-01
8.122673500479703369e+11 9.120525682694113900e-01
8.572556731909306641e+11 9.187970783815391229e-01
9.047357242349274902e+11 9.256192805489810160e-01
9.548455102782264404e+11 9.325204288000672470e-01
1.007730682094457642e+12 9.395021409365351683e-01
1.063544957486011230e+12 9.465655206314181891e-01
1.122450568085305908e+12 9.537120507948433357e-01
1.184618730902682373e+12 9.609426028760235106e-01
1.250230145991453369e+12 9.682582311256016094e-01
1.319475521676708740e+12 9.756603670606157630e-01
1.392556128874464844e+12 9.831502625865554679e-01
1.469684386112447510e+12 9.907293494958059332e-01
1.551084476952840576e+12 9.983994932334185890e-01
1.636993001611701904e+12 1.006161814574259017e+00
1.727659664669034668e+12 1.014017738361671528e+00
1.823348000868438477e+12 1.021968545842754317e+00
1.924336141115976074e+12 1.030015497058494267e+00
2.030917620904730713e+12 1.038160453608217626e+00
2.143402233514850098e+12 1.046404979712092453e+00
2.262116930469017090e+12 1.054750908611176596e+00
2.387406771860646973e+12 1.063199600968761427e+00
2.519635929317013672e+12 1.071752450319153560e+00
2.659188744512690918e+12 1.080411115450477855e+00
2.806470846309833008e+12 1.089177607531029990e+00
2.961910329772559570e+12 1.098053494249341844e+00
3.125959000482284180e+12 1.107040771468566165e+00
3.299093687770942383e+12 1.116141134305129290e+00
3.481817630688966309e+12 1.125355901049088114e+00
3.674661940736687988e+12 1.134687551649656845e+00
3.878187145610719727e+12 1.144137682130678790e+00
4.092984818452434082e+12 1.153708620133205631e+00
4.319679297334164551e+12 1.163401946791791985e+00
4.558929499981049805e+12 1.173219780034446824e+00
4.811430839003245117e+12 1.183164029736271550e+00
5.077917243205382812e+12 1.193237120855760169e+00
5.359163290848514648e+12 1.203441068295785454e+00
5.655986461065001953e+12 1.213777926709640687e+00
5.969249509970727539e+12 1.224249995346623709e+00
6.299862978380680664e+12 1.234859484952100184e+00
6.648787838417276367e+12 1.245609032516458159e+00
7.017038286703836914e+12 1.256500563808501392e+00
7.405684692262442383e+12 1.267536734667744192e+00
7.815856707684090820e+12 1.278719942923933761e+00
8.248746552614581055e+12 1.290052727164122004e+00
8.705612479099856445e+12 1.301537474175687770e+00
9.187782428863320312e+12 1.313177003387030917e+00
9.696657893145500000e+12 1.324973819292364352e+00
1.023371798632517188e+13 1.336930699279466062e+00
1.080052374516249609e+13 1.349050386511477351e+00
1.139872266616047852e+13 1.361335774216861250e+00
1.203005349423324219e+13 1.373789898551372790e+00
1.269635127659972852e+13 1.386415588058656168e+00
1.339955269659337109e+13 1.399215651197017518e+00
1.414170170289021094e+13 1.412193175891172325e+00
1.492495545051832227e+13 1.425351541321988380e+00
1.575159057091624414e+13 1.438693719724642106e+00
1.662400978926613477e+13 1.452223178106549550e+00
1.754474890833459570e+13 1.465943447056593740e+00
1.851648417912153906e+13 1.479857192922816367e+00
1.954204007974051562e+13 1.493968429350764016e+00
2.062439752514088281e+13 1.508280693826445251e+00
2.176670253153454688e+13 1.522797426189141490e+00
2.297227536071146484e+13 1.537522515329326600e+00
2.424462017082320703e+13 1.552459704180068067e+00
2.558743520168578516e+13 1.567612813884851963e+00
2.700462352420682031e+13 1.582985750822578197e+00
2.850030438518105078e+13 1.598582481336134009e+00
3.007882518043095703e+13 1.614407416053162514e+00
3.174477409109187109e+13 1.630464587314622849e+00
3.350299341977236719e+13 1.646757983604571818e+00
3.535859366535182812e+13 1.663292649969944748e+00
3.731696837732755469e+13 1.680072428858458755e+00
3.938380983288489062e+13 1.697102375623113169e+00
4.156512558225988281e+13 1.714386999096253028e+00
4.386725591048494531e+13 1.731930790811409437e+00
4.629689226627258594e+13 1.749739303898014020e+00
4.886109671160316406e+13 1.767817020225993963e+00
5.156732244854953125e+13 1.786169231913228517e+00
5.442343548300250000e+13 1.804800910212580822e+00
5.743773748826563281e+13 1.823718152917239488e+00
6.061898993497571875e+13 1.842925543943144007e+00
6.397643955748423438e+13 1.862428763593857450e+00
6.751984523072494531e+13 1.882234304075394160e+00
7.125950633568396875e+13 1.902347518531672499e+00
7.520629269592421875e+13 1.922773750887287969e+00
7.937167617217559375e+13 1.943519889181476445e+00
8.376776400682925000e+13 1.964592605346929144e+00
8.840733401525062500e+13 1.985997385858767617e+00
9.330387172620360938e+13 2.007740476438694355e+00
9.847160957933764062e+13 2.029829844836391395e+00
1.039255682936710938e+14 2.052271415611143013e+00
1.096816005273135781e+14 2.075072238278646619e+00
1.157564369553301094e+14 2.098239877746096216e+00
1.221677348996788125e+14 2.121781468362392342e+00
1.289341296525710469e+14 2.145704246349247946e+00
1.360752886424333125e+14 2.170016167971858589e+00
1.436119685999077188e+14 2.194724776425251989e+00
1.515660758900601250e+14 2.219838734013385828e+00
1.599607301861484688e+14 2.245365813654572662e+00
1.688203316700366250e+14 2.271314136914974746e+00
1.781706319545732500e+14 2.297692691597718273e+00
1.880388089340916562e+14 2.324510480190561612e+00
1.984535457805803125e+14 2.351776461789984563e+00
2.094451143151468750e+14 2.379499406305087827e+00
2.210454629971019375e+14 2.407688812130612366e+00
2.332883097864153438e+14 2.436355169848148705e+00
2.462092401494620625e+14 2.465507732687885589e+00
2.598458104929241875e+14 2.495156738900733195e+00
2.742376573264941250e+14 2.525312632399780988e+00
2.894266124716740000e+14 2.555986014784754179e+00
3.054568246515431875e+14 2.587187727893749845e+00
3.223748878149026875e+14 2.618929624836258796e+00
3.402299765678064375e+14 2.651221991664516331e+00
3.590739891061047500e+14 2.684077331274342004e+00
3.789616980644723750e+14 2.717507873886519931e+00
3.999509097203669375e+14 2.751524882435601782e+00
4.221026320156903125e+14 2.786142221278636200e+00
4.454812518844988750e+14 2.821371731560529561e+00
4.701547224022129375e+14 2.857227918272465139e+00
4.961947603002898125e+14 2.893722741917059693e+00
5.236770544204645000e+14 2.930871222172614754e+00
5.526814857144591875e+14 2.968687150758773541e+00
5.832923594286188750e+14 3.007185979331271852e+00
6.155986501483488750e+14 3.046381853300939468e+00
6.496942604146098750e+14 3.086290213769649515e+00
6.856782936641737500e+14 3.126926663454699273e+00
7.236553422869650000e+14 3.168308358548066028e+00
7.637357916378011250e+14 3.210450639086967595e+00
8.060361408861328750e+14 3.253370785014610078e+00
8.506793416364170000e+14 3.297086704695170845e+00
8.977951553033331250e+14 3.341615686858687706e+00
9.475205302806547500e+14 3.386976722108621995e+00
1.000000000000000000e+15 3.433187802345185169e+00
