1.000000000000000000e+08 1.188067027165597978e+00
1.055386103036523014e+08 1.188773859683695200e+00
1.113839826482618302e+08 1.189505812144590724e+00
1.175531073878367543e+08 1.190263879797236468e+00
1.240639159058834314e+08 1.191048944347302019e+00
1.309353327353612185e+08 1.191861764507626376e+00
1.381873305653633475e+08 1.192703528824738290e+00
1.458409882943986356e+08 1.193575044051940370e+00
1.539185522990205288e+08 1.194477635056166775e+00
1.624435010958865285e+08 1.195411956347647742e+00
1.714406135851968527e+08 1.196379313262089239e+00
1.809360410738712847e+08 1.197380625334023785e+00
1.909573832878100574e+08 1.198417413466190018e+00
2.015337685941735208e+08 1.199490605482759209e+00
2.126959386668691933e+08 1.200601332210219807e+00
2.244763378413223922e+08 1.201751009718333929e+00
2.369092074182631969e+08 1.202940996207553015e+00
2.500306851906321347e+08 1.204172489184058392e+00
2.638789104828929305e+08 1.205446801977815285e+00
2.784941350080649853e+08 1.206765427385848355e+00
2.939188398646890521e+08 1.208129810748252764e+00
3.101978590138099790e+08 1.209541530088694916e+00
3.273785095948576927e+08 1.211001871931336460e+00
3.455107294592218399e+08 1.212512558248029615e+00
3.646472223212745190e+08 1.214075031902372981e+00
3.848436109487425089e+08 1.215691293443617704e+00
4.061585988376971483e+08 1.217362623772795471e+00
4.286541408420934081e+08 1.219091023426917220e+00
4.523956232538058162e+08 1.220878126008903886e+00
4.774520538566131592e+08 1.222725648797672982e+00
5.038962625065150261e+08 1.224635560823926772e+00
5.318051128214197159e+08 1.226609801698696822e+00
5.612597255954965353e+08 1.228650108867453294e+00
5.923457145875793695e+08 1.230758550185932831e+00
6.251534353689699173e+08 1.232937093572288756e+00
6.597782479539546967e+08 1.235187817897038798e+00
6.963207939763890505e+08 1.237512609954517062e+00
7.348872892180387974e+08 1.239913731751346226e+00
7.755898323389002085e+08 1.242393314798939885e+00
8.185467307069020271e+08 1.244953418622539276e+00
8.638828442740435600e+08 1.247596070863738582e+00
9.117299484984903336e+08 1.250323582712771220e+00
9.622271173675154448e+08 1.253138480008385791e+00
1.015521127634569168e+09 1.256042306257118657e+00
1.071766885445503354e+09 1.259037873046736644e+00
1.131127876593921423e+09 1.262127198799982031e+00
1.193776641714435816e+09 1.265312539423888660e+00
1.259895277795025826e+09 1.268596030057377089e+00
1.329675967466209888e+09 1.271979951734169223e+00
1.403321537605481863e+09 1.275466370995443910e+00
1.481046048880676985e+09 1.279057707207205796e+00
1.563075417945817471e+09 1.282756020872665381e+00
1.649648074098020792e+09 1.286563246955319650e+00
1.741015652304015398e+09 1.290481433581446513e+00
1.837443724610724926e+09 1.294512888783295512e+00
1.939212572065826893e+09 1.298658885732086432e+00
2.046617999391993999e+09 1.302921814292233194e+00
2.159972194782721519e+09 1.307303195822439923e+00
2.279604637318982124e+09 1.311804787878088296e+00
2.405863054644066811e+09 1.316427857521780931e+00
2.539114433680346966e+09 1.321173890853267086e+00
2.679746087325689316e+09 1.326044221099980991e+00
2.828166780230029583e+09 1.331039817696545446e+00
2.984807916924321175e+09 1.336161680271129581e+00
3.150124795755321503e+09 1.341410668634829051e+00
3.324597932270945072e+09 1.346786884319633337e+00
3.508734455902714729e+09 1.352291212321656833e+00
3.703069584005141258e+09 1.357923431061586861e+00
3.908168177536263943e+09 1.363683558472694957e+00
4.124626382901348114e+09 1.369571353958137561e+00
4.353073364731883049e+09 1.375586163462883649e+00
4.594173134636466980e+09 1.381726912724300815e+00
4.848626481239088058e+09 1.387992825161538546e+00
5.117173007114609718e+09 1.394382470114934547e+00
5.400593278542373657e+09 1.400894232703424613e+00
5.699711094326075554e+09 1.407525963546297776e+00
6.015395880274832726e+09 1.414275858759682203e+00
6.348565216305210114e+09 1.421141434678724780e+00
6.700187503509576797e+09 1.428120228346160481e+00
7.071284778942981720e+09 1.435209043352052349e+00
7.462935686310145378e+09 1.442405257906987925e+00
7.876278611187063217e+09 1.449705245018462429e+00
8.312514989890631676e+09 1.457106118854226251e+00
8.772912801613355637e+09 1.464604284699064118e+00
9.258810253973945618e+09 1.472196007550279795e+00
9.771619672696161270e+09 1.479878063661596244e+00
1.031283160672186852e+10 1.487646919960452951e+00
1.088401916069007683e+10 1.495498986700607658e+00
1.148684256737554741e+10 1.503431016390479602e+00
1.212305401337652779e+10 1.511440081114694411e+00
1.279450273207873344e+10 1.519522906934720252e+00
1.350314037869872093e+10 1.527677400586894052e+00
1.425102670302996254e+10 1.535900805215059561e+00
1.504033553638022041e+10 1.544191589070721848e+00
1.587336111010205460e+10 1.552548155332585722e+00
1.675252472408210373e+10 1.560969645351270030e+00
1.768038178457208633e+10 1.569455336089685016e+00
1.865962923181745911e+10 1.578005262951023724e+00
1.969311337907421875e+10 1.586619981112508126e+00
2.078383818579755020e+10 1.595300627567069363e+00
2.193497398905055618e+10 1.604048487499954545e+00
2.314986671851165771e+10 1.612865634843001716e+00
2.443204762186491776e+10 1.621754393862591126e+00
2.578524352884276581e+10 1.630717549624771889e+00
2.721338768375308609e+10 1.639757966119549382e+00
2.872063117797828293e+10 1.648878746675995544e+00
3.031135501567576218e+10 1.658083660253989233e+00
3.199018284775060654e+10 1.667375611472558639e+00
3.376199441111333084e+10 1.676758019781571685e+00
3.563193971228576660e+10 1.686233699067213765e+00
3.760545399658160400e+10 1.695805766328597253e+00
3.968827354637165833e+10 1.705476721441276267e+00
4.188645235435270691e+10 1.715248530891376078e+00
4.420637972028530121e+10 1.725122729705789837e+00
4.665479882234468079e+10 1.735100859665366313e+00
4.923882631706731415e+10 1.745183168164127885e+00
5.196597302486207581e+10 1.755370494385008362e+00
5.484416576121026611e+10 1.765662351184584145e+00
5.788177037701280212e+10 1.776058376307457332e+00
6.108761607505039978e+10 1.786558285678639058e+00
6.447102107323869324e+10 1.797160971356032144e+00
6.804181968927093506e+10 1.807865622041627374e+00
7.181039092537341309e+10 1.818672395544407072e+00
7.578768863625914001e+10 1.829580318707372033e+00
7.998527336796691895e+10 1.840590055028789918e+00
8.441534596012959290e+10 1.851702145813864497e+00
8.909078300934143066e+10 1.862917338157293212e+00
9.402517429670132446e+10 1.874237516753392008e+00
9.923286228832545471e+10 1.885665089280648132e+00
1.047289838236357422e+11 1.897202124415167557e+00
1.105295141126019745e+11 1.908851801227449796e+00
1.166513131698198547e+11 1.920616730970135411e+00
1.231121748203892059e+11 1.932500331997420773e+00
1.299308784200417175e+11 1.944505281818642128e+00
1.371272434398400879e+11 1.956634357710508532e+00
1.447221870741134338e+11 1.968889060313369077e+00
1.527377850390712280e+11 1.981272235418479521e+00
1.611973357388155518e+11 1.993784101374452611e+00
1.701254279852585754e+11 2.006425332713108745e+00
1.795480124687826843e+11 2.019197241909077789e+00
1.894924771873815918e+11 2.032099550873692539e+00
1.999877270535286865e+11 2.045133144068031150e+00
2.110642679101554871e+11 2.058298447801001796e+00
2.227542951999556274e+11 2.071596632342209254e+00
2.350917875457284546e+11 2.085029164628497522e+00
2.481126055137765198e+11 2.098598167404711390e+00
2.618545958474237976e+11 2.112306390059436101e+00
2.763577014736163330e+11 2.126156723727926412e+00
2.916640776023706665e+11 2.140152222865443932e+00
3.078182142565079956e+11 2.154295818103665550e+00
3.248670655878374634e+11 2.168590676677476292e+00
3.428601863556583252e+11 2.183038871416386417e+00
3.618498759642742920e+11 2.197642292292205202e+00
3.818913304781846313e+11 2.212402392954283759e+00
4.030428030568041992e+11 2.227320669849498724e+00
4.253657732750374146e+11 2.242398063007148501e+00
4.489251258218607788e+11 2.257635608967143881e+00
4.737893390963143921e+11 2.273035870866714436e+00
5.000306842491090088e+11 2.288600373420607070e+00
5.277254352483532104e+11 2.304332504030010664e+00
5.569540905800124512e+11 2.320235244705580957e+00
5.878016072274924316e+11 2.336312018198207330e+00
6.203576476104281006e+11 2.352566011523791190e+00
6.547168402004742432e+11 2.369000392176121128e+00
6.909790545715645752e+11 2.385617191712166019e+00
7.292496916841444092e+11 2.402418229451350307e+00
7.696399902471151123e+11 2.419405557085997582e+00
8.122673500479703369e+11 2.436581295688013515e+00
8.572556731909306641e+11 2.453947367984843364e+00
9.047357242349274902e+11 2.471506822531118086e+00
9.548455102782264404e+11 2.489263153004916074e+00
1.007730682094457642e+12 2.507220267108574152e+00
1.063544957486011230e+12 2.525381574658131623e+00
1.122450568085305908e+12 2.543750024736622706e+00
1.184618730902682373e+12 2.562329346232198546e+00
1.250230145991453369e+12 2.581120570411050252e+00
1.319475521676708740e+12 2.600127284918912540e+00
1.392556128874464844e+12 2.619351857236497771e+00
1.469684386112447510e+12 2.638797696783434343e+00
1.551084476952840576e+12 2.658469007453190702e+00
1.636993001611701904e+12 2.678369292650307987e+00
1.727659664669034668e+12 2.698502648464409237e+00
1.823348000868438477e+12 2.718872984370254819e+00
1.924336141115976074e+12 2.739482683996443235e+00
2.030917620904730713e+12 2.760335055010502803e+00
2.143402233514850098e+12 2.781433396406229885e+00
2.262116930469017090e+12 2.802782313875197939e+00
2.387406771860646973e+12 2.824385372874530731e+00
2.519635929317013672e+12 2.846248271563160959e+00
2.659188744512690918e+12 2.868373371316388365e+00
2.806470846309833008e+12 2.890765539567830444e+00
2.961910329772559570e+12 2.913427625211339578e+00
3.125959000482284180e+12 2.936364896742058583e+00
3.299093687770942383e+12 2.959580079996169122e+00
3.481817630688966309e+12 2.983079825611528957e+00
3.674661940736687988e+12 3.006868217015647549e+00
3.878187145610719727e+12 3.030950057813583065e+00
4.092984818452434082e+12 3.055327774421183751e+00
4.319679297334164551e+12 3.080008341588781562e+00
4.558929499981049805e+12 3.104994682476988288e+00
4.811430839003245117e+12 3.130294015601071678e+00
5.077917243205382812e+12 3.155910421712254443e+00
5.359163290848514648e+12 3.181848237697490145e+00
5.655986461065001953e+12 3.208113986405825457e+00
5.969249509970727539e+12 3.234711106079051213e+00
6.299862978380680664e+12 3.261646712335313225e+00
6.648787838417276367e+12 3.288926370036113322e+00
7.017038286703836914e+12 3.316554714401020121e+00
7.405684692262442383e+12 3.344538023387084280e+00
7.815856707684090820e+12 3.372881516365646259e+00
8.248746552614581055e+12 3.401592345111952742e+00
8.705612479099856445e+12 3.430676190890740163e+00
9.187782428863320312e+12 3.460138920480729574e+00
9.696657893145500000e+12 3.489986415918464591e+00
1.023371798632517188e+13 3.520225801914945052e+00
1.080052374516249609e+13 3.550864299457630491e+00
1.139872266616047852e+13 3.581907627356714308e+00
1.203005349423324219e+13 3.613362614954167107e+00
1.269635127659972852e+13 3.645236944217853381e+00
1.339955269659337109e+13 3.677537658381009322e+00
1.414170170289021094e+13 3.710271944113705977e+00
1.492495545051832227e+13 3.743446027264230924e+00
1.575159057091624414e+13 3.777068908275150960e+00
1.662400978926613477e+13 3.811149038052419780e+00
1.754474890833459570e+13 3.845692717339093569e+00
1.851648417912153906e+13 3.880707653033931503e+00
1.954204007974051562e+13 3.916203857918901576e+00
2.062439752514088281e+13 3.952188129565969987e+00
2.176670253153454688e+13 3.988670729567472151e+00
2.297227536071146484e+13 4.025658453437901407e+00
2.424462017082320703e+13 4.063161960772195158e+00
2.558743520168578516e+13 4.101188205076807591e+00
2.700462352420682031e+13 4.139749412841106313e+00
2.850030438518105078e+13 4.178853297243420251e+00
3.007882518043095703e+13 4.218509274676176979e+00
3.174477409109187109e+13 4.258727728298813631e+00
3.350299341977236719e+13 4.299518490270333615e+00
3.535859366535182812e+13 4.340893534275106269e+00
3.731696837732755469e+13 4.382861271907794176e+00
3.938380983288489062e+13 4.425433603210012556e+00
4.156512558225988281e+13 4.468620425184377076e+00
4.386725591048494531e+13 4.512434028808780972e+00
4.629689226627258594e+13 4.556887236810625907e+00
4.886109671160316406e+13 4.601988583458130222e+00
5.156732244854953125e+13 4.647751756164208103e+00
5.442343548300250000e+13 4.694189818474118425e+00
5.743773748826563281e+13 4.741313500457849273e+00
6.061898993497571875e+13 4.789137285744573092e+00
6.397643955748423438e+13 4.837672466359665968e+00
6.751984523072494531e+13 4.886933801689931300e+00
7.125950633568396875e+13 4.936934201691655311e+00
7.520629269592421875e+13 4.987689229282146641e+00
7.937167617217559375e+13 5.039211000594435497e+00
8.376776400682925000e+13 5.091514520403732647e+00
8.840733401525062500e+13 5.144614870023062281e+00
9.330387172620360938e+13 5.198528054519993447e+00
9.847160957933764062e+13 5.253268924152670216e+00
1.039255682936710938e+14 5.308853750911105784e+00
1.096816005273135781e+14 5.365297187037904258e+00
1.157564369553301094e+14 5.422619234096024421e+00
1.221677348996788125e+14 5.480833702453903555e+00
1.289341296525710469e+14 5.539960185229370282e+00
1.360752886424333125e+14 5.600015077859485046e+00
1.436119685999077188e+14 5.661016590808966242e+00
1.515660758900601250e+14 5.722984038890025715e+00
1.599607301861484688e+14 5.785936200207629554e+00
1.688203316700366250e+14 5.849892503972316860e+00
1.781706319545732500e+14 5.914873731786015831e+00
1.880388089340916562e+14 5.980898849074853807e+00
1.984535457805803125e+14 6.047988936361821111e+00
2.094451143151468750e+14 6.116166504850369279e+00
2.210454629971019375e+14 6.185452972812814032e+00
2.332883097864153438e+14 6.255869563389633292e+00
2.462092401494620625e+14 6.327440856284922255e+00
2.598458104929241875e+14 6.400188433631877061e+00
2.742376573264941250e+14 6.474137967539113525e+00
2.894266124716740000e+14 6.549313860625015415e+00
3.054568246515431875e+14 6.625740809640933371e+00
3.223748878149026875e+14 6.703443804087521052e+00
3.402299765678064375e+14 6.782449266794038145e+00
3.590739891061047500e+14 6.862784073297821585e+00
3.789616980644723750e+14 6.944478027328783831e+00
3.999509097203669375e+14 7.027557285045885394e+00
4.221026320156903125e+14 7.112049837721232670e+00
4.454812518844988750e+14 7.197988116944975978e+00
4.701547224022129375e+14 7.285402400010907442e+00
4.961947603002898125e+14 7.374319688922999383e+00
5.236770544204645000e+14 7.464775808086605124e+00
5.526814857144591875e+14 7.556800846085304002e+00
5.832923594286188750e+14 7.650428814320776816e+00
6.155986501483488750e+14 7.745697293417761919e+00
6.496942604146098750e+14 7.842637754281773788e+00
6.856782936641737500e+14 7.941288502909668701e+00
7.236553422869650000e+14 8.041683200356086303e+00
7.637357916378011250e+14 8.143863152638019187e+00
8.060361408861328750e+14 8.247865878226789960e+00
8.506793416364170000e+14 8.353726097031616504e+00
8.977951553033331250e+14 8.461490845280183137e+00
9.475205302806547500e+14 8.571197616891939930e+00
1.000000000000000000e+15 8.682897004193028678e+00
