1.000000000000000000e+08 1.714185370561213784e+00
1.055386103036523014e+08 1.715196016174548532e+00
1.113839826482618302e+08 1.716242569570171739e+00
1.175531073878367543e+08 1.717326482415741706e+00
1.240639159058834314e+08 1.718448792232924127e+00
1.309353327353612185e+08 1.719611074749945345e+00
1.381873305653633475e+08 1.720814768687691565e+00
1.458409882943986356e+08 1.722060955284136829e+00
1.539185522990205288e+08 1.723351505944826778e+00
1.624435010958865285e+08 1.724687408552078249e+00
1.714406135851968527e+08 1.726070584852276157e+00
1.809360410738712847e+08 1.727502539762055589e+00
1.909573832878100574e+08 1.728984972017351129e+00
2.015337685941735208e+08 1.730519739830570947e+00
2.126959386668691933e+08 1.732108052123305875e+00
2.244763378413223922e+08 1.733752126296440377e+00
2.369092074182631969e+08 1.735453773532808386e+00
2.500306851906321347e+08 1.737214637894550329e+00
2.638789104828929305e+08 1.739037153711066264e+00
2.784941350080649853e+08 1.740923045149844528e+00
2.939188398646890521e+08 1.742874127899650682e+00
3.101978590138099790e+08 1.744893139610022237e+00
3.273785095948576927e+08 1.746981769779246241e+00
3.455107294592218399e+08 1.749142421422357430e+00
3.646472223212745190e+08 1.751377109473580607e+00
3.848436109487425089e+08 1.753688833555846260e+00
4.061585988376971483e+08 1.756079435632083241e+00
4.286541408420934081e+08 1.758551641305560853e+00
4.523956232538058162e+08 1.761107849310796336e+00
4.774520538566131592e+08 1.763750674419180875e+00
5.038962625065150261e+08 1.766482887539484015e+00
5.318051128214197159e+08 1.769307100011885847e+00
5.612597255954965353e+08 1.772225874482091790e+00
5.923457145875793695e+08 1.775242198463679033e+00
6.251534353689699173e+08 1.778358987634309107e+00
6.597782479539546967e+08 1.781579019604839109e+00
6.963207939763890505e+08 1.784905406698205299e+00
7.348872892180387974e+08 1.788341022876462016e+00
7.755898323389002085e+08 1.791888955718197174e+00
8.185467307069020271e+08 1.795552335033788083e+00
8.638828442740435600e+08 1.799334046321131142e+00
9.117299484984903336e+08 1.803237461750816895e+00
9.622271173675154448e+08 1.807265847899917066e+00
1.015521127634569168e+09 1.811422017693711473e+00
1.071766885445503354e+09 1.815709508411836870e+00
1.131127876593921423e+09 1.820131664073847411e+00
1.193776641714435816e+09 1.824691253230974253e+00
1.259895277795025826e+09 1.829391850761645788e+00
1.329675967466209888e+09 1.834236358651539334e+00
1.403321537605481863e+09 1.839228315630643706e+00
1.481046048880676985e+09 1.844370733232013615e+00
1.563075417945817471e+09 1.849666538904427782e+00
1.649648074098020792e+09 1.855118639844113071e+00
1.741015652304015398e+09 1.860730282431453997e+00
1.837443724610724926e+09 1.866504264211894970e+00
1.939212572065826893e+09 1.872443552205706796e+00
2.046617999391993999e+09 1.878550484047404101e+00
2.159972194782721519e+09 1.884827731980911469e+00
2.279604637318982124e+09 1.891277597911209751e+00
2.405863054644066811e+09 1.897902595319489238e+00
2.539114433680346966e+09 1.904704282621755729e+00
2.679746087325689316e+09 1.911685043647897153e+00
2.828166780230029583e+09 1.918846118749059748e+00
2.984807916924321175e+09 1.926189186741849024e+00
3.150124795755321503e+09 1.933714846944964538e+00
3.324597932270945072e+09 1.941424679863705816e+00
3.508734455902714729e+09 1.949319034606842305e+00
3.703069584005141258e+09 1.957397999545464229e+00
3.908168177536263943e+09 1.965661432491794924e+00
4.124626382901348114e+09 1.974109277911846094e+00
4.353073364731883049e+09 1.982740537899571276e+00
4.594173134636466980e+09 1.991554126918624101e+00
4.848626481239088058e+09 2.000548733775127541e+00
5.117173007114609718e+09 2.009722630139306965e+00
5.400593278542373657e+09 2.019073043512009225e+00
5.699711094326075554e+09 2.028597623121686233e+00
6.015395880274832726e+09 2.038293455210914207e+00
6.348565216305210114e+09 2.048157342797944036e+00
6.700187503509576797e+09 2.058185001198555408e+00
7.071284778942981720e+09 2.068373452483129871e+00
7.462935686310145378e+09 2.078717460630746583e+00
7.876278611187063217e+09 2.089212691064542771e+00
8.312514989890631676e+09 2.099854556585143417e+00
8.772912801613355637e+09 2.110638053897181621e+00
9.258810253973945618e+09 2.121558363401460756e+00
9.771619672696161270e+09 2.132610002058620946e+00
1.031283160672186852e+10 2.143788226848285738e+00
1.088401916069007683e+10 2.155087955029831193e+00
1.148684256737554741e+10 2.166504434176016680e+00
1.212305401337652779e+10 2.178033085666302160e+00
1.279450273207873344e+10 2.189669325055858096e+00
1.350314037869872093e+10 2.201409853598454092e+00
1.425102670302996254e+10 2.213250742667534965e+00
1.504033553638022041e+10 2.225189495299064735e+00
1.587336111010205460e+10 2.237223470062389641e+00
1.675252472408210373e+10 2.249351391250573595e+00
1.768038178457208633e+10 2.261572156107058973e+00
1.865962923181745911e+10 2.273885821588855549e+00
1.969311337907421875e+10 2.286292614046971927e+00
2.078383818579755020e+10 2.298794140567403943e+00
2.193497398905055618e+10 2.311391809083918947e+00
2.314986671851165771e+10 2.324088662009180073e+00
2.443204762186491776e+10 2.336888333282931551e+00
2.578524352884276581e+10 2.349793570531363063e+00
2.721338768375308609e+10 2.362809714476362455e+00
2.872063117797828293e+10 2.375940536725878793e+00
3.031135501567576218e+10 2.389191356648206366e+00
3.199018284775060654e+10 2.402566606072456867e+00
3.376199441111333084e+10 2.416070777193874974e+00
3.563193971228576660e+10 2.429708953482134337e+00
3.760545399658160400e+10 2.443484904970578686e+00
3.968827354637165833e+10 2.457402617581263549e+00
4.188645235435270691e+10 2.471465155562455163e+00
4.420637972028530121e+10 2.485675065005744866e+00
4.665479882234468079e+10 2.500034405337635324e+00
4.923882631706731415e+10 2.514543940753847462e+00
5.196597302486207581e+10 2.529204859342494949e+00
5.484416576121026611e+10 2.544016714901996323e+00
5.788177037701280212e+10 2.558979643252492497e+00
6.108761607505039978e+10 2.574091496053051209e+00
6.447102107323869324e+10 2.589353029897658143e+00
6.804181968927093506e+10 2.604761542264020235e+00
7.181039092537341309e+10 2.620317528113557337e+00
7.578768863625914001e+10 2.636019869837956442e+00
7.998527336796691895e+10 2.651868659503744841e+00
8.441534596012959290e+10 2.667864652986938978e+00
8.909078300934143066e+10 2.684009559928599131e+00
9.402517429670132446e+10 2.700304978866403971e+00
9.923286228832545471e+10 2.716754592984857553e+00
1.047289838236357422e+11 2.733360851497231625e+00
1.105295141126019745e+11 2.750128219462830703e+00
1.166513131698198547e+11 2.767061634199683429e+00
1.231121748203892059e+11 2.784165071185304985e+00
1.299308784200417175e+11 2.801442726010535011e+00
1.371272434398400879e+11 2.818897551512626887e+00
1.447221870741134338e+11 2.836533919650625180e+00
1.527377850390712280e+11 2.854353983044955356e+00
1.611973357388155518e+11 2.872360194788972976e+00
1.701254279852585754e+11 2.890552622541873617e+00
1.795480124687826843e+11 2.908933673450038615e+00
1.894924771873815918e+11 2.927502757779330000e+00
1.999877270535286865e+11 2.946260627964436551e+00
2.110642679101554871e+11 2.965208994593049763e+00
2.227542951999556274e+11 2.984348297629916047e+00
2.350917875457284546e+11 3.003680884917164562e+00
2.481126055137765198e+11 3.023209298600860517e+00
2.618545958474237976e+11 3.042937474236924178e+00
2.763577014736163330e+11 3.062869842957479882e+00
2.916640776023706665e+11 3.083010352239997420e+00
3.078182142565079956e+11 3.103363907777361153e+00
3.248670655878374634e+11 3.123933791610280952e+00
3.428601863556583252e+11 3.144724778512432817e+00
3.618498759642742920e+11 3.165739185889667073e+00
3.818913304781846313e+11 3.186978911901250378e+00
4.030428030568041992e+11 3.208446471356289909e+00
4.253657732750374146e+11 3.230142766341921323e+00
4.489251258218607788e+11 3.252070996375444611e+00
4.737893390963143921e+11 3.274231834112947048e+00
5.000306842491090088e+11 3.296628848790402522e+00
5.277254352483532104e+11 3.319267090758272865e+00
5.569540905800124512e+11 3.342150328940067805e+00
5.878016072274924316e+11 3.365283287850405092e+00
6.203576476104281006e+11 3.388671110444792856e+00
6.547168402004742432e+11 3.412317426362172057e+00
6.909790545715645752e+11 3.436226762977574900e+00
7.292496916841444092e+11 3.460400949181683838e+00
7.696399902471151123e+11 3.484843442484209852e+00
8.122673500479703369e+11 3.509556997708910497e+00
8.572556731909306641e+11 3.534544325463101710e+00
9.047357242349274902e+11 3.559809429305808237e+00
9.548455102782264404e+11 3.585357551419893429e+00
1.007730682094457642e+12 3.611193769308178592e+00
1.063544957486011230e+12 3.637323533770604467e+00
1.122450568085305908e+12 3.663750500203737381e+00
1.184618730902682373e+12 3.690480432268501865e+00
1.250230145991453369e+12 3.717516691447714905e+00
1.319475521676708740e+12 3.744862258729687809e+00
1.392556128874464844e+12 3.772520714568348144e+00
1.469684386112447510e+12 3.800497307266624158e+00
1.551084476952840576e+12 3.828797374147496324e+00
1.636993001611701904e+12 3.857427035111184122e+00
1.727659664669034668e+12 3.886391254865669165e+00
1.823348000868438477e+12 3.915696196884747682e+00
1.924336141115976074e+12 3.945345837723642113e+00
2.030917620904730713e+12 3.975343986216149705e+00
2.143402233514850098e+12 4.005696038422737359e+00
2.262116930469017090e+12 4.036407985671435661e+00
2.387406771860646973e+12 4.067484902128926549e+00
2.519635929317013672e+12 4.098934304064162149e+00
2.659188744512690918e+12 4.130761928864178145e+00
2.806470846309833008e+12 4.162972685853671528e+00
2.961910329772559570e+12 4.195572165582223789e+00
3.125959000482284180e+12 4.228566173232849223e+00
3.299093687770942383e+12 4.261960724220531738e+00
3.481817630688966309e+12 4.295763390020773898e+00
3.674661940736687988e+12 4.329980912324507436e+00
3.878187145610719727e+12 4.364618826852109557e+00
4.092984818452434082e+12 4.399685355647946494e+00
4.319679297334164551e+12 4.435184415419848314e+00
4.558929499981049805e+12 4.471123707781830880e+00
4.811430839003245117e+12 4.507512384713051823e+00
5.077917243205382812e+12 4.544356734438866674e+00
5.359163290848514648e+12 4.581663748639873468e+00
5.655986461065001953e+12 4.619440476076538182e+00
5.969249509970727539e+12 4.657694264552713292e+00
6.299862978380680664e+12 4.696434638956836771e+00
6.648787838417276367e+12 4.735668174525129892e+00
7.017038286703836914e+12 4.775404574792231571e+00
7.405684692262442383e+12 4.815649317956080644e+00
7.815856707684090820e+12 4.856414705700323076e+00
8.248746552614581055e+12 4.897704344056343473e+00
8.705612479099856445e+12 4.939531078706436595e+00
9.187782428863320312e+12 4.981901695634653571e+00
9.696657893145500000e+12 5.024826597313711396e+00
1.023371798632517188e+13 5.068313660102764295e+00
1.080052374516249609e+13 5.112373151083711598e+00
1.139872266616047852e+13 5.157015006912174293e+00
1.203005349423324219e+13 5.202249036377113889e+00
1.269635127659972852e+13 5.248084679596800584e+00
1.339955269659337109e+13 5.294532874541660661e+00
1.414170170289021094e+13 5.341604445656110478e+00
1.492495545051832227e+13 5.389307478558091447e+00
1.575159057091624414e+13 5.437655947540693369e+00
1.662400978926613477e+13 5.486659688841559301e+00
1.754474890833459570e+13 5.536330879446318853e+00
1.851648417912153906e+13 5.586677880461245138e+00
1.954204007974051562e+13 5.637717205951670252e+00
2.062439752514088281e+13 5.689457951170708405e+00
2.176670253153454688e+13 5.741912494910913267e+00
2.297227536071146484e+13 5.795093904512913952e+00
2.424462017082320703e+13 5.849016285579033081e+00
2.558743520168578516e+13 5.903690407725138201e+00
2.700462352420682031e+13 5.959130231478156681e+00
2.850030438518105078e+13 6.015350742066307710e+00
3.007882518043095703e+13 6.072365727105704991e+00
3.174477409109187109e+13 6.130188355477631745e+00
3.350299341977236719e+13 6.188833143995597474e+00
3.535859366535182812e+13 6.248315605647989379e+00
3.731696837732755469e+13 6.308649388233549260e+00
3.938380983288489062e+13 6.369852478325070955e+00
4.156512558225988281e+13 6.431937249558949077e+00
4.386725591048494531e+13 6.494922879773687541e+00
4.629689226627258594e+13 6.558824787348412677e+00
4.886109671160316406e+13 6.623658678846481074e+00
5.156732244854953125e+13 6.689445723771570762e+00
5.442343548300250000e+13 6.756201088254673692e+00
5.743773748826563281e+13 6.823938632335976529e+00
6.061898993497571875e+13 6.892682745774439290e+00
6.397643955748423438e+13 6.962448473809733862e+00
6.751984523072494531e+13 7.033257653075440707e+00
7.125950633568396875e+13 7.105128151290160510e+00
7.520629269592421875e+13 7.178079608573487036e+00
7.937167617217559375e+13 7.252132780017648273e+00
8.376776400682925000e+13 7.327312132904739705e+00
8.840733401525062500e+13 7.403634117592732267e+00
9.330387172620360938e+13 7.481122792251176712e+00
9.847160957933764062e+13 7.559796996734153396e+00
1.039255682936710938e+14 7.639686683724495886e+00
1.096816005273135781e+14 7.720808090346487518e+00
1.157564369553301094e+14 7.803192383684977251e+00
1.221677348996788125e+14 7.886854693930032134e+00
1.289341296525710469e+14 7.971826657911210035e+00
1.360752886424333125e+14 8.058134060858503034e+00
1.436119685999077188e+14 8.145799619255990720e+00
1.515660758900601250e+14 8.234851742600174163e+00
1.599607301861484688e+14 8.325316841608925600e+00
1.688203316700366250e+14 8.417225073142653002e+00
1.781706319545732500e+14 8.510601017048092132e+00
1.880388089340916562e+14 8.605481879399533796e+00
1.984535457805803125e+14 8.701888913309154816e+00
2.094451143151468750e+14 8.799855908566538432e+00
2.210454629971019375e+14 8.899414591610023351e+00
2.332883097864153438e+14 9.000595221539589019e+00
2.462092401494620625e+14 9.103433762285375153e+00
2.598458104929241875e+14 9.207961505306542449e+00
2.742376573264941250e+14 9.314214481666930112e+00
2.894266124716740000e+14 9.422226260377064122e+00
3.054568246515431875e+14 9.532031286108400892e+00
3.223748878149026875e+14 9.643671976473989105e+00
3.402299765678064375e+14 9.757180224425146875e+00
3.590739891061047500e+14 9.872598407808625964e+00
3.789616980644723750e+14 9.989967788532835513e+00
3.999509097203669375e+14 1.010932472225029777e+01
4.221026320156903125e+14 1.023071165818786987e+01
4.454812518844988750e+14 1.035416621488837130e+01
4.701547224022129375e+14 1.047974354662690111e+01
4.961947603002898125e+14 1.060747783926412957e+01
5.236770544204645000e+14 1.073742339838755733e+01
5.526814857144591875e+14 1.086961978066953449e+01
5.832923594286188750e+14 1.100411563604964904e+01
6.155986501483488750e+14 1.114096139890589932e+01
6.496942604146098750e+14 1.128021209394386126e+01
6.856782936641737500e+14 1.142191671086779081e+01
7.236553422869650000e+14 1.156612349902737691e+01
7.637357916378011250e+14 1.171288553402663268e+01
8.060361408861328750e+14 1.186225721347496354e+01
8.506793416364170000e+14 1.201430691207142587e+01
8.977951553033331250e+14 1.216909933113947950e+01
9.475205302806547500e+14 1.232666454223054586e+01
1.000000000000000000e+15 1.248709001945100283e+01
