1.000000000000000000e+08 1.463316479596624031e+00
1.055386103036523014e+08 1.464181376799926326e+00
1.113839826482618302e+08 1.465077327919814598e+00
1.175531073878367543e+08 1.466005098935540207e+00
1.240639159058834314e+08 1.466965793309243260e+00
1.309353327353612185e+08 1.467960764161811538e+00
1.381873305653633475e+08 1.468990930633699454e+00
1.458409882943986356e+08 1.470057757830082190e+00
1.539185522990205288e+08 1.471162401306871370e+00
1.624435010958865285e+08 1.472305992660731144e+00
1.714406135851968527e+08 1.473489968156292518e+00
1.809360410738712847e+08 1.474715696768485573e+00
1.909573832878100574e+08 1.475984632438712696e+00
2.015337685941735208e+08 1.477298284326506117e+00
2.126959386668691933e+08 1.478657849344221731e+00
2.244763378413223922e+08 1.480065177620748518e+00
2.369092074182631969e+08 1.481521569828342599e+00
2.500306851906321347e+08 1.483028960246592920e+00
2.638789104828929305e+08 1.484588872653371361e+00
2.784941350080649853e+08 1.486203071148322064e+00
2.939188398646890521e+08 1.487873214618176787e+00
3.101978590138099790e+08 1.489601399454062447e+00
3.273785095948576927e+08 1.491389112216030099e+00
3.455107294592218399e+08 1.493238211177859487e+00
3.646472223212745190e+08 1.495151298042779686e+00
3.848436109487425089e+08 1.497129742338939806e+00
4.061585988376971483e+08 1.499175965209139427e+00
4.286541408420934081e+08 1.501291830653211923e+00
4.523956232538058162e+08 1.503479640048230204e+00
4.774520538566131592e+08 1.505741694689401555e+00
5.038962625065150261e+08 1.508080042969328627e+00
5.318051128214197159e+08 1.510497235932791726e+00
5.612597255954965353e+08 1.512995299195537102e+00
5.923457145875793695e+08 1.515577003158015357e+00
6.251534353689699173e+08 1.518244344717818217e+00
6.597782479539546967e+08 1.521000283036928247e+00
6.963207939763890505e+08 1.523846910414042410e+00
7.348872892180387974e+08 1.526787189834262870e+00
7.755898323389002085e+08 1.529823505296940001e+00
8.185467307069020271e+08 1.532958500936301593e+00
8.638828442740435600e+08 1.536194938576107338e+00
9.117299484984903336e+08 1.539535465867706954e+00
9.622271173675154448e+08 1.542982645100764438e+00
1.015521127634569168e+09 1.546539336940376819e+00
1.071766885445503354e+09 1.550208410130122783e+00
1.131127876593921423e+09 1.553992290557421052e+00
1.193776641714435816e+09 1.557894053873764006e+00
1.259895277795025826e+09 1.561916197989239308e+00
1.329675967466209888e+09 1.566061574416751423e+00
1.403321537605481863e+09 1.570332721533931331e+00
1.481046048880676985e+09 1.574732758559014290e+00
1.563075417945817471e+09 1.579263964740116100e+00
1.649648074098020792e+09 1.583928762375029553e+00
1.741015652304015398e+09 1.588729952175936377e+00
1.837443724610724926e+09 1.593669997838089936e+00
1.939212572065826893e+09 1.598750948930836024e+00
2.046617999391993999e+09 1.603975597836474920e+00
2.159972194782721519e+09 1.609345536581918479e+00
2.279604637318982124e+09 1.614863119967571592e+00
2.405863054644066811e+09 1.620530299600459134e+00
2.539114433680346966e+09 1.626348443294264978e+00
2.679746087325689316e+09 1.632319603094378513e+00
2.828166780230029583e+09 1.638444738138129519e+00
2.984807916924321175e+09 1.644725258510461030e+00
3.150124795755321503e+09 1.651162066009492779e+00
3.324597932270945072e+09 1.657755588257151080e+00
3.508734455902714729e+09 1.664506861466109378e+00
3.703069584005141258e+09 1.671415686658964672e+00
3.908168177536263943e+09 1.678482318660972972e+00
4.124626382901348114e+09 1.685705949060186892e+00
4.353073364731883049e+09 1.693086346910635864e+00
4.594173134636466980e+09 1.700622012535518701e+00
4.848626481239088058e+09 1.708312295181552365e+00
5.117173007114609718e+09 1.716155127299653582e+00
5.400593278542373657e+09 1.724148800035957274e+00
5.699711094326075554e+09 1.732291017786076859e+00
6.015395880274832726e+09 1.740579204928918600e+00
6.348565216305210114e+09 1.749010086194418667e+00
6.700187503509576797e+09 1.757581225301973582e+00
7.071284778942981720e+09 1.766288699816430219e+00
7.462935686310145378e+09 1.775128745074431746e+00
7.876278611187063217e+09 1.784097942966509143e+00
8.312514989890631676e+09 1.793191910324288818e+00
8.772912801613355637e+09 1.802406301094310548e+00
9.258810253973945618e+09 1.811737118557697590e+00
9.771619672696161270e+09 1.821179890805898482e+00
1.031283160672186852e+10 1.830729701178489988e+00
1.088401916069007683e+10 1.840383717698102162e+00
1.148684256737554741e+10 1.850136766330648497e+00
1.212305401337652779e+10 1.859985189254603322e+00
1.279450273207873344e+10 1.869925262549795075e+00
1.350314037869872093e+10 1.879953986860016801e+00
1.425102670302996254e+10 1.890068401980822266e+00
1.504033553638022041e+10 1.900265913539694873e+00
1.587336111010205460e+10 1.910544716950743016e+00
1.675252472408210373e+10 1.920903750376920405e+00
1.768038178457208633e+10 1.931341958020224903e+00
1.865962923181745911e+10 1.941859357406166442e+00
1.969311337907421875e+10 1.952456453377492629e+00
2.078383818579755020e+10 1.963134223839166026e+00
2.193497398905055618e+10 1.973894444582176666e+00
2.314986671851165771e+10 1.984739656153354570e+00
2.443204762186491776e+10 1.995672614500388908e+00
2.578524352884276581e+10 2.006695984822171930e+00
2.721338768375308609e+10 2.017814468285457075e+00
2.872063117797828293e+10 2.029031230657183826e+00
3.031135501567576218e+10 2.040350414087001241e+00
3.199018284775060654e+10 2.051776344200137103e+00
3.376199441111333084e+10 2.063312689789460475e+00
3.563193971228576660e+10 2.074963536662817631e+00
3.760545399658160400e+10 2.086732320549365749e+00
3.968827354637165833e+10 2.098622658703159782e+00
4.188645235435270691e+10 2.110636559939029766e+00
4.420637972028530121e+10 2.122776684947880188e+00
4.665479882234468079e+10 2.135043664636568028e+00
4.923882631706731415e+10 2.147439890224436265e+00
5.196597302486207581e+10 2.159964883507937916e+00
5.484416576121026611e+10 2.172618826043476226e+00
5.788177037701280212e+10 2.185401332824742582e+00
6.108761607505039978e+10 2.198311632878742206e+00
6.447102107323869324e+10 2.211348823624904369e+00
6.804181968927093506e+10 2.224511803919692277e+00
7.181039092537341309e+10 2.237800448152203359e+00
7.578768863625914001e+10 2.251214331988457218e+00
7.998527336796691895e+10 2.264752989144205753e+00
8.441534596012959290e+10 2.278417728577681878e+00
8.909078300934143066e+10 2.292209222729514551e+00
9.402517429670132446e+10 2.306129715223138366e+00
9.923286228832545471e+10 2.320181913107304705e+00
1.047289838236357422e+11 2.334367964854073385e+00
1.105295141126019745e+11 2.348692448238227204e+00
1.166513131698198547e+11 2.363158287292760118e+00
1.231121748203892059e+11 2.377769470738421376e+00
1.299308784200417175e+11 2.392529525520471267e+00
1.371272434398400879e+11 2.407441848428713893e+00
1.447221870741134338e+11 2.422508854147036761e+00
1.527377850390712280e+11 2.437732742501073080e+00
1.611973357388155518e+11 2.453115551687917062e+00
1.701254279852585754e+11 2.468658137208907366e+00
1.795480124687826843e+11 2.484360973861756250e+00
1.894924771873815918e+11 2.500224744949635980e+00
1.999877270535286865e+11 2.516249794397268591e+00
2.110642679101554871e+11 2.532437159820215111e+00
2.227542951999556274e+11 2.548787361100359750e+00
2.350917875457284546e+11 2.565303119993230574e+00
2.481126055137765198e+11 2.581986458339333712e+00
2.618545958474237976e+11 2.598840789014426722e+00
2.763577014736163330e+11 2.615869111547596937e+00
2.916640776023706665e+11 2.633075935065162465e+00
3.078182142565079956e+11 2.650464580310247786e+00
3.248670655878374634e+11 2.668038402571373258e+00
3.428601863556583252e+11 2.685800828513344563e+00
3.618498759642742920e+11 2.703754245265601597e+00
3.818913304781846313e+11 2.721900473794525155e+00
4.030428030568041992e+11 2.740240780352390271e+00
4.253657732750374146e+11 2.758777216517764863e+00
4.489251258218607788e+11 2.777510067318515130e+00
4.737893390963143921e+11 2.796443457160989965e+00
5.000306842491090088e+11 2.815578385687437457e+00
5.277254352483532104e+11 2.834919053402496392e+00
5.569540905800124512e+11 2.854469419378652173e+00
5.878016072274924316e+11 2.874233297336648452e+00
6.203576476104281006e+11 2.894214958980080077e+00
6.547168402004742432e+11 2.914417545533011022e+00
6.909790545715645752e+11 2.934845168367921531e+00
7.292496916841444092e+11 2.955498325494669398e+00
7.696399902471151123e+11 2.976381370532765303e+00
8.122673500479703369e+11 2.997495514933788296e+00
8.572556731909306641e+11 3.018843948138554723e+00
9.047357242349274902e+11 3.040429618824178171e+00
9.548455102782264404e+11 3.062257153050771841e+00
1.007730682094457642e+12 3.084331401698440445e+00
1.063544957486011230e+12 3.106655740965241996e+00
1.122450568085305908e+12 3.129235494727764966e+00
1.184618730902682373e+12 3.152072952273190953e+00
1.250230145991453369e+12 3.175172435973295126e+00
1.319475521676708740e+12 3.198535873577545985e+00
1.392556128874464844e+12 3.222167251258757137e+00
1.469684386112447510e+12 3.246069938479572592e+00
1.551084476952840576e+12 3.270249836991486969e+00
1.636993001611701904e+12 3.294711098308649166e+00
1.727659664669034668e+12 3.319458502726444493e+00
1.823348000868438477e+12 3.344497033449419732e+00
1.924336141115976074e+12 3.369829399929999525e+00
2.030917620904730713e+12 3.395460745994695273e+00
2.143402233514850098e+12 3.421393897804132056e+00
2.262116930469017090e+12 3.447634169965249740e+00
2.387406771860646973e+12 3.474187045118596995e+00
2.519635929317013672e+12 3.501058986087137281e+00
2.659188744512690918e+12 3.528252998905730742e+00
2.806470846309833008e+12 3.555775299794560418e+00
2.961910329772559570e+12 3.583628742974028114e+00
3.125959000482284180e+12 3.611820452237919366e+00
3.299093687770942383e+12 3.640353898411352596e+00
3.481817630688966309e+12 3.669236358500963302e+00
3.674661940736687988e+12 3.698473001235869084e+00
3.878187145610719727e+12 3.728069914871376511e+00
4.092984818452434082e+12 3.758031535850730354e+00
4.319679297334164551e+12 3.788363707641477784e+00
4.558929499981049805e+12 3.819072989398738738e+00
4.811430839003245117e+12 3.850165191444167689e+00
5.077917243205382812e+12 3.881647297120571771e+00
5.359163290848514648e+12 3.913524939792737189e+00
5.655986461065001953e+12 3.945804276015041800e+00
5.969249509970727539e+12 3.978491062679239576e+00
6.299862978380680664e+12 4.011593497317107904e+00
6.648787838417276367e+12 4.045118264360855420e+00
7.017038286703836914e+12 4.079071664397017294e+00
7.405684692262442383e+12 4.113460917506523096e+00
7.815856707684090820e+12 4.148293055362969994e+00
8.248746552614581055e+12 4.183575101485254244e+00
8.705612479099856445e+12 4.219315051462250388e+00
9.187782428863320312e+12 4.255521460685492308e+00
9.696657893145500000e+12 4.292200413482294863e+00
1.023371798632517188e+13 4.329360237055812632e+00
1.080052374516249609e+13 4.367010113394516502e+00
1.139872266616047852e+13 4.405157176132791008e+00
1.203005349423324219e+13 4.443810708332557091e+00
1.269635127659972852e+13 4.482977483316364697e+00
1.339955269659337109e+13 4.522668656788348507e+00
1.414170170289021094e+13 4.562890812941460261e+00
1.492495545051832227e+13 4.603655601317675483e+00
1.575159057091624414e+13 4.644970490487259518e+00
1.662400978926613477e+13 4.686846910751343742e+00
1.754474890833459570e+13 4.729291405533113668e+00
1.851648417912153906e+13 4.772316299425059860e+00
1.954204007974051562e+13 4.815930111380493983e+00
2.062439752514088281e+13 4.860145381670934128e+00
2.176670253153454688e+13 4.904970409205771986e+00
2.297227536071146484e+13 4.950417532599807657e+00
2.424462017082320703e+13 4.996497126496046270e+00
2.558743520168578516e+13 5.043219448142265193e+00
2.700462352420682031e+13 5.090596000404810084e+00
2.850030438518105078e+13 5.138641824552366622e+00
3.007882518043095703e+13 5.187363758616141851e+00
3.174477409109187109e+13 5.236776857096006488e+00
3.350299341977236719e+13 5.286893591102242773e+00
3.535859366535182812e+13 5.337724842587185492e+00
3.731696837732755469e+13 5.389285395091064856e+00
3.938380983288489062e+13 5.441588474577579326e+00
4.156512558225988281e+13 5.494646221028892441e+00
4.386725591048494531e+13 5.548475089031041030e+00
4.629689226627258594e+13 5.603085398100378534e+00
4.886109671160316406e+13 5.658494546037485584e+00
5.156732244854953125e+13 5.714714967796250100e+00
5.442343548300250000e+13 5.771763817966729881e+00
5.743773748826563281e+13 5.829654098397069717e+00
6.061898993497571875e+13 5.888403880002018198e+00
6.397643955748423438e+13 5.948027963845925470e+00
6.751984523072494531e+13 6.008543051114773270e+00
7.125950633568396875e+13 6.069966195470547277e+00
7.520629269592421875e+13 6.132312839348045053e+00
7.937167617217559375e+13 6.195602245375712691e+00
8.376776400682925000e+13 6.259852420718869936e+00
8.840733401525062500e+13 6.325080158268554520e+00
9.330387172620360938e+13 6.391305169253488572e+00
9.847160957933764062e+13 6.458547712862618972e+00
1.039255682936710938e+14 6.526825269536974616e+00
1.096816005273135781e+14 6.596156059156075280e+00
1.157564369553301094e+14 6.666563864348954205e+00
1.221677348996788125e+14 6.738070703468332034e+00
1.289341296525710469e+14 6.810692921063900229e+00
1.360752886424333125e+14 6.884456272837284452e+00
1.436119685999077188e+14 6.959383523788195802e+00
1.515660758900601250e+14 7.035497260321410984e+00
1.599607301861484688e+14 7.112815383841320838e+00
1.688203316700366250e+14 7.191366601252654256e+00
1.781706319545732500e+14 7.271176892924173352e+00
1.880388089340916562e+14 7.352269988418472124e+00
1.984535457805803125e+14 7.434670527566517251e+00
2.094451143151468750e+14 7.518402016077495809e+00
2.210454629971019375e+14 7.603500059862084548e+00
2.332883097864153438e+14 7.689981066065576520e+00
2.462092401494620625e+14 7.777879122861078187e+00
2.598458104929241875e+14 7.867222523313571081e+00
2.742376573264941250e+14 7.958040290091135560e+00
2.894266124716740000e+14 8.050362156187109264e+00
3.054568246515431875e+14 8.144217323416738097e+00
3.223748878149026875e+14 8.239641287027778205e+00
3.402299765678064375e+14 8.336663639468726572e+00
3.590739891061047500e+14 8.435320443157710457e+00
3.789616980644723750e+14 8.535638118185779888e+00
3.999509097203669375e+14 8.637657616089388313e+00
4.221026320156903125e+14 8.741417598162728453e+00
4.454812518844988750e+14 8.846946105753142220e+00
4.701547224022129375e+14 8.954282872882945554e+00
4.961947603002898125e+14 9.063466506611826290e+00
5.236770544204645000e+14 9.174538907814929090e+00
5.526814857144591875e+14 9.287543742979609718e+00
5.832923594286188750e+14 9.402507807527840100e+00
6.155986501483488750e+14 9.519485508336323676e+00
6.496942604146098750e+14 9.638517158602692092e+00
6.856782936641737500e+14 9.759642226758403538e+00
7.236553422869650000e+14 9.882909212037672475e+00
7.637357916378011250e+14 1.000837220541124672e+01
8.060361408861328750e+14 1.013606129293556712e+01
8.506793416364170000e+14 1.026603806128692398e+01
8.977951553033331250e+14 1.039834553930362482e+01
9.475205302806547500e+14 1.053304419862672603e+01
1.000000000000000000e+15 1.067017607968272941e+01
