1.000000000000000000e+08 5.985637026758887647e-01
1.055386103036523014e+08 5.989549667240577913e-01
1.113839826482618302e+08 5.993600105142917744e-01
1.175531073878367543e+08 5.997795409972498382e-01
1.240639159058834314e+08 6.002139151510600401e-01
1.309353327353612185e+08 6.006636672318247383e-01
1.381873305653633475e+08 6.011292938190009316e-01
1.458409882943986356e+08 6.016113915284249103e-01
1.539185522990205288e+08 6.021105138170675941e-01
1.624435010958865285e+08 6.026272345602809999e-01
1.714406135851968527e+08 6.031621136951089701e-01
1.809360410738712847e+08 6.037157309099728808e-01
1.909573832878100574e+08 6.042887891584427518e-01
2.015337685941735208e+08 6.048818699804658916e-01
2.126959386668691933e+08 6.054956944757028392e-01
2.244763378413223922e+08 6.061308209019551363e-01
2.369092074182631969e+08 6.067881102303165353e-01
2.500306851906321347e+08 6.074682007708746001e-01
2.638789104828929305e+08 6.081718594732214989e-01
2.784941350080649853e+08 6.088998400669085598e-01
2.939188398646890521e+08 6.096529135765208496e-01
3.101978590138099790e+08 6.104317864102332125e-01
3.273785095948576927e+08 6.112375744638260944e-01
3.455107294592218399e+08 6.120707876420975468e-01
3.646472223212745190e+08 6.129324328847187697e-01
3.848436109487425089e+08 6.138234206249207903e-01
4.061585988376971483e+08 6.147445380758991273e-01
4.286541408420934081e+08 6.156967947716289746e-01
4.523956232538058162e+08 6.166811219105551301e-01
4.774520538566131592e+08 6.176984798296830670e-01
5.038962625065150261e+08 6.187498310083504593e-01
5.318051128214197159e+08 6.198361247141584984e-01
5.612597255954965353e+08 6.209584633485247807e-01
5.923457145875793695e+08 6.221178634687118958e-01
6.251534353689699173e+08 6.233153132759631232e-01
6.597782479539546967e+08 6.245518877285201054e-01
6.963207939763890505e+08 6.258286817545525293e-01
7.348872892180387974e+08 6.271468017896870695e-01
7.755898323389002085e+08 6.285073168490460382e-01
8.185467307069020271e+08 6.299113261192309521e-01
8.638828442740435600e+08 6.313599761081059025e-01
9.117299484984903336e+08 6.328543716342810432e-01
9.622271173675154448e+08 6.343956541934656634e-01
1.015521127634569168e+09 6.359849077373619375e-01
1.071766885445503354e+09 6.376232142905056133e-01
1.131127876593921423e+09 6.393118134152389054e-01
1.193776641714435816e+09 6.410516621047696040e-01
1.259895277795025826e+09 6.428439324039721958e-01
1.329675967466209888e+09 6.446897272305404103e-01
1.403321537605481863e+09 6.465900500394371475e-01
1.481046048880676985e+09 6.485459548670881036e-01
1.563075417945817471e+09 6.505584615803832182e-01
1.649648074098020792e+09 6.526285003963052667e-01
1.741015652304015398e+09 6.547570761503460623e-01
1.837443724610724926e+09 6.569448999079033902e-01
1.939212572065826893e+09 6.591929366867269602e-01
2.046617999391993999e+09 6.615020356489123010e-01
2.159972194782721519e+09 6.638727387191832863e-01
2.279604637318982124e+09 6.663057808089213330e-01
2.405863054644066811e+09 6.688017649864465008e-01
2.539114433680346966e+09 6.713610748058713718e-01
2.679746087325689316e+09 6.739841537673524341e-01
2.828166780230029583e+09 6.766713324111699457e-01
2.984807916924321175e+09 6.794228687399803679e-01
3.150124795755321503e+09 6.822386528738815237e-01
3.324597932270945072e+09 6.851189174219469713e-01
3.508734455902714729e+09 6.880633433505490837e-01
3.703069584005141258e+09 6.910716866644515122e-01
3.908168177536263943e+09 6.941436218801391167e-01
4.124626382901348114e+09 6.972786185750198262e-01
4.353073364731883049e+09 7.004760236829203901e-01
4.594173134636466980e+09 7.037350867338214577e-01
4.848626481239088058e+09 7.070548162131510272e-01
5.117173007114609718e+09 7.104342618938492837e-01
5.400593278542373657e+09 7.138722151817231687e-01
5.699711094326075554e+09 7.173673770595382360e-01
6.015395880274832726e+09 7.209183333556589135e-01
6.348565216305210114e+09 7.245236939450830915e-01
6.700187503509576797e+09 7.281817587158895266e-01
7.071284778942981720e+09 7.318909466743723780e-01
7.462935686310145378e+09 7.356494709362271234e-01
7.876278611187063217e+09 7.394556424071168088e-01
8.312514989890631676e+09 7.433076660905827415e-01
8.772912801613355637e+09 7.472037021620456798e-01
9.258810253973945618e+09 7.511421743538132523e-01
9.771619672696161270e+09 7.551212712562095364e-01
1.031283160672186852e+10 7.591394902635772990e-01
1.088401916069007683e+10 7.631952774459828115e-01
1.148684256737554741e+10 7.672872741364296090e-01
1.212305401337652779e+10 7.714143601718652654e-01
1.279450273207873344e+10 7.755755403523961755e-01
1.350314037869872093e+10 7.797699527990641366e-01
1.425102670302996254e+10 7.839970663139594897e-01
1.504033553638022041e+10 7.882566305787993555e-01
1.587336111010205460e+10 7.925484149863556427e-01
1.675252472408210373e+10 7.968727307699311480e-01
1.768038178457208633e+10 8.012299485520861797e-01
1.865962923181745911e+10 8.056208437405389944e-01
1.969311337907421875e+10 8.100463020652431956e-01
2.078383818579755020e+10 8.145074681560263707e-01
2.193497398905055618e+10 8.190054742971880630e-01
2.314986671851165771e+10 8.235421808041896163e-01
2.443204762186491776e+10 8.281189350887924183e-01
2.578524352884276581e+10 8.327372788998675945e-01
2.721338768375308609e+10 8.373991369868877266e-01
2.872063117797828293e+10 8.421059431116156846e-01
3.031135501567576218e+10 8.468593934346267948e-01
3.199018284775060654e+10 8.516610610672611381e-01
3.376199441111333084e+10 8.565118633838210149e-01
3.563193971228576660e+10 8.614133009976365773e-01
3.760545399658160400e+10 8.663660832800303968e-01
3.968827354637165833e+10 8.713708856589810203e-01
4.188645235435270691e+10 8.764281577749135632e-01
4.420637972028530121e+10 8.815380861341419738e-01
4.665479882234468079e+10 8.867006716117891152e-01
4.923882631706731415e+10 8.919158758921401642e-01
5.196597302486207581e+10 8.971830790415001866e-01
5.484416576121026611e+10 9.025021715633149144e-01
5.788177037701280212e+10 9.078729500777553696e-01
6.108761607505039978e+10 9.132947899821771687e-01
6.447102107323869324e+10 9.187677935037188437e-01
6.804181968927093506e+10 9.242917747219758784e-01
7.181039092537341309e+10 9.298670546009938365e-01
7.578768863625914001e+10 9.354941370436229420e-01
7.998527336796691895e+10 9.411739476460982967e-01
8.441534596012959290e+10 9.469072603110142428e-01
8.909078300934143066e+10 9.526952768281793382e-01
9.402517429670132446e+10 9.585395163150525200e-01
9.923286228832545471e+10 9.644416237748379972e-01
1.047289838236357422e+11 9.704027342156628100e-01
1.105295141126019745e+11 9.764247056770687383e-01
1.166513131698198547e+11 9.825085098222074986e-01
1.231121748203892059e+11 9.886555646893747662e-01
1.299308784200417175e+11 9.948666543305961785e-01
1.371272434398400879e+11 1.001142524005175893e+00
1.447221870741134338e+11 1.007483496259641287e+00
1.527377850390712280e+11 1.013890017753240835e+00
1.611973357388155518e+11 1.020362237160074015e+00
1.701254279852585754e+11 1.026900126035353189e+00
1.795480124687826843e+11 1.033504348278889040e+00
1.894924771873815918e+11 1.040175189240287512e+00
1.999877270535286865e+11 1.046913311894381193e+00
2.110642679101554871e+11 1.053719910044202512e+00
2.227542951999556274e+11 1.060596126402945982e+00
2.350917875457284546e+11 1.067543401801878566e+00
2.481126055137765198e+11 1.074563292578954998e+00
2.618545958474237976e+11 1.081657259984999175e+00
2.763577014736163330e+11 1.088826861649277111e+00
2.916640776023706665e+11 1.096073407006045830e+00
3.078182142565079956e+11 1.103397740916570280e+00
3.248670655878374634e+11 1.110800813403353571e+00
3.428601863556583252e+11 1.118283186481325187e+00
3.618498759642742920e+11 1.125845337757716003e+00
3.818913304781846313e+11 1.133488061942580893e+00
4.030428030568041992e+11 1.141212045648966944e+00
4.253657732750374146e+11 1.149018532438780937e+00
4.489251258218607788e+11 1.156908980859367997e+00
4.737893390963143921e+11 1.164884692582000669e+00
5.000306842491090088e+11 1.172947549865424044e+00
5.277254352483532104e+11 1.181099078713587547e+00
5.569540905800124512e+11 1.189341036944258301e+00
5.878016072274924316e+11 1.197674308942255461e+00
6.203576476104281006e+11 1.206100163876600018e+00
6.547168402004742432e+11 1.214619544808725804e+00
6.909790545715645752e+11 1.223233149251534924e+00
7.292496916841444092e+11 1.231942302525245614e+00
7.696399902471151123e+11 1.240748382842650877e+00
8.122673500479703369e+11 1.249652983590664457e+00
8.572556731909306641e+11 1.258658137126928978e+00
9.047357242349274902e+11 1.267765280690844154e+00
9.548455102782264404e+11 1.276976305725263439e+00
1.007730682094457642e+12 1.286292947157465560e+00
1.063544957486011230e+12 1.295716052772353688e+00
1.122450568085305908e+12 1.305247111988214748e+00
1.184618730902682373e+12 1.314887285047493748e+00
1.250230145991453369e+12 1.324638404801562475e+00
1.319475521676708740e+12 1.334502218719311850e+00
1.392556128874464844e+12 1.344480920891030662e+00
1.469684386112447510e+12 1.354576326467493930e+00
1.551084476952840576e+12 1.364790133439371278e+00
1.636993001611701904e+12 1.375124279204196442e+00
1.727659664669034668e+12 1.385580080552269777e+00
1.823348000868438477e+12 1.396159065280876410e+00
1.924336141115976074e+12 1.406863327039563405e+00
2.030917620904730713e+12 1.417695128934435722e+00
2.143402233514850098e+12 1.428656481107146048e+00
2.262116930469017090e+12 1.439749977973675099e+00
2.387406771860646973e+12 1.450976761991976227e+00
2.519635929317013672e+12 1.462339167628863512e+00
2.659188744512690918e+12 1.473838786034345372e+00
2.806470846309833008e+12 1.485478313691032559e+00
2.961910329772559570e+12 1.497259963266470262e+00
3.125959000482284180e+12 1.509186287360159584e+00
3.299093687770942383e+12 1.521259228011835107e+00
3.481817630688966309e+12 1.533481179593637389e+00
3.674661940736687988e+12 1.545854210699594500e+00
3.878187145610719727e+12 1.558380650700281977e+00
4.092984818452434082e+12 1.571063470165516396e+00
4.319679297334164551e+12 1.583905446996213495e+00
4.558929499981049805e+12 1.596908446944826032e+00
4.811430839003245117e+12 1.610075282990362400e+00
5.077917243205382812e+12 1.623408593813745471e+00
5.359163290848514648e+12 1.636911073115006721e+00
5.655986461065001953e+12 1.650585916727846048e+00
5.969249509970727539e+12 1.664435619511615227e+00
6.299862978380680664e+12 1.678462872127710837e+00
6.648787838417276367e+12 1.692670601116657680e+00
7.017038286703836914e+12 1.707062191010175534e+00
7.405684692262442383e+12 1.721640462378170033e+00
7.815856707684090820e+12 1.736408615722388804e+00
8.248746552614581055e+12 1.751369601731724401e+00
8.705612479099856445e+12 1.766526754042462510e+00
9.187782428863320312e+12 1.781883959885880886e+00
9.696657893145500000e+12 1.797443388685130650e+00
1.023371798632517188e+13 1.813209449816164609e+00
1.080052374516249609e+13 1.829184970547397704e+00
1.139872266616047852e+13 1.845374299604137347e+00
1.203005349423324219e+13 1.861780566111326696e+00
1.269635127659972852e+13 1.878407446369722233e+00
1.339955269659337109e+13 1.895258679256308643e+00
1.414170170289021094e+13 1.912338557385854454e+00
1.492495545051832227e+13 1.929650808540701368e+00
1.575159057091624414e+13 1.947199508957796033e+00
1.662400978926613477e+13 1.964988371668053846e+00
1.754474890833459570e+13 1.983022418990911362e+00
1.851648417912153906e+13 2.001305232100849985e+00
1.954204007974051562e+13 2.019841388598385912e+00
2.062439752514088281e+13 2.038635236728978839e+00
2.176670253153454688e+13 2.057691727308601504e+00
2.297227536071146484e+13 2.077015200339230372e+00
2.424462017082320703e+13 2.096610370605642704e+00
2.558743520168578516e+13 2.116482476365386667e+00
2.700462352420682031e+13 2.136635881329230102e+00
2.850030438518105078e+13 2.157076008580384396e+00
3.007882518043095703e+13 2.177807946467618105e+00
3.174477409109187109e+13 2.198837197245767872e+00
3.350299341977236719e+13 2.220168753563472652e+00
3.535859366535182812e+13 2.241808617244063218e+00
3.731696837732755469e+13 2.263761606723829090e+00
3.938380983288489062e+13 2.286034519549554833e+00
4.156512558225988281e+13 2.308632064278502316e+00
4.386725591048494531e+13 2.331561173764860495e+00
4.629689226627258594e+13 2.354827406840582338e+00
4.886109671160316406e+13 2.378437928805469337e+00
5.156732244854953125e+13 2.402398426195171854e+00
5.442343548300250000e+13 2.426714403646750284e+00
5.743773748826563281e+13 2.451394283169742838e+00
6.061898993497571875e+13 2.476444525046123335e+00
6.397643955748423438e+13 2.501871448690791588e+00
6.751984523072494531e+13 2.527682340165534836e+00
7.125950633568396875e+13 2.553885199957494745e+00
7.520629269592421875e+13 2.580486281176974650e+00
7.937167617217559375e+13 2.607494037756032501e+00
8.376776400682925000e+13 2.634916249985830738e+00
8.840733401525062500e+13 2.662760905279081936e+00
9.330387172620360938e+13 2.691035422815558409e+00
9.847160957933764062e+13 2.719748835012703925e+00
1.039255682936710938e+14 2.748909540153908093e+00
1.096816005273135781e+14 2.778526395472412425e+00
1.157564369553301094e+14 2.808607775566422937e+00
1.221677348996788125e+14 2.839162960788252033e+00
1.289341296525710469e+14 2.870201392195880885e+00
1.360752886424333125e+14 2.901732906299292036e+00
1.436119685999077188e+14 2.933766630214897031e+00
1.515660758900601250e+14 2.966312722086900333e+00
1.599607301861484688e+14 2.999381524721735914e+00
1.688203316700366250e+14 3.032983480373076635e+00
1.781706319545732500e+14 3.067128962478762322e+00
1.880388089340916562e+14 3.101829448869334094e+00
1.984535457805803125e+14 3.137095582923132842e+00
2.094451143151468750e+14 3.172939085797130243e+00
2.210454629971019375e+14 3.209371993586477512e+00
2.332883097864153438e+14 3.246405208324798952e+00
2.462092401494620625e+14 3.284051876959745986e+00
2.598458104929241875e+14 3.322324368458122290e+00
2.742376573264941250e+14 3.361235383255321452e+00
2.894266124716740000e+14 3.400798868048763524e+00
3.054568246515431875e+14 3.441026576858152275e+00
3.223748878149026875e+14 3.481934599642659389e+00
3.402299765678064375e+14 3.523534969254201954e+00
3.590739891061047500e+14 3.565842971995042632e+00
3.789616980644723750e+14 3.608873780563270905e+00
3.999509097203669375e+14 3.652641790644783892e+00
4.221026320156903125e+14 3.697164214995444897e+00
4.454812518844988750e+14 3.742453779349733001e+00
4.701547224022129375e+14 3.788530643757556771e+00
4.961947603002898125e+14 3.835408432368981657e+00
5.236770544204645000e+14 3.883105932009701444e+00
5.526814857144591875e+14 3.931639900581753277e+00
5.832923594286188750e+14 3.981028219704012105e+00
6.155986501483488750e+14 4.031290346251954482e+00
6.496942604146098750e+14 4.082443655068463961e+00
6.856782936641737500e+14 4.134509666284194473e+00
7.236553422869650000e+14 4.187505791709844161e+00
7.637357916378011250e+14 4.241453130251970904e+00
8.060361408861328750e+14 4.296372888556193814e+00
8.506793416364170000e+14 4.352286370250785019e+00
8.977951553033331250e+14 4.409214758244033305e+00
9.475205302806547500e+14 4.467180896644686428e+00
1.000000000000000000e+15 4.526208805406946922e+00
