1.000000000000000000e+08 1.413200401405540596e+00
1.055386103036523014e+08 1.414036572956645754e+00
1.113839826482618302e+08 1.414902332994198986e+00
1.175531073878367543e+08 1.415799082763369965e+00
1.240639159058834314e+08 1.416727735017387468e+00
1.309353327353612185e+08 1.417689393064419656e+00
1.381873305653633475e+08 1.418685110262071447e+00
1.458409882943986356e+08 1.419716170065392191e+00
1.539185522990205288e+08 1.420783702515371560e+00
1.624435010958865285e+08 1.421889136882186655e+00
1.714406135851968527e+08 1.423033528132860326e+00
1.809360410738712847e+08 1.424218234150511631e+00
1.909573832878100574e+08 1.425444527548110685e+00
2.015337685941735208e+08 1.426714268415596232e+00
2.126959386668691933e+08 1.428028487268858226e+00
2.244763378413223922e+08 1.429388465024246768e+00
2.369092074182631969e+08 1.430796209523162110e+00
2.500306851906321347e+08 1.432253170470914050e+00
2.638789104828929305e+08 1.433760759654258976e+00
2.784941350080649853e+08 1.435320810375106504e+00
2.939188398646890521e+08 1.436935122190238223e+00
3.101978590138099790e+08 1.438605183550683453e+00
3.273785095948576927e+08 1.440333097219207659e+00
3.455107294592218399e+08 1.442120433144884251e+00
3.646472223212745190e+08 1.443969432549861764e+00
3.848436109487425089e+08 1.445881523045894790e+00
4.061585988376971483e+08 1.447859156744803588e+00
4.286541408420934081e+08 1.449904189172951163e+00
4.523956232538058162e+08 1.452018657257375889e+00
4.774520538566131592e+08 1.454204814639925125e+00
5.038962625065150261e+08 1.456464719133091279e+00
5.318051128214197159e+08 1.458800872128461990e+00
5.612597255954965353e+08 1.461215150482223057e+00
5.923457145875793695e+08 1.463710357738150725e+00
6.251534353689699173e+08 1.466288351475266483e+00
6.597782479539546967e+08 1.468951832025882975e+00
6.963207939763890505e+08 1.471703261604316637e+00
7.348872892180387974e+08 1.474544948632317665e+00
7.755898323389002085e+08 1.477479416697743408e+00
8.185467307069020271e+08 1.480509193065806084e+00
8.638828442740435600e+08 1.483637017569054528e+00
9.117299484984903336e+08 1.486865368460606129e+00
9.622271173675154448e+08 1.490196867562421312e+00
1.015521127634569168e+09 1.493634405744102445e+00
1.071766885445503354e+09 1.497180321837442207e+00
1.131127876593921423e+09 1.500837156992856469e+00
1.193776641714435816e+09 1.504607973148995193e+00
1.259895277795025826e+09 1.508494964644482739e+00
1.329675967466209888e+09 1.512501162067572791e+00
1.403321537605481863e+09 1.516628937866280502e+00
1.481046048880676985e+09 1.520881053877924938e+00
1.563075417945817471e+09 1.525259978076702883e+00
1.649648074098020792e+09 1.529768069887178283e+00
1.741015652304015398e+09 1.534407767570937331e+00
1.837443724610724926e+09 1.539181583662059483e+00
1.939212572065826893e+09 1.544091901998521310e+00
2.046617999391993999e+09 1.549140700031903739e+00
2.159972194782721519e+09 1.554329787671411278e+00
2.279604637318982124e+09 1.559661963241339100e+00
2.405863054644066811e+09 1.565138218992275565e+00
2.539114433680346966e+09 1.570760491100007927e+00
2.679746087325689316e+09 1.576530401616747179e+00
2.828166780230029583e+09 1.582449196801742897e+00
2.984807916924321175e+09 1.588518092987254438e+00
3.150124795755321503e+09 1.594737953765957394e+00
3.324597932270945072e+09 1.601109205841130478e+00
3.508734455902714729e+09 1.607632730600272009e+00
3.703069584005141258e+09 1.614308451145964218e+00
3.908168177536263943e+09 1.621136215899856570e+00
4.124626382901348114e+09 1.628116075182771461e+00
4.353073364731883049e+09 1.635246983530135756e+00
4.594173134636466980e+09 1.642528137125566223e+00
4.848626481239088058e+09 1.649958392297983245e+00
5.117173007114609718e+09 1.657535956375260966e+00
5.400593278542373657e+09 1.665259008173706645e+00
5.699711094326075554e+09 1.673125560852113614e+00
6.015395880274832726e+09 1.681132985539450120e+00
6.348565216305210114e+09 1.689278340242099885e+00
6.700187503509576797e+09 1.697558946361628740e+00
7.071284778942981720e+09 1.705971055867572028e+00
7.462935686310145378e+09 1.714511390196387319e+00
7.876278611187063217e+09 1.723175968094756927e+00
8.312514989890631676e+09 1.731961070051786233e+00
8.772912801613355637e+09 1.740862488809732378e+00
9.258810253973945618e+09 1.749876208796487198e+00
9.771619672696161270e+09 1.758997813765952989e+00
1.031283160672186852e+10 1.768223237771871403e+00
1.088401916069007683e+10 1.777548492647844869e+00
1.148684256737554741e+10 1.786969563427741825e+00
1.212305401337652779e+10 1.796482648693850770e+00
1.279450273207873344e+10 1.806084226008527027e+00
1.350314037869872093e+10 1.815771241395243818e+00
1.425102670302996254e+10 1.825540978904176548e+00
1.504033553638022041e+10 1.835391037767190037e+00
1.587336111010205460e+10 1.845319789963485224e+00
1.675252472408210373e+10 1.855325449821446648e+00
1.768038178457208633e+10 1.865407691951803448e+00
1.865962923181745911e+10 1.875566487075742694e+00
1.969311337907421875e+10 1.885802308502907421e+00
2.078383818579755020e+10 1.896116026416833966e+00
2.193497398905055618e+10 1.906509734823540025e+00
2.314986671851165771e+10 1.916985115132406436e+00
2.443204762186491776e+10 1.927545241727808500e+00
2.578524352884276581e+10 1.938193333705517718e+00
2.721338768375308609e+10 1.948932952704087507e+00
2.872063117797828293e+10 1.959767874995979708e+00
3.031135501567576218e+10 1.970701759571417577e+00
3.199018284775060654e+10 1.981738460989813211e+00
3.376199441111333084e+10 1.992882281201134864e+00
3.563193971228576660e+10 2.004136435724230392e+00
3.760545399658160400e+10 2.015505104152969906e+00
3.968827354637165833e+10 2.026990430206424776e+00
4.188645235435270691e+10 2.038595433789291089e+00
4.420637972028530121e+10 2.050322521761058780e+00
4.665479882234468079e+10 2.062172464497204150e+00
4.923882631706731415e+10 2.074146636459408111e+00
5.196597302486207581e+10 2.086245248501782168e+00
5.484416576121026611e+10 2.098468704719553379e+00
5.788177037701280212e+10 2.110816168000402726e+00
6.108761607505039978e+10 2.123286922605374993e+00
6.447102107323869324e+10 2.135880614109400888e+00
6.804181968927093506e+10 2.148595474368123703e+00
7.181039092537341309e+10 2.161431649637190144e+00
7.578768863625914001e+10 2.174388574254374262e+00
7.998527336796691895e+10 2.187466344156212550e+00
8.441534596012959290e+10 2.200665507157008260e+00
8.909078300934143066e+10 2.213987504861690159e+00
9.402517429670132446e+10 2.227433579398600649e+00
9.923286228832545471e+10 2.241007321521296447e+00
1.047289838236357422e+11 2.254710753983614424e+00
1.105295141126019745e+11 2.268547291475363270e+00
1.166513131698198547e+11 2.282520957967875574e+00
1.231121748203892059e+11 2.296634776297358460e+00
1.299308784200417175e+11 2.310892459749169792e+00
1.371272434398400879e+11 2.325297381446586265e+00
1.447221870741134338e+11 2.339851886555041283e+00
1.527377850390712280e+11 2.354557988061008356e+00
1.611973357388155518e+11 2.369417304265852842e+00
1.701254279852585754e+11 2.384430858553668653e+00
1.795480124687826843e+11 2.399599598464724703e+00
1.894924771873815918e+11 2.414923250357820184e+00
1.999877270535286865e+11 2.430402467128412791e+00
2.110642679101554871e+11 2.446039130133609074e+00
2.227542951999556274e+11 2.461833283577194553e+00
2.350917875457284546e+11 2.477786590361981567e+00
2.481126055137765198e+11 2.493902473453913249e+00
2.618545958474237976e+11 2.510183049015125789e+00
2.763577014736163330e+11 2.526631980297012969e+00
2.916640776023706665e+11 2.543253092943646543e+00
3.078182142565079956e+11 2.560050198206579086e+00
3.248670655878374634e+11 2.577026149672885236e+00
3.428601863556583252e+11 2.594184259307639628e+00
3.618498759642742920e+11 2.611526835628006360e+00
3.818913304781846313e+11 2.629055583852692113e+00
4.030428030568041992e+11 2.646772111792691895e+00
4.253657732750374146e+11 2.664677602889213404e+00
4.489251258218607788e+11 2.682773842610773229e+00
4.737893390963143921e+11 2.701062671792979319e+00
5.000306842491090088e+11 2.719546797639337488e+00
5.277254352483532104e+11 2.738229235426288266e+00
5.569540905800124512e+11 2.757114452043427644e+00
5.878016072274924316e+11 2.776205919236295117e+00
6.203576476104281006e+11 2.795508134659324462e+00
6.547168402004742432e+11 2.815023604048258576e+00
6.909790545715645752e+11 2.834756032737453246e+00
7.292496916841444092e+11 2.854707400255187544e+00
7.696399902471151123e+11 2.874879959633050763e+00
8.122673500479703369e+11 2.895275960794049475e+00
8.572556731909306641e+11 2.915898262705081567e+00
9.047357242349274902e+11 2.936750187696097303e+00
9.548455102782264404e+11 2.957835167596094550e+00
1.007730682094457642e+12 2.979158234453271881e+00
1.063544957486011230e+12 3.000723909842494930e+00
1.122450568085305908e+12 3.022535380050171749e+00
1.184618730902682373e+12 3.044596541882334861e+00
1.250230145991453369e+12 3.066910193239397842e+00
1.319475521676708740e+12 3.089479494214713906e+00
1.392556128874464844e+12 3.112307311935991194e+00
1.469684386112447510e+12 3.135397436230987545e+00
1.551084476952840576e+12 3.158754682510783507e+00
1.636993001611701904e+12 3.182384251023517852e+00
1.727659664669034668e+12 3.206290620453278617e+00
1.823348000868438477e+12 3.230477566426261049e+00
1.924336141115976074e+12 3.254949516598500736e+00
2.030917620904730713e+12 3.279708977373835044e+00
2.143402233514850098e+12 3.304760286334672781e+00
2.262116930469017090e+12 3.330108732923727111e+00
2.387406771860646973e+12 3.355759136200210602e+00
2.519635929317013672e+12 3.381716982539493266e+00
2.659188744512690918e+12 3.407986432443472768e+00
2.806470846309833008e+12 3.434572970561886152e+00
2.961910329772559570e+12 3.461480354349918631e+00
3.125959000482284180e+12 3.488713597771544883e+00
3.299093687770942383e+12 3.516276974974007707e+00
3.481817630688966309e+12 3.544178174375819612e+00
3.674661940736687988e+12 3.572421365781519587e+00
3.878187145610719727e+12 3.601012475025598292e+00
4.092984818452434082e+12 3.629956561266221460e+00
4.319679297334164551e+12 3.659257483671921829e+00
4.558929499981049805e+12 3.688922942947266304e+00
4.811430839003245117e+12 3.718958867015242920e+00
5.077917243205382812e+12 3.749370970563286498e+00
5.359163290848514648e+12 3.780165458954400481e+00
5.655986461065001953e+12 3.811347721560075286e+00
5.969249509970727539e+12 3.842924237346527772e+00
6.299862978380680664e+12 3.874901228386542495e+00
6.648787838417276367e+12 3.907287497811002819e+00
7.017038286703836914e+12 3.940087341647486863e+00
7.405684692262442383e+12 3.973308454313181581e+00
7.815856707684090820e+12 4.006957130073915962e+00
8.248746552614581055e+12 4.041040513809952550e+00
8.705612479099856445e+12 4.075567196512448476e+00
9.187782428863320312e+12 4.110543378380122626e+00
9.696657893145500000e+12 4.145976380140298012e+00
1.023371798632517188e+13 4.181873960591485861e+00
1.080052374516249609e+13 4.218245171907097024e+00
1.139872266616047852e+13 4.255095942454435232e+00
1.203005349423324219e+13 4.292436287285966046e+00
1.269635127659972852e+13 4.330273915179911448e+00
1.339955269659337109e+13 4.368616069139831026e+00
1.414170170289021094e+13 4.407473878006817003e+00
1.492495545051832227e+13 4.446853726578769539e+00
1.575159057091624414e+13 4.486766031011575784e+00
1.662400978926613477e+13 4.527219152314456707e+00
1.754474890833459570e+13 4.568222168918497417e+00
1.851648417912153906e+13 4.609785982758768164e+00
1.954204007974051562e+13 4.651920038486796471e+00
2.062439752514088281e+13 4.694633795480642746e+00
2.176670253153454688e+13 4.737937350325786667e+00
2.297227536071146484e+13 4.781840591823462105e+00
2.424462017082320703e+13 4.826355597460577407e+00
2.558743520168578516e+13 4.871491939813910044e+00
2.700462352420682031e+13 4.917261033766001432e+00
2.850030438518105078e+13 4.963674718846583289e+00
3.007882518043095703e+13 5.010743311042926251e+00
3.174477409109187109e+13 5.058479619941775418e+00
3.350299341977236719e+13 5.106894972633320151e+00
3.535859366535182812e+13 5.156001905899057824e+00
3.731696837732755469e+13 5.205812921446394625e+00
3.938380983288489062e+13 5.256341346495443823e+00
4.156512558225988281e+13 5.307598609440775661e+00
4.386725591048494531e+13 5.359598382191729016e+00
4.629689226627258594e+13 5.412356656335698624e+00
4.886109671160316406e+13 5.465883989730166981e+00
5.156732244854953125e+13 5.520197537352574457e+00
5.442343548300250000e+13 5.575309659258135930e+00
5.743773748826563281e+13 5.631237045769869276e+00
6.061898993497571875e+13 5.687993642741394851e+00
6.397643955748423438e+13 5.745594385751144451e+00
6.751984523072494531e+13 5.804056241349485390e+00
7.125950633568396875e+13 5.863394992179441267e+00
7.520629269592421875e+13 5.923627400217894134e+00
7.937167617217559375e+13 5.984769535896256265e+00
8.376776400682925000e+13 6.046839961770743344e+00
8.840733401525062500e+13 6.109854843228990973e+00
9.330387172620360938e+13 6.173834465636428348e+00
9.847160957933764062e+13 6.238794537353027359e+00
1.039255682936710938e+14 6.304755834327457897e+00
1.096816005273135781e+14 6.371737427778805696e+00
1.157564369553301094e+14 6.439758682160154457e+00
1.221677348996788125e+14 6.508838649990628333e+00
1.289341296525710469e+14 6.578999644789227830e+00
1.360752886424333125e+14 6.650263065119946582e+00
1.436119685999077188e+14 6.722648177932276425e+00
1.515660758900601250e+14 6.796179000830234962e+00
1.599607301861484688e+14 6.870878513071058791e+00
1.688203316700366250e+14 6.946768130593578228e+00
1.781706319545732500e+14 7.023871873291271939e+00
1.880388089340916562e+14 7.102213884736113592e+00
1.984535457805803125e+14 7.181820342527441170e+00
2.094451143151468750e+14 7.262716656401270399e+00
2.210454629971019375e+14 7.344924790841076856e+00
2.332883097864153438e+14 7.428475968877054747e+00
2.462092401494620625e+14 7.513395917396554324e+00
2.598458104929241875e+14 7.599710255184327856e+00
2.742376573264941250e+14 7.687448740003505421e+00
2.894266124716740000e+14 7.776641152604022444e+00
3.054568246515431875e+14 7.867318141542566146e+00
3.223748878149026875e+14 7.959507661012820812e+00
3.402299765678064375e+14 8.053241022535397420e+00
3.590739891061047500e+14 8.148555245449301765e+00
3.789616980644723750e+14 8.245471860569178801e+00
3.999509097203669375e+14 8.344036479066030410e+00
4.221026320156903125e+14 8.444280241973574519e+00
4.454812518844988750e+14 8.546234453833386979e+00
4.701547224022129375e+14 8.649936374283768714e+00
4.961947603002898125e+14 8.755424889342281247e+00
5.236770544204645000e+14 8.862733244173032432e+00
5.526814857144591875e+14 8.971906593083094350e+00
5.832923594286188750e+14 9.082981160970536649e+00
6.155986501483488750e+14 9.195995726041948259e+00
6.496942604146098750e+14 9.310993359599107677e+00
6.856782936641737500e+14 9.428019245274809279e+00
7.236553422869650000e+14 9.547110430766277744e+00
7.637357916378011250e+14 9.668319601008480646e+00
8.060361408861328750e+14 9.791687887183599059e+00
8.506793416364170000e+14 9.917265817042295595e+00
8.977951553033331250e+14 1.004509825784563759e+01
9.475205302806547500e+14 1.017523175128731694e+01
1.000000000000000000e+15 1.030772146669437639e+01
