1.000000000000000000e+08 1.588699501853528373e+00
1.055386103036523014e+08 1.589637085548445405e+00
1.113839826482618302e+08 1.590608216892839044e+00
1.175531073878367543e+08 1.591613886998867189e+00
1.240639159058834314e+08 1.592655283189887694e+00
1.309353327353612185e+08 1.593733645628125695e+00
1.381873305653633475e+08 1.594850497296729674e+00
1.458409882943986356e+08 1.596006954314591386e+00
1.539185522990205288e+08 1.597204076459977973e+00
1.624435010958865285e+08 1.598443653369817197e+00
1.714406135851968527e+08 1.599727071177940996e+00
1.809360410738712847e+08 1.601055884136069141e+00
1.909573832878100574e+08 1.602431377238125121e+00
2.015337685941735208e+08 1.603855253784280510e+00
2.126959386668691933e+08 1.605329122187827862e+00
2.244763378413223922e+08 1.606854600512522380e+00
2.369092074182631969e+08 1.608433551582574950e+00
2.500306851906321347e+08 1.610067352818716380e+00
2.638789104828929305e+08 1.611758372459574318e+00
2.784941350080649853e+08 1.613507943564582714e+00
2.939188398646890521e+08 1.615318524854060467e+00
3.101978590138099790e+08 1.617191611018248043e+00
3.273785095948576927e+08 1.619129613241930610e+00
3.455107294592218399e+08 1.621134192480740310e+00
3.646472223212745190e+08 1.623207951625892598e+00
3.848436109487425089e+08 1.625352768980192986e+00
4.061585988376971483e+08 1.627570777428723803e+00
4.286541408420934081e+08 1.629864586084420086e+00
4.523956232538058162e+08 1.632236096005262205e+00
4.774520538566131592e+08 1.634688372580610061e+00
5.038962625065150261e+08 1.637223280864877006e+00
5.318051128214197159e+08 1.639843474165546100e+00
5.612597255954965353e+08 1.642551553299247846e+00
5.923457145875793695e+08 1.645350337655596240e+00
6.251534353689699173e+08 1.648241961162776548e+00
6.597782479539546967e+08 1.651229521634165476e+00
6.963207939763890505e+08 1.654315686802445340e+00
7.348872892180387974e+08 1.657503110208492947e+00
7.755898323389002085e+08 1.660794976752378194e+00
8.185467307069020271e+08 1.664193552260753606e+00
8.638828442740435600e+08 1.667702307915615023e+00
9.117299484984903336e+08 1.671323889779540162e+00
9.622271173675154448e+08 1.675061062733635531e+00
1.015521127634569168e+09 1.678917209190808446e+00
1.071766885445503354e+09 1.682894839335355996e+00
1.131127876593921423e+09 1.686997367106218615e+00
1.193776641714435816e+09 1.691227354572182762e+00
1.259895277795025826e+09 1.695588193693458257e+00
1.329675967466209888e+09 1.700082510760100751e+00
1.403321537605481863e+09 1.704713737060443712e+00
1.481046048880676985e+09 1.709484230688924189e+00
1.563075417945817471e+09 1.714397009639416991e+00
1.649648074098020792e+09 1.719454834309303015e+00
1.741015652304015398e+09 1.724660713359678965e+00
1.837443724610724926e+09 1.730017007166186005e+00
1.939212572065826893e+09 1.735526537765508026e+00
2.046617999391993999e+09 1.741191674724386074e+00
2.159972194782721519e+09 1.747014635810937966e+00
2.279604637318982124e+09 1.752997624080440575e+00
2.405863054644066811e+09 1.759143015635129981e+00
2.539114433680346966e+09 1.765452241045463611e+00
2.679746087325689316e+09 1.771927441120520808e+00
2.828166780230029583e+09 1.778569897548428758e+00
2.984807916924321175e+09 1.785380975585879160e+00
3.150124795755321503e+09 1.792361472258897415e+00
3.324597932270945072e+09 1.799512563876907612e+00
3.508734455902714729e+09 1.806834454671080614e+00
3.703069584005141258e+09 1.814327648821272065e+00
3.908168177536263943e+09 1.821991838600360181e+00
4.124626382901348114e+09 1.829826747847768331e+00
4.353073364731883049e+09 1.837831734689439278e+00
4.594173134636466980e+09 1.846005839441062779e+00
4.848626481239088058e+09 1.854347407123791314e+00
5.117173007114609718e+09 1.862855083229977948e+00
5.400593278542373657e+09 1.871526060247675760e+00
5.699711094326075554e+09 1.880358839619620248e+00
6.015395880274832726e+09 1.889349902036511430e+00
6.348565216305210114e+09 1.898496738515514037e+00
6.700187503509576797e+09 1.907795385411323874e+00
7.071284778942981720e+09 1.917242524572556839e+00
7.462935686310145378e+09 1.926834091462252374e+00
7.876278611187063217e+09 1.936565269603250705e+00
8.312514989890631676e+09 1.946432407999221015e+00
8.772912801613355637e+09 1.956430939546033088e+00
9.258810253973945618e+09 1.966555646351906494e+00
9.771619672696161270e+09 1.976802094479529925e+00
1.031283160672186852e+10 1.987165976017192026e+00
1.088401916069007683e+10 1.997641724587241319e+00
1.148684256737554741e+10 2.008226027346652121e+00
1.212305401337652779e+10 2.018913836574377285e+00
1.279450273207873344e+10 2.029701384638515460e+00
1.350314037869872093e+10 2.040585286135061960e+00
1.425102670302996254e+10 2.051562405580424020e+00
1.504033553638022041e+10 2.062629809853573359e+00
1.587336111010205460e+10 2.073785713059300928e+00
1.675252472408210373e+10 2.085028620337514127e+00
1.768038178457208633e+10 2.096357387269288886e+00
1.865962923181745911e+10 2.107772166300310612e+00
1.969311337907421875e+10 2.119273600719955297e+00
2.078383818579755020e+10 2.130862650703809980e+00
2.193497398905055618e+10 2.142541019075076658e+00
2.314986671851165771e+10 2.154311496951115679e+00
2.443204762186491776e+10 2.166176895234563027e+00
2.578524352884276581e+10 2.178140773750475656e+00
2.721338768375308609e+10 2.190207253212628657e+00
2.872063117797828293e+10 2.202380359072984461e+00
3.031135501567576218e+10 2.214664693415438368e+00
3.199018284775060654e+10 2.227064064112386887e+00
3.376199441111333084e+10 2.239583974572370018e+00
3.563193971228576660e+10 2.252227551492212765e+00
3.760545399658160400e+10 2.264999283806814923e+00
3.968827354637165833e+10 2.277902200364948726e+00
4.188645235435270691e+10 2.290939400792221470e+00
4.420637972028530121e+10 2.304113829951705217e+00
4.665479882234468079e+10 2.317426170518106510e+00
4.923882631706731415e+10 2.330878264550011902e+00
5.196597302486207581e+10 2.344470405408842772e+00
5.484416576121026611e+10 2.358202708879486575e+00
5.788177037701280212e+10 2.372073956179282295e+00
6.108761607505039978e+10 2.386084620032241865e+00
6.447102107323869324e+10 2.400232830388592475e+00
6.804181968927093506e+10 2.414518200348685362e+00
7.181039092537341309e+10 2.428939434363548866e+00
7.578768863625914001e+10 2.443496340133199052e+00
7.998527336796691895e+10 2.458189444648165800e+00
8.441534596012959290e+10 2.473018905864968975e+00
8.909078300934143066e+10 2.487986192171993238e+00
9.402517429670132446e+10 2.503093396662205095e+00
9.923286228832545471e+10 2.518342801248860674e+00
1.047289838236357422e+11 2.533738535488680998e+00
1.105295141126019745e+11 2.549283683810990908e+00
1.166513131698198547e+11 2.564982303537690189e+00
1.231121748203892059e+11 2.580838474624448597e+00
1.299308784200417175e+11 2.596856376480217055e+00
1.371272434398400879e+11 2.613038727734263045e+00
1.447221870741134338e+11 2.629389357856161791e+00
1.527377850390712280e+11 2.645910483129297219e+00
1.611973357388155518e+11 2.662603903155722485e+00
1.701254279852585754e+11 2.679470615749206086e+00
1.795480124687826843e+11 2.696511378547578719e+00
1.894924771873815918e+11 2.713726625595910935e+00
1.999877270535286865e+11 2.731117106136575323e+00
2.110642679101554871e+11 2.748683548164246204e+00
2.227542951999556274e+11 2.766427711900962816e+00
2.350917875457284546e+11 2.784350674815540216e+00
2.481126055137765198e+11 2.802455628639495711e+00
2.618545958474237976e+11 2.820745165342700922e+00
2.763577014736163330e+11 2.839224570659426572e+00
2.916640776023706665e+11 2.857896995525259332e+00
3.078182142565079956e+11 2.876766916519696515e+00
3.248670655878374634e+11 2.895837649426482141e+00
3.428601863556583252e+11 2.915113404269389363e+00
3.618498759642742920e+11 2.934595689975904698e+00
3.818913304781846313e+11 2.954287131014464940e+00
4.030428030568041992e+11 2.974190135072106056e+00
4.253657732750374146e+11 2.994305299977208623e+00
4.489251258218607788e+11 3.014634553404563544e+00
4.737893390963143921e+11 3.035180028888016412e+00
5.000306842491090088e+11 3.055945166944360469e+00
5.277254352483532104e+11 3.076933023791646349e+00
5.569540905800124512e+11 3.098148194541562983e+00
5.878016072274924316e+11 3.119595158317973294e+00
6.203576476104281006e+11 3.141278571324113589e+00
6.547168402004742432e+11 3.163201740525518169e+00
6.909790545715645752e+11 3.185368885360558622e+00
7.292496916841444092e+11 3.207781016302241550e+00
7.696399902471151123e+11 3.230442347137914449e+00
8.122673500479703369e+11 3.253354998564005562e+00
8.572556731909306641e+11 3.276520852614970281e+00
9.047357242349274902e+11 3.299945041879012830e+00
9.548455102782264404e+11 3.323631268397532423e+00
1.007730682094457642e+12 3.347585048512607742e+00
1.063544957486011230e+12 3.371810024939945194e+00
1.122450568085305908e+12 3.396311822080481324e+00
1.184618730902682373e+12 3.421093968570133814e+00
1.250230145991453369e+12 3.446159947980360183e+00
1.319475521676708740e+12 3.471513084231249380e+00
1.392556128874464844e+12 3.497156249679694628e+00
1.469684386112447510e+12 3.523094438251055838e+00
1.551084476952840576e+12 3.549332317207813503e+00
1.636993001611701904e+12 3.575876262857700549e+00
1.727659664669034668e+12 3.602730796583939021e+00
1.823348000868438477e+12 3.629900116908062024e+00
1.924336141115976074e+12 3.657389338605188112e+00
2.030917620904730713e+12 3.685201998922461364e+00
2.143402233514850098e+12 3.713343329065547760e+00
2.262116930469017090e+12 3.741816713992246690e+00
2.387406771860646973e+12 3.770630149058946223e+00
2.519635929317013672e+12 3.799788444803171128e+00
2.659188744512690918e+12 3.829297202962150592e+00
2.806470846309833008e+12 3.859161473796063113e+00
2.961910329772559570e+12 3.889386665749639427e+00
3.125959000482284180e+12 3.919976779768135966e+00
3.299093687770942383e+12 3.950938615789080455e+00
3.481817630688966309e+12 3.982279535827248029e+00
3.674661940736687988e+12 4.014004351577641572e+00
3.878187145610719727e+12 4.046119706698935836e+00
4.092984818452434082e+12 4.078631447535221000e+00
4.319679297334164551e+12 4.111544498716941831e+00
4.558929499981049805e+12 4.144866759774079590e+00
4.811430839003245117e+12 4.178604823600028162e+00
5.077917243205382812e+12 4.212765359705028523e+00
5.359163290848514648e+12 4.247356008481869338e+00
5.655986461065001953e+12 4.282380979877920879e+00
5.969249509970727539e+12 4.317849317986925506e+00
6.299862978380680664e+12 4.353767920406963476e+00
6.648787838417276367e+12 4.390144377153132993e+00
7.017038286703836914e+12 4.426987056345023319e+00
7.405684692262442383e+12 4.464301561311974531e+00
7.815856707684090820e+12 4.502096097469223679e+00
8.248746552614581055e+12 4.540380056273956022e+00
8.705612479099856445e+12 4.579160903713181519e+00
9.187782428863320312e+12 4.618446992434637188e+00
9.696657893145500000e+12 4.658245215877830248e+00
1.023371798632517188e+13 4.698565944664061078e+00
1.080052374516249609e+13 4.739417991190317814e+00
1.139872266616047852e+13 4.780809885549551552e+00
1.203005349423324219e+13 4.822750366459940707e+00
1.269635127659972852e+13 4.865248462723723577e+00
1.339955269659337109e+13 4.908314919583952829e+00
1.414170170289021094e+13 4.951959265290088119e+00
1.492495545051832227e+13 4.996189120258438976e+00
1.575159057091624414e+13 5.041017344371661935e+00
1.662400978926613477e+13 5.086453697903742466e+00
1.754474890833459570e+13 5.132508000373796619e+00
1.851648417912153906e+13 5.179191321233220791e+00
1.954204007974051562e+13 5.226513819286219054e+00
2.062439752514088281e+13 5.274489617124972440e+00
2.176670253153454688e+13 5.323124838570929107e+00
2.297227536071146484e+13 5.372436344118087348e+00
2.424462017082320703e+13 5.422431968188613283e+00
2.558743520168578516e+13 5.473126934281136613e+00
2.700462352420682031e+13 5.524532101918300242e+00
2.850030438518105078e+13 5.576660770585018412e+00
3.007882518043095703e+13 5.629524818574923373e+00
3.174477409109187109e+13 5.683138635133340166e+00
3.350299341977236719e+13 5.737516058815695708e+00
3.535859366535182812e+13 5.792668807147922649e+00
3.731696837732755469e+13 5.848612923861014501e+00
3.938380983288489062e+13 5.905359390099548023e+00
4.156512558225988281e+13 5.962928380415837282e+00
4.386725591048494531e+13 6.021330687863515330e+00
4.629689226627258594e+13 6.080581962260745321e+00
4.886109671160316406e+13 6.140699729604808255e+00
5.156732244854953125e+13 6.201697581226214062e+00
5.442343548300250000e+13 6.263594564446377966e+00
5.743773748826563281e+13 6.326405064506354314e+00
6.061898993497571875e+13 6.390146562840364197e+00
6.397643955748423438e+13 6.454837095328230134e+00
6.751984523072494531e+13 6.520494465488978264e+00
7.125950633568396875e+13 6.587134694215033726e+00
7.520629269592421875e+13 6.654779479838373923e+00
7.937167617217559375e+13 6.723446260246301875e+00
8.376776400682925000e+13 6.793154408869291672e+00
8.840733401525062500e+13 6.863924023680750608e+00
9.330387172620360938e+13 6.935772840403561013e+00
9.847160957933764062e+13 7.008726687948310108e+00
1.039255682936710938e+14 7.082803737930424504e+00
1.096816005273135781e+14 7.158026893358324649e+00
1.157564369553301094e+14 7.234415406144135474e+00
1.221677348996788125e+14 7.311994048870341878e+00
1.289341296525710469e+14 7.390785184519458539e+00
1.360752886424333125e+14 7.470813460399317485e+00
1.436119685999077188e+14 7.552103504813032941e+00
1.515660758900601250e+14 7.634679789149854123e+00
1.599607301861484688e+14 7.718566024522282909e+00
1.688203316700366250e+14 7.803791035979185331e+00
1.781706319545732500e+14 7.890376795774439955e+00
1.880388089340916562e+14 7.978352216282537768e+00
1.984535457805803125e+14 8.067749776021200248e+00
2.094451143151468750e+14 8.158591585436761662e+00
2.210454629971019375e+14 8.250912195053496490e+00
2.332883097864153438e+14 8.344735865493003502e+00
2.462092401494620625e+14 8.440096194129754537e+00
2.598458104929241875e+14 8.537022855994447212e+00
2.742376573264941250e+14 8.635550033841390416e+00
2.894266124716740000e+14 8.735706995107982209e+00
3.054568246515431875e+14 8.837530867539117096e+00
3.223748878149026875e+14 8.941053477566494934e+00
3.402299765678064375e+14 9.046310272586538304e+00
3.590739891061047500e+14 9.153340561215285831e+00
3.789616980644723750e+14 9.262175323105248381e+00
3.999509097203669375e+14 9.372851826011986631e+00
4.221026320156903125e+14 9.485415070553770533e+00
4.454812518844988750e+14 9.599898087164811855e+00
4.701547224022129375e+14 9.716347693487673354e+00
4.961947603002898125e+14 9.834797400082186059e+00
5.236770544204645000e+14 9.955296821745346136e+00
5.526814857144591875e+14 1.007788459604959641e+01
5.832923594286188750e+14 1.020260361326531928e+01
6.155986501483488750e+14 1.032950615296126173e+01
6.496942604146098750e+14 1.045863608805057332e+01
6.856782936641737500e+14 1.059003866300778895e+01
7.236553422869650000e+14 1.072376190194798973e+01
7.637357916378011250e+14 1.085986258436552987e+01
8.060361408861328750e+14 1.099838982663683851e+01
8.506793416364170000e+14 1.113939223340658735e+01
8.977951553033331250e+14 1.128292400035380005e+01
9.475205302806547500e+14 1.142904473709092628e+01
1.000000000000000000e+15 1.157780992881501092e+01
