1.000000000000000000e+08 1.038536072909606256e+00
1.055386103036523014e+08 1.039158151305464850e+00
1.113839826482618302e+08 1.039802257951438769e+00
1.175531073878367543e+08 1.040469441282711349e+00
1.240639159058834314e+08 1.041160305002964970e+00
1.309353327353612185e+08 1.041875730384062670e+00
1.381873305653633475e+08 1.042616466011238474e+00
1.458409882943986356e+08 1.043383597550900488e+00
1.539185522990205288e+08 1.044177736892816233e+00
1.624435010958865285e+08 1.044999990306784587e+00
1.714406135851968527e+08 1.045851371011216058e+00
1.809360410738712847e+08 1.046732561672197415e+00
1.909573832878100574e+08 1.047644915479681194e+00
2.015337685941735208e+08 1.048589301193382228e+00
2.126959386668691933e+08 1.049566795785524143e+00
2.244763378413223922e+08 1.050578491210814036e+00
2.369092074182631969e+08 1.051625597596799411e+00
2.500306851906321347e+08 1.052709203599645704e+00
2.638789104828929305e+08 1.053830559379037357e+00
2.784941350080649853e+08 1.054990961181197173e+00
2.939188398646890521e+08 1.056191497716587380e+00
3.101978590138099790e+08 1.057433644612508328e+00
3.273785095948576927e+08 1.058718607679777657e+00
3.455107294592218399e+08 1.060047881818335425e+00
3.646472223212745190e+08 1.061422799624544888e+00
3.848436109487425089e+08 1.062844688599680953e+00
4.061585988376971483e+08 1.064315234511684416e+00
4.286541408420934081e+08 1.065835938395637505e+00
4.523956232538058162e+08 1.067408160341518419e+00
4.774520538566131592e+08 1.069033652911594023e+00
5.038962625065150261e+08 1.070713958416075196e+00
5.318051128214197159e+08 1.072450652015457528e+00
5.612597255954965353e+08 1.074245689758605238e+00
5.923457145875793695e+08 1.076100418240813594e+00
6.251534353689699173e+08 1.078016956908306456e+00
6.597782479539546967e+08 1.079996638738586867e+00
6.963207939763890505e+08 1.082041701106926990e+00
7.348872892180387974e+08 1.084153658609902759e+00
7.755898323389002085e+08 1.086334531330718223e+00
8.185467307069020271e+08 1.088586226298709603e+00
8.638828442740435600e+08 1.090910577470006082e+00
9.117299484984903336e+08 1.093309508443080613e+00
9.622271173675154448e+08 1.095784832570717793e+00
1.015521127634569168e+09 1.098338614899385224e+00
1.071766885445503354e+09 1.100973013954048785e+00
1.131127876593921423e+09 1.103689394906115506e+00
1.193776641714435816e+09 1.106490144891984606e+00
1.259895277795025826e+09 1.109377303367662382e+00
1.329675967466209888e+09 1.112352513028343370e+00
1.403321537605481863e+09 1.115417801212714943e+00
1.481046048880676985e+09 1.118575071238434138e+00
1.563075417945817471e+09 1.121826030278010755e+00
1.649648074098020792e+09 1.125172761810927513e+00
1.741015652304015398e+09 1.128616857945826224e+00
1.837443724610724926e+09 1.132159857183987040e+00
1.939212572065826893e+09 1.135803795924921422e+00
2.046617999391993999e+09 1.139549994007899247e+00
2.159972194782721519e+09 1.143400178701900138e+00
2.279604637318982124e+09 1.147355524720356179e+00
2.405863054644066811e+09 1.151417368932393215e+00
2.539114433680346966e+09 1.155587026219739410e+00
2.679746087325689316e+09 1.159865275763598547e+00
2.828166780230029583e+09 1.164253304017039081e+00
2.984807916924321175e+09 1.168751854902895682e+00
3.150124795755321503e+09 1.173361619212373474e+00
3.324597932270945072e+09 1.178082676221002822e+00
3.508734455902714729e+09 1.182915752920368879e+00
3.703069584005141258e+09 1.187860491413066377e+00
3.908168177536263943e+09 1.192917154272258085e+00
4.124626382901348114e+09 1.198085180046716713e+00
4.353073364731883049e+09 1.203364054627536150e+00
4.594173134636466980e+09 1.208753045874982668e+00
4.848626481239088058e+09 1.214251149435490618e+00
5.117173007114609718e+09 1.219857023037981936e+00
5.400593278542373657e+09 1.225569234626506132e+00
5.699711094326075554e+09 1.231386267507799115e+00
6.015395880274832726e+09 1.237306125000669832e+00
6.348565216305210114e+09 1.243326565604840006e+00
6.700187503509576797e+09 1.249445352996253700e+00
7.071284778942981720e+09 1.255660002814660281e+00
7.462935686310145378e+09 1.261967836817917910e+00
7.876278611187063217e+09 1.268365971029118411e+00
8.312514989890631676e+09 1.274851632300159299e+00
8.772912801613355637e+09 1.281421670278453329e+00
9.258810253973945618e+09 1.288072779804355195e+00
9.771619672696161270e+09 1.294802386765215862e+00
1.031283160672186852e+10 1.301607274960127736e+00
1.088401916069007683e+10 1.308484250393861181e+00
1.148684256737554741e+10 1.315430734148343994e+00
1.212305401337652779e+10 1.322443857440413595e+00
1.279450273207873344e+10 1.329521043038920380e+00
1.350314037869872093e+10 1.336660347982859598e+00
1.425102670302996254e+10 1.343859715469529981e+00
1.504033553638022041e+10 1.351117665785914745e+00
1.587336111010205460e+10 1.358432840687820331e+00
1.675252472408210373e+10 1.365804429829762912e+00
1.768038178457208633e+10 1.373232450680050398e+00
1.865962923181745911e+10 1.380716535481571805e+00
1.969311337907421875e+10 1.388257289864572863e+00
2.078383818579755020e+10 1.395856007646912644e+00
2.193497398905055618e+10 1.403513670691933557e+00
2.314986671851165771e+10 1.411232539461987789e+00
2.443204762186491776e+10 1.419014257374006771e+00
2.578524352884276581e+10 1.426861490623422712e+00
2.721338768375308609e+10 1.434776801564405346e+00
2.872063117797828293e+10 1.442763030331602359e+00
3.031135501567576218e+10 1.450823186557209876e+00
3.199018284775060654e+10 1.458960096801346085e+00
3.376199441111333084e+10 1.467176463091367733e+00
3.563193971228576660e+10 1.475475093301822138e+00
3.760545399658160400e+10 1.483858244506641721e+00
3.968827354637165833e+10 1.492328264989949860e+00
4.188645235435270691e+10 1.500886712559187597e+00
4.420637972028530121e+10 1.509535082723107546e+00
4.665479882234468079e+10 1.518274231220621218e+00
4.923882631706731415e+10 1.527104643189370670e+00
5.196597302486207581e+10 1.536026776770569535e+00
5.484416576121026611e+10 1.545040226621228197e+00
5.788177037701280212e+10 1.554144685094235534e+00
6.108761607505039978e+10 1.563339624982446052e+00
6.447102107323869324e+10 1.572624457567384448e+00
6.804181968927093506e+10 1.581998444645523305e+00
7.181039092537341309e+10 1.591461441297908230e+00
7.578768863625914001e+10 1.601012875323313711e+00
7.998527336796691895e+10 1.610653393364681829e+00
8.441534596012959290e+10 1.620383248882149019e+00
8.909078300934143066e+10 1.630203984432879061e+00
9.402517429670132446e+10 1.640116620842136053e+00
9.923286228832545471e+10 1.650123232218630109e+00
1.047289838236357422e+11 1.660226223607252027e+00
1.105295141126019745e+11 1.670428102366268153e+00
1.166513131698198547e+11 1.680731619896057794e+00
1.231121748203892059e+11 1.691138973500665221e+00
1.299308784200417175e+11 1.701653015493123311e+00
1.371272434398400879e+11 1.712275679826727126e+00
1.447221870741134338e+11 1.723008952813115835e+00
1.527377850390712280e+11 1.733854217270533793e+00
1.611973357388155518e+11 1.744812062434840882e+00
1.701254279852585754e+11 1.755883712801843410e+00
1.795480124687826843e+11 1.767069173358813083e+00
1.894924771873815918e+11 1.778368982277032551e+00
1.999877270535286865e+11 1.789783369734921026e+00
2.110642679101554871e+11 1.801313294464690795e+00
2.227542951999556274e+11 1.812959403262515590e+00
2.350917875457284546e+11 1.824723317968166780e+00
2.481126055137765198e+11 1.836606963042033858e+00
2.618545958474237976e+11 1.848612762892500871e+00
2.763577014736163330e+11 1.860743131259407601e+00
2.916640776023706665e+11 1.873001008005838575e+00
3.078182142565079956e+11 1.885389275686438326e+00
3.248670655878374634e+11 1.897909450093705264e+00
3.428601863556583252e+11 1.910564603625428237e+00
3.618498759642742920e+11 1.923355496153559052e+00
3.818913304781846313e+11 1.936283653892184375e+00
4.030428030568041992e+11 1.949349799368535585e+00
4.253657732750374146e+11 1.962555665051883835e+00
4.489251258218607788e+11 1.975901822016872256e+00
4.737893390963143921e+11 1.989390150880821606e+00
5.000306842491090088e+11 2.003022876420786691e+00
5.277254352483532104e+11 2.016802529200370842e+00
5.569540905800124512e+11 2.030731988235330299e+00
5.878016072274924316e+11 2.044813783626540094e+00
6.203576476104281006e+11 2.059051378811511235e+00
6.547168402004742432e+11 2.073446858677486571e+00
6.909790545715645752e+11 2.088002232552076176e+00
7.292496916841444092e+11 2.102718847204110730e+00
7.696399902471151123e+11 2.117598722759262753e+00
8.122673500479703369e+11 2.132643698574625546e+00
8.572556731909306641e+11 2.147855488249271527e+00
9.047357242349274902e+11 2.163236817419249114e+00
9.548455102782264404e+11 2.178791102228307075e+00
1.007730682094457642e+12 2.194521033713580316e+00
1.063544957486011230e+12 2.210430142747671578e+00
1.122450568085305908e+12 2.226521127156388058e+00
1.184618730902682373e+12 2.242796303404527958e+00
1.250230145991453369e+12 2.259257462378753356e+00
1.319475521676708740e+12 2.275907434270385998e+00
1.392556128874464844e+12 2.292748278797714701e+00
1.469684386112447510e+12 2.309783377884878863e+00
1.551084476952840576e+12 2.327015800273760870e+00
1.636993001611701904e+12 2.344449485851017201e+00
1.727659664669034668e+12 2.362087600501581619e+00
1.823348000868438477e+12 2.379932824139069591e+00
1.924336141115976074e+12 2.397987924946550997e+00
2.030917620904730713e+12 2.416256094082712025e+00
2.143402233514850098e+12 2.434739920058015539e+00
2.262116930469017090e+12 2.453443031671433516e+00
2.387406771860646973e+12 2.472369356606591850e+00
2.519635929317013672e+12 2.491523128246043939e+00
2.659188744512690918e+12 2.510907195007040738e+00
2.806470846309833008e+12 2.530524957626417049e+00
2.961910329772559570e+12 2.550379855692794795e+00
3.125959000482284180e+12 2.570475317900474010e+00
3.299093687770942383e+12 2.590814918794892119e+00
3.481817630688966309e+12 2.611404555219335233e+00
3.674661940736687988e+12 2.632246066831701370e+00
3.878187145610719727e+12 2.653345300320689493e+00
4.092984818452434082e+12 2.674704436955236186e+00
4.319679297334164551e+12 2.696328301389339988e+00
4.558929499981049805e+12 2.718220720586723704e+00
4.811430839003245117e+12 2.740387724203076747e+00
5.077917243205382812e+12 2.762832305281115897e+00
5.359163290848514648e+12 2.785559439656049019e+00
5.655986461065001953e+12 2.808573084560633593e+00
5.969249509970727539e+12 2.831878108011610440e+00
6.299862978380680664e+12 2.855479864658444722e+00
6.648787838417276367e+12 2.879382621865736791e+00
7.017038286703836914e+12 2.903592191559236646e+00
7.405684692262442383e+12 2.928112066301107319e+00
7.815856707684090820e+12 2.952948238048510810e+00
8.248746552614581055e+12 2.978106152154288644e+00
8.705612479099856445e+12 3.003591539449527392e+00
9.187782428863320312e+12 3.029408894437514377e+00
9.696657893145500000e+12 3.055564064644269440e+00
1.023371798632517188e+13 3.082062559716892469e+00
1.080052374516249609e+13 3.108911106000475488e+00
1.139872266616047852e+13 3.136115118044195960e+00
1.203005349423324219e+13 3.163679455431348320e+00
1.269635127659972852e+13 3.191611549872230835e+00
1.339955269659337109e+13 3.219917892120078395e+00
1.414170170289021094e+13 3.248603981653946704e+00
1.492495545051832227e+13 3.277676341012572880e+00
1.575159057091624414e+13 3.307142290547208763e+00
1.662400978926613477e+13 3.337008975641925446e+00
1.754474890833459570e+13 3.367281500009303929e+00
1.851648417912153906e+13 3.397969105116589894e+00
1.954204007974051562e+13 3.429077297014245573e+00
2.062439752514088281e+13 3.460614344903214512e+00
2.176670253153454688e+13 3.492587869635640718e+00
2.297227536071146484e+13 3.525005064707063873e+00
2.424462017082320703e+13 3.557873235255336830e+00
2.558743520168578516e+13 3.591201712899498855e+00
2.700462352420682031e+13 3.624998487497987032e+00
2.850030438518105078e+13 3.659270765315658647e+00
3.007882518043095703e+13 3.694028244065939326e+00
3.174477409109187109e+13 3.729278246061459967e+00
3.350299341977236719e+13 3.765031947817881974e+00
3.535859366535182812e+13 3.801296238174607822e+00
3.731696837732755469e+13 3.838080667466237106e+00
3.938380983288489062e+13 3.875395379579996025e+00
4.156512558225988281e+13 3.913250436149537492e+00
4.386725591048494531e+13 3.951654720657825859e+00
4.629689226627258594e+13 3.990618176160423580e+00
4.886109671160316406e+13 4.030152234416807921e+00
5.156732244854953125e+13 4.070266675841570425e+00
5.442343548300250000e+13 4.110971808699495078e+00
5.743773748826563281e+13 4.152279878380343625e+00
6.061898993497571875e+13 4.194200748714616900e+00
6.397643955748423438e+13 4.236746987625913619e+00
6.751984523072494531e+13 4.279929374476518333e+00
7.125950633568396875e+13 4.323760995841999133e+00
7.520629269592421875e+13 4.368252954352341177e+00
7.937167617217559375e+13 4.413419181317380868e+00
8.376776400682925000e+13 4.459270696133665446e+00
8.840733401525062500e+13 4.505821329734970959e+00
9.330387172620360938e+13 4.553085810401467093e+00
9.847160957933764062e+13 4.601075240507960906e+00
1.039255682936710938e+14 4.649805622343304634e+00
1.096816005273135781e+14 4.699289885605361761e+00
1.157564369553301094e+14 4.749543395305787286e+00
1.221677348996788125e+14 4.800580867200467061e+00
1.289341296525710469e+14 4.852417975406471129e+00
1.360752886424333125e+14 4.905070515653505048e+00
1.436119685999077188e+14 4.958553715114488725e+00
1.515660758900601250e+14 5.012884168367587989e+00
1.599607301861484688e+14 5.068078491492260973e+00
1.688203316700366250e+14 5.124154036522119426e+00
1.781706319545732500e+14 5.181128602027486707e+00
1.880388089340916562e+14 5.239019173640633298e+00
1.984535457805803125e+14 5.297843911458220312e+00
2.094451143151468750e+14 5.357622960343546126e+00
2.210454629971019375e+14 5.418376306670333875e+00
2.332883097864153438e+14 5.480120113632236389e+00
2.462092401494620625e+14 5.542875797876186006e+00
2.598458104929241875e+14 5.606666242233129260e+00
2.742376573264941250e+14 5.671510235494421792e+00
2.894266124716740000e+14 5.737428757762260467e+00
3.054568246515431875e+14 5.804448201773672267e+00
3.223748878149026875e+14 5.872586254521228177e+00
3.402299765678064375e+14 5.941866693132210386e+00
3.590739891061047500e+14 6.012314437961182811e+00
3.789616980644723750e+14 6.083954867831386615e+00
3.999509097203669375e+14 6.156810924023736753e+00
4.221026320156903125e+14 6.230908654740245467e+00
4.454812518844988750e+14 6.306273798564021149e+00
4.701547224022129375e+14 6.382933177550000892e+00
4.961947603002898125e+14 6.460913983718784337e+00
5.236770544204645000e+14 6.540243654571540333e+00
5.526814857144591875e+14 6.620952549890129823e+00
5.832923594286188750e+14 6.703068942137804243e+00
6.155986501483488750e+14 6.786621463535723819e+00
6.496942604146098750e+14 6.871644306129731206e+00
6.856782936641737500e+14 6.958165825527941273e+00
7.236553422869650000e+14 7.046219191535207038e+00
7.637357916378011250e+14 7.135837960357716447e+00
8.060361408861328750e+14 7.227056712354757551e+00
8.506793416364170000e+14 7.319909525551263840e+00
8.977951553033331250e+14 7.414431876392566956e+00
9.475205302806547500e+14 7.510660229153009126e+00
1.000000000000000000e+15 7.608633342132825383e+00
