1.000000000000000000e+08 7.426366654111233867e-01
1.055386103036523014e+08 7.430975692462942206e-01
1.113839826482618302e+08 7.435749833151072963e-01
1.175531073878367543e+08 7.440692466800170601e-01
1.240639159058834314e+08 7.445811589957894716e-01
1.309353327353612185e+08 7.451111982009099854e-01
1.381873305653633475e+08 7.456600283282167618e-01
1.458409882943986356e+08 7.462283123858559630e-01
1.539185522990205288e+08 7.468166195825363118e-01
1.624435010958865285e+08 7.474258105613637015e-01
1.714406135851968527e+08 7.480564040285904159e-01
1.809360410738712847e+08 7.487090102988507301e-01
1.909573832878100574e+08 7.493847979627924483e-01
2.015337685941735208e+08 7.500842874048166964e-01
2.126959386668691933e+08 7.508081548035803188e-01
2.244763378413223922e+08 7.515573797181016591e-01
2.369092074182631969e+08 7.523326943051584781e-01
2.500306851906321347e+08 7.531350057130280495e-01
2.638789104828929305e+08 7.539652594709388422e-01
2.784941350080649853e+08 7.548243261633131862e-01
2.939188398646890521e+08 7.557130328814983811e-01
3.101978590138099790e+08 7.566324513934823415e-01
3.273785095948576927e+08 7.575833642580469540e-01
3.455107294592218399e+08 7.585671208473722116e-01
3.646472223212745190e+08 7.595845939721519446e-01
3.848436109487425089e+08 7.606367867514191028e-01
4.061585988376971483e+08 7.617247762758796448e-01
4.286541408420934081e+08 7.628496585800641494e-01
4.523956232538058162e+08 7.640126994743901001e-01
4.774520538566131592e+08 7.652148572998819231e-01
5.038962625065150261e+08 7.664574751948589615e-01
5.318051128214197159e+08 7.677417340894299169e-01
5.612597255954965353e+08 7.690688391995601503e-01
5.923457145875793695e+08 7.704399006075641765e-01
6.251534353689699173e+08 7.718564670134790973e-01
6.597782479539546967e+08 7.733194643139565949e-01
6.963207939763890505e+08 7.748305927954410866e-01
7.348872892180387974e+08 7.763909588456927580e-01
7.755898323389002085e+08 7.780017954121087875e-01
8.185467307069020271e+08 7.796647972501788981e-01
8.638828442740435600e+08 7.813810376029595162e-01
9.117299484984903336e+08 7.831519514709249785e-01
9.622271173675154448e+08 7.849790528253947075e-01
1.015521127634569168e+09 7.868635594951182144e-01
1.071766885445503354e+09 7.888070702592204775e-01
1.131127876593921423e+09 7.908107893566572733e-01
1.193776641714435816e+09 7.928761894952612854e-01
1.259895277795025826e+09 7.950046967968251721e-01
1.329675967466209888e+09 7.971975361508797375e-01
1.403321537605481863e+09 7.994561699430158264e-01
1.481046048880676985e+09 8.017818938914587079e-01
1.563075417945817471e+09 8.041759979424473181e-01
1.649648074098020792e+09 8.066396919142480026e-01
1.741015652304015398e+09 8.091742753064854465e-01
1.837443724610724926e+09 8.117809252891580174e-01
1.939212572065826893e+09 8.144607804455146205e-01
2.046617999391993999e+09 8.172148449365731482e-01
2.159972194782721519e+09 8.200441950172079331e-01
2.279604637318982124e+09 8.229496882860192208e-01
2.405863054644066811e+09 8.259321217188091424e-01
2.539114433680346966e+09 8.289923315754892386e-01
2.679746087325689316e+09 8.321310193369152453e-01
2.828166780230029583e+09 8.353487037042559571e-01
2.984807916924321175e+09 8.386457238317623908e-01
3.150124795755321503e+09 8.420224004728908973e-01
3.324597932270945072e+09 8.454791645831138958e-01
3.508734455902714729e+09 8.490157178192714316e-01
3.703069584005141258e+09 8.526322254893755614e-01
3.908168177536263943e+09 8.563282510698562167e-01
4.124626382901348114e+09 8.601036420674739169e-01
4.353073364731883049e+09 8.639575472251735944e-01
4.594173134636466980e+09 8.678894344643943715e-01
4.848626481239088058e+09 8.718983744303208105e-01
5.117173007114609718e+09 8.759832081915319701e-01
5.400593278542373657e+09 8.801428941559699126e-01
5.699711094326075554e+09 8.843759619611888390e-01
6.015395880274832726e+09 8.886809835734426066e-01
6.348565216305210114e+09 8.930561656048928709e-01
6.700187503509576797e+09 8.974997679558591734e-01
7.071284778942981720e+09 9.020098624542975951e-01
7.462935686310145378e+09 9.065844460657526138e-01
7.876278611187063217e+09 9.112215245656358764e-01
8.312514989890631676e+09 9.159188097229297165e-01
8.772912801613355637e+09 9.206740849007286620e-01
9.258810253973945618e+09 9.254851975052051927e-01
9.771619672696161270e+09 9.303500944988946086e-01
1.031283160672186852e+10 9.352664211657886195e-01
1.088401916069007683e+10 9.402322449959465978e-01
1.148684256737554741e+10 9.452457912167518961e-01
1.212305401337652779e+10 9.503050935784642661e-01
1.279450273207873344e+10 9.554086764827200984e-01
1.350314037869872093e+10 9.605550222083175660e-01
1.425102670302996254e+10 9.657432971971052771e-01
1.504033553638022041e+10 9.709724277903472034e-01
1.587336111010205460e+10 9.762419731763831710e-01
1.675252472408210373e+10 9.815515737419090447e-01
1.768038178457208633e+10 9.869014687373339756e-01
1.865962923181745911e+10 9.922918397723168304e-01
1.969311337907421875e+10 9.977236631624242236e-01
2.078383818579755020e+10 1.003197690205787085e+00
2.193497398905055618e+10 1.008715496678463497e+00
2.314986671851165771e+10 1.014278054550013852e+00
2.443204762186491776e+10 1.019887674003280287e+00
2.578524352884276581e+10 1.025545991174154681e+00
2.721338768375308609e+10 1.031255185554275089e+00
2.872063117797828293e+10 1.037017132192431301e+00
3.031135501567576218e+10 1.042834058481944437e+00
3.199018284775060654e+10 1.048707845791303050e+00
3.376199441111333084e+10 1.054640488465562242e+00
3.563193971228576660e+10 1.060633462251421300e+00
3.760545399658160400e+10 1.066688695647120211e+00
3.968827354637165833e+10 1.072807077277803334e+00
4.188645235435270691e+10 1.078989909917998702e+00
4.420637972028530121e+10 1.085237446281406282e+00
4.665479882234468079e+10 1.091550450506464154e+00
4.923882631706731415e+10 1.097928834729818615e+00
5.196597302486207581e+10 1.104372419504622060e+00
5.484416576121026611e+10 1.110881167754611543e+00
5.788177037701280212e+10 1.117454441382216723e+00
6.108761607505039978e+10 1.124092048135512112e+00
6.447102107323869324e+10 1.130793414361182858e+00
6.804181968927093506e+10 1.137558178072050508e+00
7.181039092537341309e+10 1.144386169620307037e+00
7.578768863625914001e+10 1.151277943816013449e+00
7.998527336796691895e+10 1.158233602844013443e+00
8.441534596012959290e+10 1.165254055705430947e+00
8.909078300934143066e+10 1.172340271112133347e+00
9.402517429670132446e+10 1.179493826993740280e+00
9.923286228832545471e+10 1.186716519675680592e+00
1.047289838236357422e+11 1.194009558015290073e+00
1.105295141126019745e+11 1.201375238694827985e+00
1.166513131698198547e+11 1.208815530552584949e+00
1.231121748203892059e+11 1.216332051466190389e+00
1.299308784200417175e+11 1.223926176687170964e+00
1.371272434398400879e+11 1.231599326116221693e+00
1.447221870741134338e+11 1.239352647308311406e+00
1.527377850390712280e+11 1.247186560577127734e+00
1.611973357388155518e+11 1.255101569756016611e+00
1.701254279852585754e+11 1.263098005607384389e+00
1.795480124687826843e+11 1.271176122160219135e+00
1.894924771873815918e+11 1.279336276161083807e+00
1.999877270535286865e+11 1.287578850261469787e+00
2.110642679101554871e+11 1.295904571052738818e+00
2.227542951999556274e+11 1.304314476971331516e+00
2.350917875457284546e+11 1.312810043150686168e+00
2.481126055137765198e+11 1.321393115332856194e+00
2.618545958474237976e+11 1.330065115391249053e+00
2.763577014736163330e+11 1.338828243180306021e+00
2.916640776023706665e+11 1.347684514604683637e+00
3.078182142565079956e+11 1.356635529307790078e+00
3.248670655878374634e+11 1.365682590577982580e+00
3.428601863556583252e+11 1.374826867154069765e+00
3.618498759642742920e+11 1.384069270698706555e+00
3.818913304781846313e+11 1.393410538559687994e+00
4.030428030568041992e+11 1.402851366090182683e+00
4.253657732750374146e+11 1.412392575710517129e+00
4.489251258218607788e+11 1.422035541439884421e+00
4.737893390963143921e+11 1.431781756648813797e+00
5.000306842491090088e+11 1.441632719760055137e+00
5.277254352483532104e+11 1.451591102043317871e+00
5.569540905800124512e+11 1.461658573619586177e+00
5.878016072274924316e+11 1.471837231718563510e+00
6.203576476104281006e+11 1.482128879083499662e+00
6.547168402004742432e+11 1.492534695276177104e+00
6.909790545715645752e+11 1.503055925334318310e+00
7.292496916841444092e+11 1.513693754416496784e+00
7.696399902471151123e+11 1.524449458382948430e+00
8.122673500479703369e+11 1.535324780081708473e+00
8.572556731909306641e+11 1.546321087082181300e+00
9.047357242349274902e+11 1.557441079610206280e+00
9.548455102782264404e+11 1.568687151829645687e+00
1.007730682094457642e+12 1.580060867351273490e+00
1.063544957486011230e+12 1.591564464947885282e+00
1.122450568085305908e+12 1.603200216935265265e+00
1.184618730902682373e+12 1.614968886294753769e+00
1.250230145991453369e+12 1.626872092059050923e+00
1.319475521676708740e+12 1.638912225927458666e+00
1.392556128874464844e+12 1.651090827466353606e+00
1.469684386112447510e+12 1.663410979457205396e+00
1.551084476952840576e+12 1.675874862750146077e+00
1.636993001611701904e+12 1.688484776405404730e+00
1.727659664669034668e+12 1.701243097080899380e+00
1.823348000868438477e+12 1.714151485170943623e+00
1.924336141115976074e+12 1.727211948615519521e+00
2.030917620904730713e+12 1.740426528116383986e+00
2.143402233514850098e+12 1.753798084378365596e+00
2.262116930469017090e+12 1.767329271207119357e+00
2.387406771860646973e+12 1.781022980514542109e+00
2.519635929317013672e+12 1.794881472733800942e+00
2.659188744512690918e+12 1.808907096863055397e+00
2.806470846309833008e+12 1.823102154445392920e+00
2.961910329772559570e+12 1.837469115031219236e+00
3.125959000482284180e+12 1.852011181418647068e+00
3.299093687770942383e+12 1.866731200749456088e+00
3.481817630688966309e+12 1.881632207327446071e+00
3.674661940736687988e+12 1.896716820803800774e+00
3.878187145610719727e+12 1.911987553726670841e+00
4.092984818452434082e+12 1.927447614786560015e+00
4.319679297334164551e+12 1.943100031408934614e+00
4.558929499981049805e+12 1.958947985549013504e+00
4.811430839003245117e+12 1.974995000303860326e+00
5.077917243205382812e+12 1.991243624863060946e+00
5.359163290848514648e+12 2.007697508475397186e+00
5.655986461065001953e+12 2.024359511906391962e+00
5.969249509970727539e+12 2.041233421787580049e+00
6.299862978380680664e+12 2.058323200745579395e+00
6.648787838417276367e+12 2.075631948168772833e+00
7.017038286703836914e+12 2.093162577275128999e+00
7.405684692262442383e+12 2.110919806523012809e+00
7.815856707684090820e+12 2.128906820241887488e+00
8.248746552614581055e+12 2.147128083811697064e+00
8.705612479099856445e+12 2.165586572485018291e+00
9.187782428863320312e+12 2.184286690991971813e+00
9.696657893145500000e+12 2.203232573076344014e+00
1.023371798632517188e+13 2.222428333216805107e+00
1.080052374516249609e+13 2.241878261068127820e+00
1.139872266616047852e+13 2.261586051212936876e+00
1.203005349423324219e+13 2.281556754742229742e+00
1.269635127659972852e+13 2.301794889672452715e+00
1.339955269659337109e+13 2.322304808144343813e+00
1.414170170289021094e+13 2.343090981038158382e+00
1.492495545051832227e+13 2.364158587504696207e+00
1.575159057091624414e+13 2.385512228731049955e+00
1.662400978926613477e+13 2.407156885819158099e+00
1.754474890833459570e+13 2.429097619774098327e+00
1.851648417912153906e+13 2.451339651075129300e+00
1.954204007974051562e+13 2.473888090637847093e+00
2.062439752514088281e+13 2.496748549947887419e+00
2.176670253153454688e+13 2.519926400062487470e+00
2.297227536071146484e+13 2.543427201965259066e+00
2.424462017082320703e+13 2.567256679461792146e+00
2.558743520168578516e+13 2.591420796470241150e+00
2.700462352420682031e+13 2.615925519945776490e+00
2.850030438518105078e+13 2.640776775040755808e+00
3.007882518043095703e+13 2.665980587717488248e+00
3.174477409109187109e+13 2.691543814054509820e+00
3.350299341977236719e+13 2.717472786730370959e+00
3.535859366535182812e+13 2.743773730152719637e+00
3.731696837732755469e+13 2.770453890285732967e+00
3.938380983288489062e+13 2.797520572944428352e+00
4.156512558225988281e+13 2.824979451866422853e+00
4.386725591048494531e+13 2.852838621673444486e+00
4.629689226627258594e+13 2.881105308056482794e+00
4.886109671160316406e+13 2.909787770066535995e+00
5.156732244854953125e+13 2.938892711755554554e+00
5.442343548300250000e+13 2.968427877328610354e+00
5.743773748826563281e+13 2.998402065772798331e+00
6.061898993497571875e+13 3.028823512802328199e+00
6.397643955748423438e+13 3.059699748394927976e+00
6.751984523072494531e+13 3.091039631164564927e+00
7.125950633568396875e+13 3.122852323510654227e+00
7.520629269592421875e+13 3.155146473308911848e+00
7.937167617217559375e+13 3.187931850818972457e+00
8.376776400682925000e+13 3.221216535222746202e+00
8.840733401525062500e+13 3.255010911543634311e+00
9.330387172620360938e+13 3.289324896761796957e+00
9.847160957933764062e+13 3.324167865135505107e+00
1.039255682936710938e+14 3.359550842181957986e+00
1.096816005273135781e+14 3.395483865738946783e+00
1.157564369553301094e+14 3.431977492340276825e+00
1.221677348996788125e+14 3.469042548378046487e+00
1.289341296525710469e+14 3.506690448446188491e+00
1.360752886424333125e+14 3.544932801156794433e+00
1.436119685999077188e+14 3.583781254481961831e+00
1.515660758900601250e+14 3.623247089452799496e+00
1.599607301861484688e+14 3.663343306393436638e+00
1.688203316700366250e+14 3.704082316623255267e+00
1.781706319545732500e+14 3.745476762533440862e+00
1.880388089340916562e+14 3.787539292836751503e+00
1.984535457805803125e+14 3.830284373008472354e+00
2.094451143151468750e+14 3.873724717956944730e+00
2.210454629971019375e+14 3.917875066350924751e+00
2.332883097864153438e+14 3.962749496417937944e+00
2.462092401494620625e+14 4.008362198142923383e+00
2.598458104929241875e+14 4.054729646950805844e+00
2.742376573264941250e+14 4.101865496342532502e+00
2.894266124716740000e+14 4.149787150930995594e+00
3.054568246515431875e+14 4.198510139340463354e+00
3.223748878149026875e+14 4.248050212425956040e+00
3.402299765678064375e+14 4.298425539175496191e+00
3.590739891061047500e+14 4.349651977915401702e+00
3.789616980644723750e+14 4.401748260469768859e+00
3.999509097203669375e+14 4.454732938497663497e+00
4.221026320156903125e+14 4.508624371900383565e+00
4.454812518844988750e+14 4.563440741546329171e+00
4.701547224022129375e+14 4.619202970772121830e+00
4.961947603002898125e+14 4.675929641665327985e+00
5.236770544204645000e+14 4.733642250911116456e+00
5.526814857144591875e+14 4.792360777789717474e+00
5.832923594286188750e+14 4.852108289888692028e+00
6.155986501483488750e+14 4.912905601272885114e+00
6.496942604146098750e+14 4.974774964611446748e+00
6.856782936641737500e+14 5.037741626420496388e+00
7.236553422869650000e+14 5.101827213049812570e+00
7.637357916378011250e+14 5.167055965083669378e+00
8.060361408861328750e+14 5.233454503718665052e+00
8.506793416364170000e+14 5.301045833875072333e+00
8.977951553033331250e+14 5.369858903890945889e+00
9.475205302806547500e+14 5.439919012592426384e+00
1.000000000000000000e+15 5.511253497576533711e+00
