1.000000000000000000e+08 4.401646136083454675e-01
1.055386103036523014e+08 4.405052828184364833e-01
1.113839826482618302e+08 4.408580329300516021e-01
1.175531073878367543e+08 4.412231997774309633e-01
1.240639159058834314e+08 4.416012436748574244e-01
1.309353327353612185e+08 4.419925421975334223e-01
1.381873305653633475e+08 4.423975841074634929e-01
1.458409882943986356e+08 4.428168134562125435e-01
1.539185522990205288e+08 4.432508027147088470e-01
1.624435010958865285e+08 4.436999159969912676e-01
1.714406135851968527e+08 4.441646270574661770e-01
1.809360410738712847e+08 4.446455185598305326e-01
1.909573832878100574e+08 4.451431264650978492e-01
2.015337685941735208e+08 4.456579268455951870e-01
2.126959386668691933e+08 4.461905484619019813e-01
2.244763378413223922e+08 4.467415847661682649e-01
2.369092074182631969e+08 4.473115236840893849e-01
2.500306851906321347e+08 4.479010024252924604e-01
2.638789104828929305e+08 4.485106862794321358e-01
2.784941350080649853e+08 4.491410646918959082e-01
2.939188398646890521e+08 4.497929884760804575e-01
3.101978590138099790e+08 4.504670034768806230e-01
3.273785095948576927e+08 4.511637356498350848e-01
3.455107294592218399e+08 4.518839588579134925e-01
3.646472223212745190e+08 4.526283181688718904e-01
3.848436109487425089e+08 4.533976027353002758e-01
4.061585988376971483e+08 4.541924808839938321e-01
4.286541408420934081e+08 4.550137091312341231e-01
4.523956232538058162e+08 4.558620248846197431e-01
4.774520538566131592e+08 4.567382236718759425e-01
5.038962625065150261e+08 4.576430627529698425e-01
5.318051128214197159e+08 4.585773524329351258e-01
5.612597255954965353e+08 4.595419061226367341e-01
5.923457145875793695e+08 4.605374243814175372e-01
6.251534353689699173e+08 4.615648583055896870e-01
6.597782479539546967e+08 4.626248570980236452e-01
6.963207939763890505e+08 4.637184282373011390e-01
7.348872892180387974e+08 4.648462663516298998e-01
7.755898323389002085e+08 4.660092062293013093e-01
8.185467307069020271e+08 4.672081290792660102e-01
8.638828442740435600e+08 4.684438384198943428e-01
9.117299484984903336e+08 4.697170374866000420e-01
9.622271173675154448e+08 4.710286252040101207e-01
1.015521127634569168e+09 4.723794327597677367e-01
1.071766885445503354e+09 4.737701523653158331e-01
1.131127876593921423e+09 4.752015649854593460e-01
1.193776641714435816e+09 4.766743942117914745e-01
1.259895277795025826e+09 4.781894172897924733e-01
1.329675967466209888e+09 4.797472095654257140e-01
1.403321537605481863e+09 4.813484872134888293e-01
1.481046048880676985e+09 4.829938686819582605e-01
1.563075417945817471e+09 4.846838531559677365e-01
1.649648074098020792e+09 4.864190347637414313e-01
1.741015652304015398e+09 4.881998960413065358e-01
1.837443724610724926e+09 4.900268254689655878e-01
1.939212572065826893e+09 4.919001956430834044e-01
2.046617999391993999e+09 4.938202725681379857e-01
2.159972194782721519e+09 4.957873014820033397e-01
2.279604637318982124e+09 4.978014326663869338e-01
2.405863054644066811e+09 4.998627428730840760e-01
2.539114433680346966e+09 5.019712172337734701e-01
2.679746087325689316e+09 5.041267381733266495e-01
2.828166780230029583e+09 5.063291790038233486e-01
2.984807916924321175e+09 5.085781935250445196e-01
3.150124795755321503e+09 5.108734756184819537e-01
3.324597932270945072e+09 5.132144818513657558e-01
3.508734455902714729e+09 5.156006100470084119e-01
3.703069584005141258e+09 5.180313756370662492e-01
3.908168177536263943e+09 5.205059196789648679e-01
4.124626382901348114e+09 5.230233052324833043e-01
4.353073364731883049e+09 5.255826930597605751e-01
4.594173134636466980e+09 5.281830365214982281e-01
4.848626481239088058e+09 5.308233033944218526e-01
5.117173007114609718e+09 5.335022329734130375e-01
5.400593278542373657e+09 5.362186708023521930e-01
5.699711094326075554e+09 5.389713397817073037e-01
6.015395880274832726e+09 5.417590100441475043e-01
6.348565216305210114e+09 5.445802535648966991e-01
6.700187503509576797e+09 5.474339517952486744e-01
7.071284778942981720e+09 5.503187012107959575e-01
7.462935686310145378e+09 5.532332723819974873e-01
7.876278611187063217e+09 5.561766266662370173e-01
8.312514989890631676e+09 5.591475103397323121e-01
8.772912801613355637e+09 5.621450592528618451e-01
9.258810253973945618e+09 5.651682999961434861e-01
9.771619672696161270e+09 5.682165555536436985e-01
1.031283160672186852e+10 5.712891035322393840e-01
1.088401916069007683e+10 5.743858168996645031e-01
1.148684256737554741e+10 5.775060968720034937e-01
1.212305401337652779e+10 5.806501785445390418e-01
1.279450273207873344e+10 5.838179565958199202e-01
1.350314037869872093e+10 5.870099526520345945e-01
1.425102670302996254e+10 5.902265615318712522e-01
1.504033553638022041e+10 5.934683706436306716e-01
1.587336111010205460e+10 5.967363663080509362e-01
1.675252472408210373e+10 6.000314189091980888e-01
1.768038178457208633e+10 6.033546499497450810e-01
1.865962923181745911e+10 6.067071361451085165e-01
1.969311337907421875e+10 6.100901770986187911e-01
2.078383818579755020e+10 6.135049072188775154e-01
2.193497398905055618e+10 6.169526907083521250e-01
2.314986671851165771e+10 6.204345129023181027e-01
2.443204762186491776e+10 6.239514700153906412e-01
2.578524352884276581e+10 6.275046262855022983e-01
2.721338768375308609e+10 6.310947498414327672e-01
2.872063117797828293e+10 6.347225376600493796e-01
3.031135501567576218e+10 6.383882842938217728e-01
3.199018284775060654e+10 6.420926018183608086e-01
3.376199441111333084e+10 6.458354591771496844e-01
3.563193971228576660e+10 6.496169575840775590e-01
3.760545399658160400e+10 6.534368911741612607e-01
3.968827354637165833e+10 6.572951243096968321e-01
4.188645235435270691e+10 6.611913593604150652e-01
4.420637972028530121e+10 6.651253360823311533e-01
4.665479882234468079e+10 6.690968134495993702e-01
4.923882631706731415e+10 6.731058334949053812e-01
5.196597302486207581e+10 6.771522231584874429e-01
5.484416576121026611e+10 6.812361277602136944e-01
5.788177037701280212e+10 6.853580968430985632e-01
6.108761607505039978e+10 6.895184748576632661e-01
6.447102107323869324e+10 6.937181762119708495e-01
6.804181968927093506e+10 6.979578416136671404e-01
7.181039092537341309e+10 7.022387120236756042e-01
7.578768863625914001e+10 7.065617647634813148e-01
7.998527336796691895e+10 7.109283640357129119e-01
8.441534596012959290e+10 7.153391349043363157e-01
8.909078300934143066e+10 7.197954414231791942e-01
9.402517429670132446e+10 7.242979097605991567e-01
9.923286228832545471e+10 7.288474012133160373e-01
1.047289838236357422e+11 7.334441816937241621e-01
1.105295141126019745e+11 7.380888372568068512e-01
1.166513131698198547e+11 7.427813547178394593e-01
1.231121748203892059e+11 7.475220655549792426e-01
1.299308784200417175e+11 7.523110483314938701e-01
1.371272434398400879e+11 7.571484779620810679e-01
1.447221870741134338e+11 7.620346804321480594e-01
1.527377850390712280e+11 7.669703211111672525e-01
1.611973357388155518e+11 7.719559376602971312e-01
1.701254279852585754e+11 7.769925958758321372e-01
1.795480124687826843e+11 7.820811983048456817e-01
1.894924771873815918e+11 7.872229544492346243e-01
1.999877270535286865e+11 7.924190642391002459e-01
2.110642679101554871e+11 7.976705407795368075e-01
2.227542951999556274e+11 8.029782742376779803e-01
2.350917875457284546e+11 8.083430424536854897e-01
2.481126055137765198e+11 8.137654636239388672e-01
2.618545958474237976e+11 8.192460140796390400e-01
2.763577014736163330e+11 8.247849631814039295e-01
2.916640776023706665e+11 8.303830023604260591e-01
3.078182142565079956e+11 8.360405144478161299e-01
3.248670655878374634e+11 8.417585548740972312e-01
3.428601863556583252e+11 8.475379014116687371e-01
3.618498759642742920e+11 8.533796579834966867e-01
3.818913304781846313e+11 8.592852463798129614e-01
4.030428030568041992e+11 8.652558273041698333e-01
4.253657732750374146e+11 8.712926053352871847e-01
4.489251258218607788e+11 8.773963440182207529e-01
4.737893390963143921e+11 8.835677842761708867e-01
5.000306842491090088e+11 8.898077304470599636e-01
5.277254352483532104e+11 8.961167505456271165e-01
5.569540905800124512e+11 9.024957697878918106e-01
5.878016072274924316e+11 9.089456663506635392e-01
6.203576476104281006e+11 9.154677665224211225e-01
6.547168402004742432e+11 9.220633753636200414e-01
6.909790545715645752e+11 9.287337919035030254e-01
7.292496916841444092e+11 9.354804636235917181e-01
7.696399902471151123e+11 9.423041305879032992e-01
8.122673500479703369e+11 9.492059225898485941e-01
8.572556731909306641e+11 9.561868025910725821e-01
9.047357242349274902e+11 9.632475800057966886e-01
9.548455102782264404e+11 9.703895841881110540e-01
1.007730682094457642e+12 9.776141960162989530e-01
1.063544957486011230e+12 9.849227330503879108e-01
1.122450568085305908e+12 9.923168324672216878e-01
1.184618730902682373e+12 9.997977248412980300e-01
1.250230145991453369e+12 1.007366667359190116e+00
1.319475521676708740e+12 1.015024709618495002e+00
1.392556128874464844e+12 1.022772941775008881e+00
1.469684386112447510e+12 1.030612932579576313e+00
1.551084476952840576e+12 1.038546367978202545e+00
1.636993001611701904e+12 1.046574679317268108e+00
1.727659664669034668e+12 1.054699489194229844e+00
1.823348000868438477e+12 1.062922300253196672e+00
1.924336141115976074e+12 1.071244055557321273e+00
2.030917620904730713e+12 1.079666684621764183e+00
2.143402233514850098e+12 1.088191526640926110e+00
2.262116930469017090e+12 1.096820563461010201e+00
2.387406771860646973e+12 1.105555302023470743e+00
2.519635929317013672e+12 1.114397634657104508e+00
2.659188744512690918e+12 1.123348967418890343e+00
2.806470846309833008e+12 1.132410953109493912e+00
2.961910329772559570e+12 1.141585546764496195e+00
3.125959000482284180e+12 1.150874347642544482e+00
3.299093687770942383e+12 1.160279564641939265e+00
3.481817630688966309e+12 1.169803063093327156e+00
3.674661940736687988e+12 1.179446415727045006e+00
3.878187145610719727e+12 1.189211523615961275e+00
4.092984818452434082e+12 1.199100644914617098e+00
4.319679297334164551e+12 1.209115956937660608e+00
4.558929499981049805e+12 1.219259260951957469e+00
4.811430839003245117e+12 1.229532638243782117e+00
5.077917243205382812e+12 1.239938173666736088e+00
5.359163290848514648e+12 1.250478256532955301e+00
5.655986461065001953e+12 1.261155318492846567e+00
5.969249509970727539e+12 1.271970945395715091e+00
6.299862978380680664e+12 1.282928161646013976e+00
6.648787838417276367e+12 1.294028796181512453e+00
7.017038286703836914e+12 1.305275784481340295e+00
7.405684692262442383e+12 1.316671427406929551e+00
7.815856707684090820e+12 1.328217815603508267e+00
8.248746552614581055e+12 1.339917917890219190e+00
8.705612479099856445e+12 1.351774435439397459e+00
9.187782428863320312e+12 1.363789756310106682e+00
9.696657893145500000e+12 1.375966710573596874e+00
1.023371798632517188e+13 1.388308008894933554e+00
1.080052374516249609e+13 1.400816654912877324e+00
1.139872266616047852e+13 1.413495425433830333e+00
1.203005349423324219e+13 1.426347173929707113e+00
1.269635127659972852e+13 1.439375119089097765e+00
1.339955269659337109e+13 1.452582370215794949e+00
1.414170170289021094e+13 1.465971796949421480e+00
1.492495545051832227e+13 1.479546644437382152e+00
1.575159057091624414e+13 1.493310623822942107e+00
1.662400978926613477e+13 1.507266368291789949e+00
1.754474890833459570e+13 1.521417992627181359e+00
1.851648417912153906e+13 1.535768233637543556e+00
1.954204007974051562e+13 1.550321350733548709e+00
2.062439752514088281e+13 1.565080576458991901e+00
2.176670253153454688e+13 1.580049637423937448e+00
2.297227536071146484e+13 1.595232638569689998e+00
2.424462017082320703e+13 1.610632987708384034e+00
2.558743520168578516e+13 1.626254807607433905e+00
2.700462352420682031e+13 1.642102258949188487e+00
2.850030438518105078e+13 1.658179028129288080e+00
3.007882518043095703e+13 1.674490132708432277e+00
3.174477409109187109e+13 1.691038909973576310e+00
3.350299341977236719e+13 1.707830438788116467e+00
3.535859366535182812e+13 1.724869049098154639e+00
3.731696837732755469e+13 1.742159257200810663e+00
3.938380983288489062e+13 1.759705563057726518e+00
4.156512558225988281e+13 1.777512997700761321e+00
4.386725591048494531e+13 1.795586507844451951e+00
4.629689226627258594e+13 1.813930737242467117e+00
4.886109671160316406e+13 1.832551207453740227e+00
5.156732244854953125e+13 1.851452778546162969e+00
5.442343548300250000e+13 1.870641536879339872e+00
5.743773748826563281e+13 1.890121432088916364e+00
6.061898993497571875e+13 1.909899317969515176e+00
6.397643955748423438e+13 1.929980599411509123e+00
6.751984523072494531e+13 1.950371246428920458e+00
7.125950633568396875e+13 1.971076467349613726e+00
7.520629269592421875e+13 1.992103324686209653e+00
7.937167617217559375e+13 2.013457683455749603e+00
8.376776400682925000e+13 2.035145387676271067e+00
8.840733401525062500e+13 2.057173636672569472e+00
9.330387172620360938e+13 2.079549199876638887e+00
9.847160957933764062e+13 2.102277845305495330e+00
1.039255682936710938e+14 2.125367699335105609e+00
1.096816005273135781e+14 2.148825170477062230e+00
1.157564369553301094e+14 2.172658067032377627e+00
1.221677348996788125e+14 2.196873640694749330e+00
1.289341296525710469e+14 2.221479675915801089e+00
1.360752886424333125e+14 2.246483444312536548e+00
1.436119685999077188e+14 2.271893442515072969e+00
1.515660758900601250e+14 2.297717809240334752e+00
1.599607301861484688e+14 2.323964951997041339e+00
1.688203316700366250e+14 2.350642896100741286e+00
1.781706319545732500e+14 2.377761243444477923e+00
1.880388089340916562e+14 2.405328259451370965e+00
1.984535457805803125e+14 2.433353596892590787e+00
2.094451143151468750e+14 2.461846623578880511e+00
2.210454629971019375e+14 2.490816496586564011e+00
2.332883097864153438e+14 2.520273835272867746e+00
2.462092401494620625e+14 2.550228335386639067e+00
2.598458104929241875e+14 2.580689974958878530e+00
2.742376573264941250e+14 2.611669853013224074e+00
2.894266124716740000e+14 2.643179150736404193e+00
3.054568246515431875e+14 2.675227871942078561e+00
3.223748878149026875e+14 2.707828444678126889e+00
3.402299765678064375e+14 2.740991565430199284e+00
3.590739891061047500e+14 2.774729763108161773e+00
3.789616980644723750e+14 2.809055815567583547e+00
3.999509097203669375e+14 2.843980977319091163e+00
4.221026320156903125e+14 2.879519245246853210e+00
4.454812518844988750e+14 2.915682563312577802e+00
4.701547224022129375e+14 2.952485429215403023e+00
4.961947603002898125e+14 2.989941250712278897e+00
5.236770544204645000e+14 3.028063953700634414e+00
5.526814857144591875e+14 3.066868322810626157e+00
5.832923594286188750e+14 3.106369847977464627e+00
6.155986501483488750e+14 3.146582590881947361e+00
6.496942604146098750e+14 3.187522752670197690e+00
6.856782936641737500e+14 3.229206198407764905e+00
7.236553422869650000e+14 3.271649340052388943e+00
7.637357916378011250e+14 3.314868957159357699e+00
8.060361408861328750e+14 3.358882347769982957e+00
8.506793416364170000e+14 3.403707885110018871e+00
8.977951553033331250e+14 3.449361709981987101e+00
9.475205302806547500e+14 3.495864846892717370e+00
1.000000000000000000e+15 3.543235201376358834e+00
