1.000000000000000000e+08 1.689081482432563730e+00
1.055386103036523014e+08 1.690077282337484776e+00
1.113839826482618302e+08 1.691108927037547005e+00
1.175531073878367543e+08 1.692176905448844693e+00
1.240639159058834314e+08 1.693283265345719046e+00
1.309353327353612185e+08 1.694428834666779515e+00
1.381873305653633475e+08 1.695614911873689179e+00
1.458409882943986356e+08 1.696843125270535602e+00
1.539185522990205288e+08 1.698114999562377880e+00
1.624435010958865285e+08 1.699431535636925172e+00
1.714406135851968527e+08 1.700794941889204326e+00
1.809360410738712847e+08 1.702206135025272626e+00
1.909573832878100574e+08 1.703667109654902534e+00
2.015337685941735208e+08 1.705179556807050467e+00
2.126959386668691933e+08 1.706744936039011895e+00
2.244763378413223922e+08 1.708365525731455170e+00
2.369092074182631969e+08 1.710042546920421014e+00
2.500306851906321347e+08 1.711778119242021612e+00
2.638789104828929305e+08 1.713574181306417810e+00
2.784941350080649853e+08 1.715432670288055794e+00
2.939188398646890521e+08 1.717355742481367464e+00
3.101978590138099790e+08 1.719345344455008417e+00
3.273785095948576927e+08 1.721403909212601224e+00
3.455107294592218399e+08 1.723533242396064091e+00
3.646472223212745190e+08 1.725735983261011519e+00
3.848436109487425089e+08 1.728013958385489657e+00
4.061585988376971483e+08 1.730370285385078866e+00
4.286541408420934081e+08 1.732806442768323629e+00
4.523956232538058162e+08 1.735325879279398409e+00
4.774520538566131592e+08 1.737930537913156437e+00
5.038962625065150261e+08 1.740623205539083784e+00
5.318051128214197159e+08 1.743406418149381576e+00
5.612597255954965353e+08 1.746283033600935175e+00
5.923457145875793695e+08 1.749255900433848154e+00
6.251534353689699173e+08 1.752327832960852261e+00
6.597782479539546967e+08 1.755501375667016140e+00
6.963207939763890505e+08 1.758779359760321848e+00
7.348872892180387974e+08 1.762165295259814579e+00
7.755898323389002085e+08 1.765662060242162212e+00
8.185467307069020271e+08 1.769272362603068638e+00
8.638828442740435600e+08 1.772999333772707242e+00
9.117299484984903336e+08 1.776846372120458373e+00
9.622271173675154448e+08 1.780816448250482686e+00
1.015521127634569168e+09 1.784912664955022876e+00
1.071766885445503354e+09 1.789138099545995564e+00
1.131127876593921423e+09 1.793496223990598271e+00
1.193776641714435816e+09 1.797989864265811644e+00
1.259895277795025826e+09 1.802622524956774219e+00
1.329675967466209888e+09 1.807396929892916226e+00
1.403321537605481863e+09 1.812316718291303363e+00
1.481046048880676985e+09 1.817384409336645579e+00
1.563075417945817471e+09 1.822603544764711536e+00
1.649648074098020792e+09 1.827976785388079506e+00
1.741015652304015398e+09 1.833507322814157625e+00
1.837443724610724926e+09 1.839197603119714586e+00
1.939212572065826893e+09 1.845050690821201433e+00
2.046617999391993999e+09 1.851069286684574600e+00
2.159972194782721519e+09 1.857255159785463627e+00
2.279604637318982124e+09 1.863611973208560535e+00
2.405863054644066811e+09 1.870140982227879389e+00
2.539114433680346966e+09 1.876843908928897964e+00
2.679746087325689316e+09 1.883723561833444027e+00
2.828166780230029583e+09 1.890780715413576063e+00
2.984807916924321175e+09 1.898017270260914380e+00
3.150124795755321503e+09 1.905434023094273899e+00
3.324597932270945072e+09 1.913031899731407970e+00
3.508734455902714729e+09 1.920811735058523206e+00
3.703069584005141258e+09 1.928773169082566907e+00
3.908168177536263943e+09 1.936916773734958852e+00
4.124626382901348114e+09 1.945242078771021399e+00
4.353073364731883049e+09 1.953747947643509786e+00
4.594173134636466980e+09 1.962433669780885959e+00
4.848626481239088058e+09 1.971297629762217785e+00
5.117173007114609718e+09 1.980337768687075339e+00
5.400593278542373657e+09 1.989552397344692247e+00
5.699711094326075554e+09 1.998938448522712630e+00
6.015395880274832726e+09 2.008493347936523676e+00
6.348565216305210114e+09 2.018213685112091316e+00
6.700187503509576797e+09 2.028095590847440732e+00
7.071284778942981720e+09 2.038135358110567008e+00
7.462935686310145378e+09 2.048328878720814483e+00
7.876278611187063217e+09 2.058671092094228161e+00
8.312514989890631676e+09 2.069158117500839555e+00
8.772912801613355637e+09 2.079784637728728569e+00
9.258810253973945618e+09 2.090545555738625882e+00
9.771619672696161270e+09 2.101436133692202279e+00
1.031283160672186852e+10 2.112451331223420326e+00
1.088401916069007683e+10 2.123586311650859315e+00
1.148684256737554741e+10 2.134835929073661820e+00
1.212305401337652779e+10 2.146196612778876744e+00
1.279450273207873344e+10 2.157663042371586570e+00
1.350314037869872093e+10 2.169232018063533829e+00
1.425102670302996254e+10 2.180900162565007516e+00
1.504033553638022041e+10 2.192664590866619800e+00
1.587336111010205460e+10 2.204522882881381651e+00
1.675252472408210373e+10 2.216473736109581871e+00
1.768038178457208633e+10 2.228516138863436691e+00
1.865962923181745911e+10 2.240649800778805378e+00
1.969311337907421875e+10 2.252875569740419248e+00
2.078383818579755020e+10 2.265194332144903733e+00
2.193497398905055618e+10 2.277608368993973453e+00
2.314986671851165771e+10 2.290119847479736848e+00
2.443204762186491776e+10 2.302732280652324715e+00
2.578524352884276581e+10 2.315449289490652429e+00
2.721338768375308609e+10 2.328275414365097440e+00
2.872063117797828293e+10 2.341214457017227524e+00
3.031135501567576218e+10 2.354271644861301915e+00
3.199018284775060654e+10 2.367451815519263203e+00
3.376199441111333084e+10 2.380759055864025253e+00
3.563193971228576660e+10 2.394198046143381831e+00
3.760545399658160400e+10 2.407773226426319191e+00
3.968827354637165833e+10 2.421487981212846474e+00
4.188645235435270691e+10 2.435345333594545192e+00
4.420637972028530121e+10 2.449347835602632362e+00
4.665479882234468079e+10 2.463497536092666529e+00
4.923882631706731415e+10 2.477795801060271419e+00
5.196597302486207581e+10 2.492242973465877309e+00
5.484416576121026611e+10 2.506838605716943835e+00
5.788177037701280212e+10 2.521582774046325692e+00
6.108761607505039978e+10 2.536474621457239564e+00
6.447102107323869324e+10 2.551513103889674117e+00
6.804181968927093506e+10 2.566697270110431806e+00
7.181039092537341309e+10 2.582026067331327113e+00
7.578768863625914001e+10 2.597499289211211870e+00
7.998527336796691895e+10 2.613116355004577507e+00
8.441534596012959290e+10 2.628879530587844293e+00
8.909078300934143066e+10 2.644788583177264840e+00
9.402517429670132446e+10 2.660846148790378951e+00
9.923286228832545471e+10 2.677055555020996014e+00
1.047289838236357422e+11 2.693419697377897215e+00
1.105295141126019745e+11 2.709942833654240602e+00
1.166513131698198547e+11 2.726628810826280613e+00
1.231121748203892059e+11 2.743482326837020757e+00
1.299308784200417175e+11 2.760507490757897475e+00
1.371272434398400879e+11 2.777708370362960810e+00
1.447221870741134338e+11 2.795087747789893218e+00
1.527377850390712280e+11 2.812647566873458516e+00
1.611973357388155518e+11 2.830390654462924260e+00
1.701254279852585754e+11 2.848318256626976019e+00
1.795480124687826843e+11 2.866431006502847989e+00
1.894924771873815918e+11 2.884729249029745368e+00
1.999877270535286865e+11 2.903213902497381316e+00
2.110642679101554871e+11 2.921885301002919544e+00
2.227542951999556274e+11 2.940745446704343902e+00
2.350917875457284546e+11 2.959795903766958780e+00
2.481126055137765198e+11 2.979039257713669731e+00
2.618545958474237976e+11 2.998480097789592680e+00
2.763577014736163330e+11 3.018121240631976843e+00
2.916640776023706665e+11 3.037967944472847126e+00
3.078182142565079956e+11 3.058024862914253461e+00
3.248670655878374634e+11 3.078294891630614316e+00
3.428601863556583252e+11 3.098782260953302004e+00
3.618498759642742920e+11 3.119489934422044808e+00
3.818913304781846313e+11 3.140420457160480350e+00
4.030428030568041992e+11 3.161574387181490753e+00
4.253657732750374146e+11 3.182954790874419793e+00
4.489251258218607788e+11 3.204562632600198580e+00
4.737893390963143921e+11 3.226400343017002736e+00
5.000306842491090088e+11 3.248471247842647180e+00
5.277254352483532104e+11 3.270778876325546758e+00
5.569540905800124512e+11 3.293328038316061246e+00
5.878016072274924316e+11 3.316124209436887682e+00
6.203576476104281006e+11 3.339170354583813616e+00
6.547168402004742432e+11 3.362471780190127379e+00
6.909790545715645752e+11 3.386032449271722644e+00
7.292496916841444092e+11 3.409854205380349779e+00
7.696399902471151123e+11 3.433940285744617071e+00
8.122673500479703369e+11 3.458293401190450922e+00
8.572556731909306641e+11 3.482916577684527670e+00
9.047357242349274902e+11 3.507813287990489748e+00
9.548455102782264404e+11 3.532988833584539190e+00
1.007730682094457642e+12 3.558448805349527788e+00
1.063544957486011230e+12 3.584196451106404169e+00
1.122450568085305908e+12 3.610238311076475970e+00
1.184618730902682373e+12 3.636578613322642983e+00
1.250230145991453369e+12 3.663220545540603723e+00
1.319475521676708740e+12 3.690167230927870801e+00
1.392556128874464844e+12 3.717422404517168211e+00
1.469684386112447510e+12 3.744991100569405429e+00
1.551084476952840576e+12 3.772878459809331009e+00
1.636993001611701904e+12 3.801091456423120629e+00
1.727659664669034668e+12 3.829632985785960564e+00
1.823348000868438477e+12 3.858510562060905258e+00
1.924336141115976074e+12 3.887727747731998029e+00
2.030917620904730713e+12 3.917288737981977853e+00
2.143402233514850098e+12 3.947198453797682749e+00
2.262116930469017090e+12 3.977462681351630280e+00
2.387406771860646973e+12 4.008085804387881979e+00
2.519635929317013672e+12 4.039076943994353464e+00
2.659188744512690918e+12 4.070440905528707631e+00
2.806470846309833008e+12 4.102181524530225332e+00
2.961910329772559570e+12 4.134306637019556696e+00
3.125959000482284180e+12 4.166819105982627391e+00
3.299093687770942383e+12 4.199727094168747676e+00
3.481817630688966309e+12 4.233036977552620428e+00
3.674661940736687988e+12 4.266755528351469984e+00
3.878187145610719727e+12 4.300888932815225552e+00
4.092984818452434082e+12 4.335442953293950907e+00
4.319679297334164551e+12 4.370425357862178117e+00
4.558929499981049805e+12 4.405840688652889803e+00
4.811430839003245117e+12 4.441698115299606897e+00
5.077917243205382812e+12 4.478006519122959439e+00
5.359163290848514648e+12 4.514769769853866244e+00
5.655986461065001953e+12 4.551995551957300989e+00
5.969249509970727539e+12 4.589692300455681995e+00
6.299862978380680664e+12 4.627867745597785465e+00
6.648787838417276367e+12 4.666530121413710042e+00
7.017038286703836914e+12 4.705686456643728199e+00
7.405684692262442383e+12 4.745345728485653503e+00
7.815856707684090820e+12 4.785515818821314937e+00
8.248746552614581055e+12 4.826203690259707635e+00
8.705612479099856445e+12 4.867420864747390219e+00
9.187782428863320312e+12 4.909174577315817523e+00
9.696657893145500000e+12 4.951473205655729792e+00
1.023371798632517188e+13 4.994326329023379252e+00
1.080052374516249609e+13 5.037744465333127586e+00
1.139872266616047852e+13 5.081736527354939525e+00
1.203005349423324219e+13 5.126310802228393193e+00
1.269635127659972852e+13 5.171478749242051975e+00
1.339955269659337109e+13 5.217250704676880346e+00
1.414170170289021094e+13 5.263635295691172722e+00
1.492495545051832227e+13 5.310644387179139336e+00
1.575159057091624414e+13 5.358288345375124884e+00
1.662400978926613477e+13 5.406578444428800978e+00
1.754474890833459570e+13 5.455523795229506590e+00
1.851648417912153906e+13 5.505139143713907224e+00
1.954204007974051562e+13 5.555434171859118919e+00
2.062439752514088281e+13 5.606421395874021663e+00
2.176670253153454688e+13 5.658111664899223570e+00
2.297227536071146484e+13 5.710517971677642635e+00
2.424462017082320703e+13 5.763654429091981335e+00
2.558743520168578516e+13 5.817532533229094582e+00
2.700462352420682031e+13 5.872165272349572973e+00
2.850030438518105078e+13 5.927565963193336174e+00
3.007882518043095703e+13 5.983750886197437779e+00
3.174477409109187109e+13 6.040730809009206226e+00
3.350299341977236719e+13 6.098521621723351771e+00
3.535859366535182812e+13 6.157137648825339760e+00
3.731696837732755469e+13 6.216592145219535404e+00
3.938380983288489062e+13 6.276904199096664527e+00
4.156512558225988281e+13 6.338084977509326201e+00
4.386725591048494531e+13 6.400154041254331183e+00
4.629689226627258594e+13 6.463124793833642023e+00
4.886109671160316406e+13 6.527015486788110721e+00
5.156732244854953125e+13 6.591841812297033698e+00
5.442343548300250000e+13 6.657624856102360766e+00
5.743773748826563281e+13 6.724378213495929124e+00
6.061898993497571875e+13 6.792121618451806064e+00
6.397643955748423438e+13 6.860869171248078047e+00
6.751984523072494531e+13 6.930648275225083310e+00
7.125950633568396875e+13 7.001472003757122309e+00
7.520629269592421875e+13 7.073362388071350537e+00
7.937167617217559375e+13 7.146337261084036108e+00
8.376776400682925000e+13 7.220419685201392213e+00
8.840733401525062500e+13 7.295631787120268719e+00
9.330387172620360938e+13 7.371988929677413260e+00
9.847160957933764062e+13 7.449521268303302080e+00
1.039255682936710938e+14 7.528246012109079288e+00
1.096816005273135781e+14 7.608188369035000065e+00
1.157564369553301094e+14 7.689369528698494882e+00
1.221677348996788125e+14 7.771815725206664638e+00
1.289341296525710469e+14 7.855551571142235012e+00
1.360752886424333125e+14 7.940601272100926700e+00
1.436119685999077188e+14 8.026991413381738383e+00
1.515660758900601250e+14 8.114747700419270515e+00
1.599607301861484688e+14 8.203895450051930993e+00
1.688203316700366250e+14 8.294465565708271981e+00
1.781706319545732500e+14 8.386483470614219726e+00
1.880388089340916562e+14 8.479978159303120933e+00
1.984535457805803125e+14 8.574983239916864619e+00
2.094451143151468750e+14 8.671525059650239342e+00
2.210454629971019375e+14 8.769634910079213697e+00
2.332883097864153438e+14 8.869340918201789492e+00
2.462092401494620625e+14 8.970681536078716434e+00
2.598458104929241875e+14 9.073689154730296025e+00
2.742376573264941250e+14 9.178396438187528261e+00
2.894266124716740000e+14 9.284835668308419443e+00
3.054568246515431875e+14 9.393045161552860733e+00
3.223748878149026875e+14 9.503061218391108511e+00
3.402299765678064375e+14 9.614908165971939979e+00
3.590739891061047500e+14 9.728649442524609725e+00
3.789616980644723750e+14 9.844310682335635221e+00
3.999509097203669375e+14 9.961931987703016134e+00
4.221026320156903125e+14 1.008155016075271071e+01
4.454812518844988750e+14 1.020321594625075612e+01
4.701547224022129375e+14 1.032696706081321203e+01
4.961947603002898125e+14 1.045284805928048044e+01
5.236770544204645000e+14 1.058090081224871248e+01
5.526814857144591875e+14 1.071117093461024972e+01
5.832923594286188750e+14 1.084371592883772983e+01
6.155986501483488750e+14 1.097857204915444029e+01
6.496942604146098750e+14 1.111579644870812089e+01
6.856782936641737500e+14 1.125543674487002477e+01
7.236553422869650000e+14 1.139754497922244525e+01
7.637357916378011250e+14 1.154217445678380471e+01
8.060361408861328750e+14 1.168937820210509670e+01
8.506793416364170000e+14 1.183921779384549744e+01
8.977951553033331250e+14 1.199174733875410048e+01
9.475205302806547500e+14 1.214701949112571810e+01
1.000000000000000000e+15 1.230509955937969124e+01
