1.000000000000000000e+08 1.438255333223690258e+00
1.055386103036523014e+08 1.439105972350920526e+00
1.113839826482618302e+08 1.439986714735034479e+00
1.175531073878367543e+08 1.440898972903948305e+00
1.240639159058834314e+08 1.441843695613398646e+00
1.309353327353612185e+08 1.442822046109458523e+00
1.381873305653633475e+08 1.443834957568871813e+00
1.458409882943986356e+08 1.444883939387520799e+00
1.539185522990205288e+08 1.445969933477239788e+00
1.624435010958865285e+08 1.447094430630796680e+00
1.714406135851968527e+08 1.448258536052632550e+00
1.809360410738712847e+08 1.449463768496555227e+00
1.909573832878100574e+08 1.450711447824224010e+00
2.015337685941735208e+08 1.452003050315067600e+00
2.126959386668691933e+08 1.453339957649101954e+00
2.244763378413223922e+08 1.454723508837189039e+00
2.369092074182631969e+08 1.456155629898904902e+00
2.500306851906321347e+08 1.457637963379339041e+00
2.638789104828929305e+08 1.459171578283302351e+00
2.784941350080649853e+08 1.460758762288220325e+00
2.939188398646890521e+08 1.462400857974054613e+00
3.101978590138099790e+08 1.464099918472580253e+00
3.273785095948576927e+08 1.465857675131741589e+00
3.455107294592218399e+08 1.467676065979630851e+00
3.646472223212745190e+08 1.469557013179320304e+00
3.848436109487425089e+08 1.471502263057812732e+00
4.061585988376971483e+08 1.473514120167401353e+00
4.286541408420934081e+08 1.475594675346696194e+00
4.523956232538058162e+08 1.477745827090121145e+00
4.774520538566131592e+08 1.479969772763329638e+00
5.038962625065150261e+08 1.482268920480031449e+00
5.318051128214197159e+08 1.484645471333815969e+00
5.612597255954965353e+08 1.487101857618903455e+00
5.923457145875793695e+08 1.489640138715957240e+00
6.251534353689699173e+08 1.492262830702812293e+00
6.597782479539546967e+08 1.494972432313698585e+00
6.963207939763890505e+08 1.497771530238136251e+00
7.348872892180387974e+08 1.500662313746312204e+00
7.755898323389002085e+08 1.503647855714317805e+00
8.185467307069020271e+08 1.506730297638839700e+00
8.638828442740435600e+08 1.509912328835806949e+00
9.117299484984903336e+08 1.513196662855878172e+00
9.622271173675154448e+08 1.516586155469611397e+00
1.015521127634569168e+09 1.520083055687450280e+00
1.071766885445503354e+09 1.523690468401176501e+00
1.131127876593921423e+09 1.527410846474221984e+00
1.193776641714435816e+09 1.531247044109867783e+00
1.259895277795025826e+09 1.535201723658783157e+00
1.329675967466209888e+09 1.539277469514287011e+00
1.403321537605481863e+09 1.543477019423310725e+00
1.481046048880676985e+09 1.547802879994773173e+00
1.563075417945817471e+09 1.552257825545662495e+00
1.649648074098020792e+09 1.556844252287732600e+00
1.741015652304015398e+09 1.561564619648602825e+00
1.837443724610724926e+09 1.566421690993976545e+00
1.939212572065826893e+09 1.571417253656432145e+00
2.046617999391993999e+09 1.576553945167723958e+00
2.159972194782721519e+09 1.581833540441824448e+00
2.279604637318982124e+09 1.587258259233720104e+00
2.405863054644066811e+09 1.592829892347902065e+00
2.539114433680346966e+09 1.598550232487813361e+00
2.679746087325689316e+09 1.604420593138124795e+00
2.828166780230029583e+09 1.610442373813367301e+00
2.984807916924321175e+09 1.616617113796119165e+00
3.150124795755321503e+09 1.622945440508110515e+00
3.324597932270945072e+09 1.629427804535688251e+00
3.508734455902714729e+09 1.636065166209528909e+00
3.703069584005141258e+09 1.642857377850512224e+00
3.908168177536263943e+09 1.649804609253759935e+00
4.124626382901348114e+09 1.656906214010747558e+00
4.353073364731883049e+09 1.664161752832724828e+00
4.594173134636466980e+09 1.671570248553462701e+00
4.848626481239088058e+09 1.679130528117834809e+00
5.117173007114609718e+09 1.686840562056701520e+00
5.400593278542373657e+09 1.694698985656323931e+00
5.699711094326075554e+09 1.702703120026879402e+00
6.015395880274832726e+09 1.710850754327853718e+00
6.348565216305210114e+09 1.719139072163478943e+00
6.700187503509576797e+09 1.727564845666562210e+00
7.071284778942981720e+09 1.736124567471488245e+00
7.462935686310145378e+09 1.744814820092142726e+00
7.876278611187063217e+09 1.753631672927306484e+00
8.312514989890631676e+09 1.762570973386965001e+00
8.772912801613355637e+09 1.771628900704518728e+00
9.258810253973945618e+09 1.780801244670589867e+00
9.771619672696161270e+09 1.790083313081686889e+00
1.031283160672186852e+10 1.799471199069174743e+00
1.088401916069007683e+10 1.808960587877068260e+00
1.148684256737554741e+10 1.818547633725029922e+00
1.212305401337652779e+10 1.828228103307764307e+00
1.279450273207873344e+10 1.837999103341327434e+00
1.350314037869872093e+10 1.847857027470473756e+00
1.425102670302996254e+10 1.857798945581007777e+00
1.504033553638022041e+10 1.867822666456785186e+00
1.587336111010205460e+10 1.877926339748678952e+00
1.675252472408210373e+10 1.888108598723289511e+00
1.768038178457208633e+10 1.898369025402185439e+00
1.865962923181745911e+10 1.908706831623065758e+00
1.969311337907421875e+10 1.919123225856960602e+00
2.078383818579755020e+10 1.929619071557242105e+00
2.193497398905055618e+10 1.940195769435775874e+00
2.314986671851165771e+10 1.950856504761133925e+00
2.443204762186491776e+10 1.961602874787215622e+00
2.578524352884276581e+10 1.972438707031485494e+00
2.721338768375308609e+10 1.983367417081979722e+00
2.872063117797828293e+10 1.994393154130669199e+00
3.031135501567576218e+10 2.005519756308301371e+00
3.199018284775060654e+10 2.016750912677580221e+00
3.376199441111333084e+10 2.028091060380837529e+00
3.563193971228576660e+10 2.039543557186368261e+00
3.760545399658160400e+10 2.051112188669852454e+00
3.968827354637165833e+10 2.062800046021517453e+00
4.188645235435270691e+10 2.074609615124996420e+00
4.420637972028530121e+10 2.086542735759279843e+00
4.665479882234468079e+10 2.098601451197609880e+00
4.923882631706731415e+10 2.110786495193393453e+00
5.196597302486207581e+10 2.123098272592339519e+00
5.484416576121026611e+10 2.135536888503509090e+00
5.788177037701280212e+10 2.148101952456117125e+00
6.108761607505039978e+10 2.160792311690720613e+00
6.447102107323869324e+10 2.173607294031941084e+00
6.804181968927093506e+10 2.186546686424742703e+00
7.181039092537341309e+10 2.199608979673682185e+00
7.578768863625914001e+10 2.212794404057968123e+00
7.998527336796691895e+10 2.226102445661411799e+00
8.441534596012959290e+10 2.239534169193747370e+00
8.909078300934143066e+10 2.253090861112883925e+00
9.402517429670132446e+10 2.266774493017105652e+00
9.923286228832545471e+10 2.280586974577854420e+00
1.047289838236357422e+11 2.294531819876149736e+00
1.105295141126019745e+11 2.308612352983869798e+00
1.166513131698198547e+11 2.322831983377501075e+00
1.231121748203892059e+11 2.337194594511693424e+00
1.299308784200417175e+11 2.351703133912633525e+00
1.371272434398400879e+11 2.366361783995012402e+00
1.447221870741134338e+11 2.381172540446624630e+00
1.527377850390712280e+11 2.396137554747526099e+00
1.611973357388155518e+11 2.411258626027318996e+00
1.701254279852585754e+11 2.426536444271762960e+00
1.795480124687826843e+11 2.441971835792417167e+00
1.894924771873815918e+11 2.457565761016336836e+00
1.999877270535286865e+11 2.473318152962531435e+00
2.110642679101554871e+11 2.489229777262899734e+00
2.227542951999556274e+11 2.505302139059002453e+00
2.350917875457284546e+11 2.521536567094548875e+00
2.481126055137765198e+11 2.537936110028662373e+00
2.618545958474237976e+11 2.554503380930376100e+00
2.763577014736163330e+11 2.571242014189778491e+00
2.916640776023706665e+11 2.588155785370986006e+00
3.078182142565079956e+11 2.605248450439897834e+00
3.248670655878374634e+11 2.622523307824937255e+00
3.428601863556583252e+11 2.639983701235643299e+00
3.618498759642742920e+11 2.657631614223548322e+00
3.818913304781846313e+11 2.675468908962180592e+00
4.030428030568041992e+11 2.693497479862036581e+00
4.253657732750374146e+11 2.711717922839242956e+00
4.489251258218607788e+11 2.730132811819280469e+00
4.737893390963143921e+11 2.748743637280215424e+00
5.000306842491090088e+11 2.767553094882514664e+00
5.277254352483532104e+11 2.786564698118219496e+00
5.569540905800124512e+11 2.805782200880111876e+00
5.878016072274924316e+11 2.825209960316520164e+00
6.203576476104281006e+11 2.844851557554819443e+00
6.547168402004742432e+11 2.864710462870315499e+00
6.909790545715645752e+11 2.884789987481233720e+00
7.292496916841444092e+11 2.905092462409839094e+00
7.696399902471151123e+11 2.925620195394426748e+00
8.122673500479703369e+11 2.946375406619066162e+00
8.572556731909306641e+11 2.967360903744139300e+00
9.047357242349274902e+11 2.988579088642407733e+00
9.548455102782264404e+11 3.010035581370364532e+00
1.007730682094457642e+12 3.031733988165070670e+00
1.063544957486011230e+12 3.053679131252462486e+00
1.122450568085305908e+12 3.075874446436276166e+00
1.184618730902682373e+12 3.098324035683273525e+00
1.250230145991453369e+12 3.121030129820106414e+00
1.319475521676708740e+12 3.143996439021420120e+00
1.392556128874464844e+12 3.167225929534405182e+00
1.469684386112447510e+12 3.190722346663023234e+00
1.551084476952840576e+12 3.214490793250689649e+00
1.636993001611701904e+12 3.238536205020737135e+00
1.727659664669034668e+12 3.262862934431719708e+00
1.823348000868438477e+12 3.287475231050418945e+00
1.924336141115976074e+12 3.312377168403467298e+00
2.030917620904730713e+12 3.337572334967553456e+00
2.143402233514850098e+12 3.363064855773494344e+00
2.262116930469017090e+12 3.388858938978082325e+00
2.387406771860646973e+12 3.414960592242527682e+00
2.519635929317013672e+12 3.441374917530450883e+00
2.659188744512690918e+12 3.468107273095846210e+00
2.806470846309833008e+12 3.495161334094375682e+00
2.961910329772559570e+12 3.522541981995965354e+00
3.125959000482284180e+12 3.550253997868863198e+00
3.299093687770942383e+12 3.578302429695389808e+00
3.481817630688966309e+12 3.606693566857704258e+00
3.674661940736687988e+12 3.635433778845318820e+00
3.878187145610719727e+12 3.664527499593227322e+00
4.092984818452434082e+12 3.693979608066689124e+00
4.319679297334164551e+12 3.723796950947846796e+00
4.558929499981049805e+12 3.753983888270427283e+00
4.811430839003245117e+12 3.784547610715856436e+00
5.077917243205382812e+12 3.815494951917330901e+00
5.359163290848514648e+12 3.846831249193805924e+00
5.655986461065001953e+12 3.878561240404477140e+00
5.969249509970727539e+12 3.910692596671326182e+00
6.299862978380680664e+12 3.943232971850758162e+00
6.648787838417276367e+12 3.976187736252780436e+00
7.017038286703836914e+12 4.009564502373510031e+00
7.405684692262442383e+12 4.043368916461556495e+00
7.815856707684090820e+12 4.077609131126488151e+00
8.248746552614581055e+12 4.112292111343812451e+00
8.705612479099856445e+12 4.147425246086126727e+00
9.187782428863320312e+12 4.183016360768376352e+00
9.696657893145500000e+12 4.219072301701237038e+00
1.023371798632517188e+13 4.255600716993243715e+00
1.080052374516249609e+13 4.292610438521961669e+00
1.139872266616047852e+13 4.330109648579770543e+00
1.203005349423324219e+13 4.368106641030119697e+00
1.269635127659972852e+13 4.406607979542005893e+00
1.339955269659337109e+13 4.445624706937673309e+00
1.414170170289021094e+13 4.485164718209002643e+00
1.492495545051832227e+13 4.525236849592009669e+00
1.575159057091624414e+13 4.565850345921270481e+00
1.662400978926613477e+13 4.607013810537021747e+00
1.754474890833459570e+13 4.648737958862722230e+00
1.851648417912153906e+13 4.691032278696417812e+00
1.954204007974051562e+13 4.733906224110377536e+00
2.062439752514088281e+13 4.777370660783472722e+00
2.176670253153454688e+13 4.821434532211902102e+00
2.297227536071146484e+13 4.866109127235628051e+00
2.424462017082320703e+13 4.911405580010408833e+00
2.558743520168578516e+13 4.957335951142324504e+00
2.700462352420682031e+13 5.003908252973401360e+00
2.850030438518105078e+13 5.051137495548112533e+00
3.007882518043095703e+13 5.099032561081141779e+00
3.174477409109187109e+13 5.147606817991969841e+00
3.350299341977236719e+13 5.196873356921860143e+00
3.535859366535182812e+13 5.246842559362874248e+00
3.731696837732755469e+13 5.297527259170824010e+00
3.938380983288489062e+13 5.348942525715659535e+00
4.156512558225988281e+13 5.401100233991410704e+00
4.386725591048494531e+13 5.454014400916243233e+00
4.629689226627258594e+13 5.507697032854172114e+00
4.886109671160316406e+13 5.562165702340412743e+00
5.156732244854953125e+13 5.617433160849402363e+00
5.442343548300250000e+13 5.673512961132425758e+00
5.743773748826563281e+13 5.730421578053100262e+00
6.061898993497571875e+13 5.788174375346921252e+00
6.397643955748423438e+13 5.846785944050523653e+00
6.751984523072494531e+13 5.906274121641058805e+00
7.125950633568396875e+13 5.966655529762005195e+00
7.520629269592421875e+13 6.027944271002042775e+00
7.937167617217559375e+13 6.090159919874622574e+00
8.376776400682925000e+13 6.153319542616340954e+00
8.840733401525062500e+13 6.217440767519179623e+00
9.330387172620360938e+13 6.282541960205887399e+00
9.847160957933764062e+13 6.348642509035856918e+00
1.039255682936710938e+14 6.415761477673086688e+00
1.096816005273135781e+14 6.483917949448688489e+00
1.157564369553301094e+14 6.553132479137870448e+00
1.221677348996788125e+14 6.623425583221403734e+00
1.289341296525710469e+14 6.694816642738254053e+00
1.360752886424333125e+14 6.767330143702643852e+00
1.436119685999077188e+14 6.840985487316785019e+00
1.515660758900601250e+14 6.915805427021704865e+00
1.599607301861484688e+14 6.991815253195486690e+00
1.688203316700366250e+14 7.069036402746228021e+00
1.781706319545732500e+14 7.147491959859000765e+00
1.880388089340916562e+14 7.227208403457923147e+00
1.984535457805803125e+14 7.308211580920459305e+00
2.094451143151468750e+14 7.390526063988712480e+00
2.210454629971019375e+14 7.474175926651036583e+00
2.332883097864153438e+14 7.559193006289527617e+00
2.462092401494620625e+14 7.645600679333208305e+00
2.598458104929241875e+14 7.733429879966696063e+00
2.742376573264941250e+14 7.822705902662290711e+00
2.894266124716740000e+14 7.913463113187996889e+00
3.054568246515431875e+14 8.005729304452600559e+00
3.223748878149026875e+14 8.099537941226119031e+00
3.402299765678064375e+14 8.194912936575370566e+00
3.590739891061047500e+14 8.291894475789128194e+00
3.789616980644723750e+14 8.390515900883235290e+00
3.999509097203669375e+14 8.490805169434720412e+00
4.221026320156903125e+14 8.592805357679747402e+00
4.454812518844988750e+14 8.696545043356403326e+00
4.701547224022129375e+14 8.802066191815660190e+00
4.961947603002898125e+14 8.909402114841315168e+00
5.236770544204645000e+14 9.018591171497989833e+00
5.526814857144591875e+14 9.129677476372513922e+00
5.832923594286188750e+14 9.242696300599767767e+00
6.155986501483488750e+14 9.357692522087567966e+00
6.496942604146098750e+14 9.474706216218196531e+00
6.856782936641737500e+14 9.593782452595473131e+00
7.236553422869650000e+14 9.714962776566586911e+00
7.637357916378011250e+14 9.838294774265063936e+00
8.060361408861328750e+14 9.963825627147871344e+00
8.506793416364170000e+14 1.009159976402211711e+01
8.977951553033331250e+14 1.022167083261086162e+01
9.475205302806547500e+14 1.035408424653398640e+01
1.000000000000000000e+15 1.048889490856633167e+01
