1.000000000000000000e+08 8.405414633498750065e-01
1.055386103036523014e+08 8.410541736737731089e-01
1.113839826482618302e+08 8.415851557675587680e-01
1.175531073878367543e+08 8.421348443644831594e-01
1.240639159058834314e+08 8.427042253615204537e-01
1.309353327353612185e+08 8.432938892161098154e-01
1.381873305653633475e+08 8.439043388816575009e-01
1.458409882943986356e+08 8.445364542128483976e-01
1.539185522990205288e+08 8.451909630796035078e-01
1.624435010958865285e+08 8.458685569739228249e-01
1.714406135851968527e+08 8.465700423745285974e-01
1.809360410738712847e+08 8.472961794175196681e-01
1.909573832878100574e+08 8.480479564931339143e-01
2.015337685941735208e+08 8.488260547841263159e-01
2.126959386668691933e+08 8.496314842646623955e-01
2.244763378413223922e+08 8.504650703739785600e-01
2.369092074182631969e+08 8.513277685556007723e-01
2.500306851906321347e+08 8.522204253302273491e-01
2.638789104828929305e+08 8.531443218150637220e-01
2.784941350080649853e+08 8.541001247915401828e-01
2.939188398646890521e+08 8.550891317647336676e-01
3.101978590138099790e+08 8.561123245532303860e-01
3.273785095948576927e+08 8.571707641676948874e-01
3.455107294592218399e+08 8.582655906769874887e-01
3.646472223212745190e+08 8.593979334011206950e-01
3.848436109487425089e+08 8.605690492156463645e-01
4.061585988376971483e+08 8.617800997991555967e-01
4.286541408420934081e+08 8.630323332764674449e-01
4.523956232538058162e+08 8.643269915228379840e-01
4.774520538566131592e+08 8.656654654365321111e-01
5.038962625065150261e+08 8.670489496805519058e-01
5.318051128214197159e+08 8.684788850848425001e-01
5.612597255954965353e+08 8.699563957834663963e-01
5.923457145875793695e+08 8.714831683421069286e-01
6.251534353689699173e+08 8.730607615316448022e-01
6.597782479539546967e+08 8.746903523651845536e-01
6.963207939763890505e+08 8.763733927499143261e-01
7.348872892180387974e+08 8.781113949743805103e-01
7.755898323389002085e+08 8.799059196570072627e-01
8.185467307069020271e+08 8.817586561149243218e-01
8.638828442740435600e+08 8.836708432111429756e-01
9.117299484984903336e+08 8.856442874514658392e-01
9.622271173675154448e+08 8.876804614984925568e-01
1.015521127634569168e+09 8.897808304563717963e-01
1.071766885445503354e+09 8.919471341303596423e-01
1.131127876593921423e+09 8.941808739483939616e-01
1.193776641714435816e+09 8.964836317218751738e-01
1.259895277795025826e+09 8.988570374002112784e-01
1.329675967466209888e+09 9.013025123273487038e-01
1.403321537605481863e+09 9.038216930129282511e-01
1.481046048880676985e+09 9.064161214254242704e-01
1.563075417945817471e+09 9.090870982777292664e-01
1.649648074098020792e+09 9.118362950282381529e-01
1.741015652304015398e+09 9.146650287952569069e-01
1.837443724610724926e+09 9.175746255769436921e-01
1.939212572065826893e+09 9.205663179634816506e-01
2.046617999391993999e+09 9.236417276965568357e-01
2.159972194782721519e+09 9.268017068136995551e-01
2.279604637318982124e+09 9.300472021349589502e-01
2.405863054644066811e+09 9.333795508594070478e-01
2.539114433680346966e+09 9.367995556320403150e-01
2.679746087325689316e+09 9.403079112048845500e-01
2.828166780230029583e+09 9.439054127714029407e-01
2.984807916924321175e+09 9.475925377211369405e-01
3.150124795755321503e+09 9.513697864673221760e-01
3.324597932270945072e+09 9.552374358157705858e-01
3.508734455902714729e+09 9.591954432680099840e-01
3.703069584005141258e+09 9.632441693959048479e-01
3.908168177536263943e+09 9.673830750854286453e-01
4.124626382901348114e+09 9.716119197481997150e-01
4.353073364731883049e+09 9.759302030927026195e-01
4.594173134636466980e+09 9.803369987213067516e-01
4.848626481239088058e+09 9.848317616326787149e-01
5.117173007114609718e+09 9.894129902792526687e-01
5.400593278542373657e+09 9.940797477840455088e-01
5.699711094326075554e+09 9.988303938253741965e-01
6.015395880274832726e+09 1.003663221167480524e+00
6.348565216305210114e+09 1.008576558144383073e+00
6.700187503509576797e+09 1.013568614637707643e+00
7.071284778942981720e+09 1.018636950264785401e+00
7.462935686310145378e+09 1.023779467505399277e+00
7.876278611187063217e+09 1.028993725220237021e+00
8.312514989890631676e+09 1.034277584008562290e+00
8.772912801613355637e+09 1.039628379956621718e+00
9.258810253973945618e+09 1.045043739202528466e+00
9.771619672696161270e+09 1.050521002834178264e+00
1.031283160672186852e+10 1.056057901550681910e+00
1.088401916069007683e+10 1.061652027178268787e+00
1.148684256737554741e+10 1.067301031838041148e+00
1.212305401337652779e+10 1.073003014754800866e+00
1.279450273207873344e+10 1.078755916166383555e+00
1.350314037869872093e+10 1.084558214357712824e+00
1.425102670302996254e+10 1.090408330688916516e+00
1.504033553638022041e+10 1.096305145817453530e+00
1.587336111010205460e+10 1.102248106215269141e+00
1.675252472408210373e+10 1.108236487633543765e+00
1.768038178457208633e+10 1.114270447799447616e+00
1.865962923181745911e+10 1.120349994137993077e+00
1.969311337907421875e+10 1.126475863842830494e+00
2.078383818579755020e+10 1.132649006007404147e+00
2.193497398905055618e+10 1.138870642784189480e+00
2.314986671851165771e+10 1.145142546335162326e+00
2.443204762186491776e+10 1.151466458719071495e+00
2.578524352884276581e+10 1.157844378535281660e+00
2.721338768375308609e+10 1.164278736053223406e+00
2.872063117797828293e+10 1.170771591791078592e+00
3.031135501567576218e+10 1.177325527849991893e+00
3.199018284775060654e+10 1.183942686546749501e+00
3.376199441111333084e+10 1.190625423448904208e+00
3.563193971228576660e+10 1.197375679918362357e+00
3.760545399658160400e+10 1.204195455990002772e+00
3.968827354637165833e+10 1.211086091732223258e+00
4.188645235435270691e+10 1.218048971847229822e+00
4.420637972028530121e+10 1.225084985588985598e+00
4.665479882234468079e+10 1.232194792806864170e+00
4.923882631706731415e+10 1.239378692680486171e+00
5.196597302486207581e+10 1.246636550882135319e+00
5.484416576121026611e+10 1.253968149581027758e+00
5.788177037701280212e+10 1.261373438943117931e+00
6.108761607505039978e+10 1.268851499755502488e+00
6.447102107323869324e+10 1.276401993764414211e+00
6.804181968927093506e+10 1.284024309019446752e+00
7.181039092537341309e+10 1.291718585243395889e+00
7.578768863625914001e+10 1.299484856453352100e+00
7.998527336796691895e+10 1.307322874076199071e+00
8.441534596012959290e+10 1.315233977314889335e+00
8.909078300934143066e+10 1.323219030069795465e+00
9.402517429670132446e+10 1.331279092842452272e+00
9.923286228832545471e+10 1.339416490816403238e+00
1.047289838236357422e+11 1.347632730791459732e+00
1.105295141126019745e+11 1.355930170679616520e+00
1.166513131698198547e+11 1.364310695523764716e+00
1.231121748203892059e+11 1.372776848406205952e+00
1.299308784200417175e+11 1.381329890120096993e+00
1.371272434398400879e+11 1.389971653220004821e+00
1.447221870741134338e+11 1.398703664841396410e+00
1.527377850390712280e+11 1.407526528367007312e+00
1.611973357388155518e+11 1.416441212021733342e+00
1.701254279852585754e+11 1.425447666959035020e+00
1.795480124687826843e+11 1.434546575086136144e+00
1.894924771873815918e+11 1.443738182062304531e+00
1.999877270535286865e+11 1.453022863705006440e+00
2.110642679101554871e+11 1.462400977950368386e+00
2.227542951999556274e+11 1.471874015819681913e+00
2.350917875457284546e+11 1.481443304311759412e+00
2.481126055137765198e+11 1.491110173251155580e+00
2.618545958474237976e+11 1.500877001992373394e+00
2.763577014736163330e+11 1.510745824374622792e+00
2.916640776023706665e+11 1.520719099590247980e+00
3.078182142565079956e+11 1.530798431781279056e+00
3.248670655878374634e+11 1.540985914077396268e+00
3.428601863556583252e+11 1.551282939267646599e+00
3.618498759642742920e+11 1.561690632957169145e+00
3.818913304781846313e+11 1.572209543150712374e+00
4.030428030568041992e+11 1.582840909233652615e+00
4.253657732750374146e+11 1.593585478221865026e+00
4.489251258218607788e+11 1.604444326169835788e+00
4.737893390963143921e+11 1.615419128200652477e+00
5.000306842491090088e+11 1.626511804609013012e+00
5.277254352483532104e+11 1.637724490653117204e+00
5.569540905800124512e+11 1.649059684192390574e+00
5.878016072274924316e+11 1.660519530810669053e+00
6.203576476104281006e+11 1.672106421189066161e+00
6.547168402004742432e+11 1.683821749721445604e+00
6.909790545715645752e+11 1.695667324831286793e+00
7.292496916841444092e+11 1.707644023355314511e+00
7.696399902471151123e+11 1.719753558133293447e+00
8.122673500479703369e+11 1.731997334141265554e+00
8.572556731909306641e+11 1.744377114260659001e+00
9.047357242349274902e+11 1.756895826986116793e+00
9.548455102782264404e+11 1.769555380083740026e+00
1.007730682094457642e+12 1.782358728304579198e+00
1.063544957486011230e+12 1.795308211491563277e+00
1.122450568085305908e+12 1.808405773922394877e+00
1.184618730902682373e+12 1.821653314440131455e+00
1.250230145991453369e+12 1.835052471494407644e+00
1.319475521676708740e+12 1.848604984672759022e+00
1.392556128874464844e+12 1.862313500772041941e+00
1.469684386112447510e+12 1.876180434755922333e+00
1.551084476952840576e+12 1.890208799285236996e+00
1.636993001611701904e+12 1.904401362094170658e+00
1.727659664669034668e+12 1.918760451909171216e+00
1.823348000868438477e+12 1.933288497767967851e+00
1.924336141115976074e+12 1.947987420327464969e+00
2.030917620904730713e+12 1.962860020982001297e+00
2.143402233514850098e+12 1.977908270556172132e+00
2.262116930469017090e+12 1.993135973093741242e+00
2.387406771860646973e+12 2.008546003878767028e+00
2.519635929317013672e+12 2.024140923932799652e+00
2.659188744512690918e+12 2.039924567578072612e+00
2.806470846309833008e+12 2.055898095818081472e+00
2.961910329772559570e+12 2.072064721581472480e+00
3.125959000482284180e+12 2.088427542808464654e+00
3.299093687770942383e+12 2.104990836725612713e+00
3.481817630688966309e+12 2.121757271535129163e+00
3.674661940736687988e+12 2.138729823142967224e+00
3.878187145610719727e+12 2.155911676678950784e+00
4.092984818452434082e+12 2.173305943383545547e+00
4.319679297334164551e+12 2.190916272102680473e+00
4.558929499981049805e+12 2.208746028848364684e+00
4.811430839003245117e+12 2.226799193040273739e+00
5.077917243205382812e+12 2.245079425448320620e+00
5.359163290848514648e+12 2.263589844223870884e+00
5.655986461065001953e+12 2.282333954673184451e+00
5.969249509970727539e+12 2.301316068741201093e+00
6.299862978380680664e+12 2.320540735968598334e+00
6.648787838417276367e+12 2.340010413788817356e+00
7.017038286703836914e+12 2.359730536456687400e+00
7.405684692262442383e+12 2.379704001402174640e+00
7.815856707684090820e+12 2.399935977953264299e+00
8.248746552614581055e+12 2.420430628417490126e+00
8.705612479099856445e+12 2.441192030101576815e+00
9.187782428863320312e+12 2.462224186392581338e+00
9.696657893145500000e+12 2.483532442065129242e+00
1.023371798632517188e+13 2.505121509046011941e+00
1.080052374516249609e+13 2.526995308797735262e+00
1.139872266616047852e+13 2.549159280234394753e+00
1.203005349423324219e+13 2.571618181691207372e+00
1.269635127659972852e+13 2.594377231798364214e+00
1.339955269659337109e+13 2.617441367401686314e+00
1.414170170289021094e+13 2.640815734417354843e+00
1.492495545051832227e+13 2.664505604211191425e+00
1.575159057091624414e+13 2.688516879528083159e+00
1.662400978926613477e+13 2.712854315340682554e+00
1.754474890833459570e+13 2.737524304359046479e+00
1.851648417912153906e+13 2.762532172411658049e+00
1.954204007974051562e+13 2.787884409271452313e+00
2.062439752514088281e+13 2.813586447284538217e+00
2.176670253153454688e+13 2.839644632452884121e+00
2.297227536071146484e+13 2.866065297569043935e+00
2.424462017082320703e+13 2.892854834867828018e+00
2.558743520168578516e+13 2.920020025016875742e+00
2.700462352420682031e+13 2.947566445180586747e+00
2.850030438518105078e+13 2.975502740344827313e+00
3.007882518043095703e+13 3.003834671278791557e+00
3.174477409109187109e+13 3.032569481831307368e+00
3.350299341977236719e+13 3.061714333471887706e+00
3.535859366535182812e+13 3.091276877899007403e+00
3.731696837732755469e+13 3.121264738840508812e+00
3.938380983288489062e+13 3.151686279923925138e+00
4.156512558225988281e+13 3.182547820348974099e+00
4.386725591048494531e+13 3.213858444370192746e+00
4.629689226627258594e+13 3.245626535752928365e+00
4.886109671160316406e+13 3.277860051489712490e+00
5.156732244854953125e+13 3.310567752206167391e+00
5.442343548300250000e+13 3.343758949375147616e+00
5.743773748826563281e+13 3.377441957695877406e+00
6.061898993497571875e+13 3.411626463116809393e+00
6.397643955748423438e+13 3.446320619312130074e+00
6.751984523072494531e+13 3.481535589849201529e+00
7.125950633568396875e+13 3.517280050028489313e+00
7.520629269592421875e+13 3.553564622152244556e+00
7.937167617217559375e+13 3.590399828400296034e+00
8.376776400682925000e+13 3.627795781039782064e+00
8.840733401525062500e+13 3.665762632227960616e+00
9.330387172620360938e+13 3.704312281667704543e+00
9.847160957933764062e+13 3.743455720438815693e+00
1.039255682936710938e+14 3.783203246921260199e+00
1.096816005273135781e+14 3.823568241280587809e+00
1.157564369553301094e+14 3.864561643395747037e+00
1.221677348996788125e+14 3.906195925080641285e+00
1.289341296525710469e+14 3.948483526810119049e+00
1.360752886424333125e+14 3.991436967972542327e+00
1.436119685999077188e+14 4.035070155513466261e+00
1.515660758900601250e+14 4.079397256619031964e+00
1.599607301861484688e+14 4.124429056747216826e+00
1.688203316700366250e+14 4.170181460793872752e+00
1.781706319545732500e+14 4.216668909072526006e+00
1.880388089340916562e+14 4.263905250921157020e+00
1.984535457805803125e+14 4.311906594407168392e+00
2.094451143151468750e+14 4.360687640209872207e+00
2.210454629971019375e+14 4.410263851708614347e+00
2.332883097864153438e+14 4.460651480102839628e+00
2.462092401494620625e+14 4.511867097934343818e+00
2.598458104929241875e+14 4.563927851519317791e+00
2.742376573264941250e+14 4.616849806550116675e+00
2.894266124716740000e+14 4.670651950501111038e+00
3.054568246515431875e+14 4.725352045346842722e+00
3.223748878149026875e+14 4.780969460522358716e+00
3.402299765678064375e+14 4.837520506242242391e+00
3.590739891061047500e+14 4.895025750277421039e+00
3.789616980644723750e+14 4.953506135813096734e+00
3.999509097203669375e+14 5.012981088496137438e+00
4.221026320156903125e+14 5.073472199996486687e+00
4.454812518844988750e+14 5.134998012689091063e+00
4.701547224022129375e+14 5.197583877314769119e+00
4.961947603002898125e+14 5.261251510288765587e+00
5.236770544204645000e+14 5.326023906060044943e+00
5.526814857144591875e+14 5.391922542706180543e+00
5.832923594286188750e+14 5.458973094221501121e+00
6.155986501483488750e+14 5.527199611730881479e+00
6.496942604146098750e+14 5.596627922401911981e+00
6.856782936641737500e+14 5.667284007928380163e+00
7.236553422869650000e+14 5.739193434231083302e+00
7.637357916378011250e+14 5.812382887038757495e+00
8.060361408861328750e+14 5.886881612057369040e+00
8.506793416364170000e+14 5.962718437275943195e+00
8.977951553033331250e+14 6.039921027739517001e+00
9.475205302806547500e+14 6.118520701114445792e+00
1.000000000000000000e+15 6.198547811581719635e+00
