1.000000000000000000e+08 1.613789440171526257e+00
1.055386103036523014e+08 1.614741751491991062e+00
1.113839826482618302e+08 1.615727846180681881e+00
1.175531073878367543e+08 1.616749099231407305e+00
1.240639159058834314e+08 1.617806681462779173e+00
1.309353327353612185e+08 1.618901970506282151e+00
1.381873305653633475e+08 1.620035931981844035e+00
1.458409882943986356e+08 1.621210349624851110e+00
1.539185522990205288e+08 1.622426130440242309e+00
1.624435010958865285e+08 1.623685058807258219e+00
1.714406135851968527e+08 1.624988423394800430e+00
1.809360410738712847e+08 1.626337785517494972e+00
1.909573832878100574e+08 1.627734679975472609e+00
2.015337685941735208e+08 1.629180599619952874e+00
2.126959386668691933e+08 1.630677380536519783e+00
2.244763378413223922e+08 1.632226439910058780e+00
2.369092074182631969e+08 1.633829751512977380e+00
2.500306851906321347e+08 1.635489193557946752e+00
2.638789104828929305e+08 1.637206406627507604e+00
2.784941350080649853e+08 1.638983354997536113e+00
2.939188398646890521e+08 1.640821815684760709e+00
3.101978590138099790e+08 1.642724103174189043e+00
3.273785095948576927e+08 1.644692190134190435e+00
3.455107294592218399e+08 1.646728110799489553e+00
3.646472223212745190e+08 1.648834034290958872e+00
3.848436109487425089e+08 1.651011867315189008e+00
4.061585988376971483e+08 1.653264655080405099e+00
4.286541408420934081e+08 1.655593794801930585e+00
4.523956232538058162e+08 1.658002494049054976e+00
4.774520538566131592e+08 1.660492618977583712e+00
5.038962625065150261e+08 1.663066918988481691e+00
5.318051128214197159e+08 1.665727994910473519e+00
5.612597255954965353e+08 1.668478171471739380e+00
5.923457145875793695e+08 1.671320466516080794e+00
6.251534353689699173e+08 1.674257014993564052e+00
6.597782479539546967e+08 1.677290996696456871e+00
6.963207939763890505e+08 1.680425168821308102e+00
7.348872892180387974e+08 1.683662194345037166e+00
7.755898323389002085e+08 1.687005196578857502e+00
8.185467307069020271e+08 1.690456661673153560e+00
8.638828442740435600e+08 1.694019798150648626e+00
9.117299484984903336e+08 1.697697685587092220e+00
9.622271173675154448e+08 1.701493079642541373e+00
1.015521127634569168e+09 1.705409192649311345e+00
1.071766885445503354e+09 1.709448898476668699e+00
1.131127876593921423e+09 1.713615199372242603e+00
1.193776641714435816e+09 1.717910924820596819e+00
1.259895277795025826e+09 1.722339792605416697e+00
1.329675967466209888e+09 1.726904246646620233e+00
1.403321537605481863e+09 1.731607379025337234e+00
1.481046048880676985e+09 1.736452003356581342e+00
1.563075417945817471e+09 1.741441393814860739e+00
1.649648074098020792e+09 1.746578025460011840e+00
1.741015652304015398e+09 1.751865054986244896e+00
1.837443724610724926e+09 1.757304849324411666e+00
1.939212572065826893e+09 1.762900118822043893e+00
2.046617999391993999e+09 1.768653396594441540e+00
2.159972194782721519e+09 1.774567114153730252e+00
2.279604637318982124e+09 1.780643459656116478e+00
2.405863054644066811e+09 1.786884506881852408e+00
2.539114433680346966e+09 1.793292364829744079e+00
2.679746087325689316e+09 1.799868453184847006e+00
2.828166780230029583e+09 1.806614541210244562e+00
2.984807916924321175e+09 1.813531787499819137e+00
3.150124795755321503e+09 1.820621278253642394e+00
3.324597932270945072e+09 1.827884036719583882e+00
3.508734455902714729e+09 1.835320396442144286e+00
3.703069584005141258e+09 1.842930582970221609e+00
3.908168177536263943e+09 1.850714416623319369e+00
4.124626382901348114e+09 1.858671954660164438e+00
4.353073364731883049e+09 1.866801932230200078e+00
4.594173134636466980e+09 1.875103926848717739e+00
4.848626481239088058e+09 1.883575922934211500e+00
5.117173007114609718e+09 1.892216684100660906e+00
5.400593278542373657e+09 1.901023755990805419e+00
5.699711094326075554e+09 1.909994590931045622e+00
6.015395880274832726e+09 1.919126591983115526e+00
6.348565216305210114e+09 1.928416745965621848e+00
6.700187503509576797e+09 1.937861203008991007e+00
7.071284778942981720e+09 1.947456264227891864e+00
7.462935686310145378e+09 1.957198244944289067e+00
7.876278611187063217e+09 1.967082145954654804e+00
8.312514989890631676e+09 1.977104200894969965e+00
8.772912801613355637e+09 1.987259518182166396e+00
9.258810253973945618e+09 1.997543112908375607e+00
9.771619672696161270e+09 2.007950890266501975e+00
1.031283160672186852e+10 2.018477119606638670e+00
1.088401916069007683e+10 2.029117985936544244e+00
1.148684256737554741e+10 2.039868330024933840e+00
1.212305401337652779e+10 2.050724271846184443e+00
1.279450273207873344e+10 2.061681604915011068e+00
1.350314037869872093e+10 2.072736575276191040e+00
1.425102670302996254e+10 2.083886410478122730e+00
1.504033553638022041e+10 2.095128073453177198e+00
1.587336111010205460e+10 2.106459503059413763e+00
1.675252472408210373e+10 2.117879217653802382e+00
1.768038178457208633e+10 2.129386573149545381e+00
1.865962923181745911e+10 2.140980931072359539e+00
1.969311337907421875e+10 2.152663341915448392e+00
2.078383818579755020e+10 2.164434380590330331e+00
2.193497398905055618e+10 2.176296544671933564e+00
2.314986671851165771e+10 2.188252207757472867e+00
2.443204762186491776e+10 2.200304476463883940e+00
2.578524352884276581e+10 2.212456473331520179e+00
2.721338768375308609e+10 2.224712892267669329e+00
2.872063117797828293e+10 2.237077491599408052e+00
3.031135501567576218e+10 2.249555116503092922e+00
3.199018284775060654e+10 2.262149676016464994e+00
3.376199441111333084e+10 2.274866181796943110e+00
3.563193971228576660e+10 2.287708551455030825e+00
3.760545399658160400e+10 2.300681169137037241e+00
3.968827354637165833e+10 2.313787210858306409e+00
4.188645235435270691e+10 2.327029285638265055e+00
4.420637972028530121e+10 2.340410385659259962e+00
4.665479882234468079e+10 2.353932298511016707e+00
4.923882631706731415e+10 2.367595508321640452e+00
5.196597302486207581e+10 2.381401195562808049e+00
5.484416576121026611e+10 2.395349267103599189e+00
5.788177037701280212e+10 2.409438868767164621e+00
6.108761607505039978e+10 2.423669553514850694e+00
6.447102107323869324e+10 2.438040344043604701e+00
6.804181968927093506e+10 2.452550185818518358e+00
7.181039092537341309e+10 2.467198503455120484e+00
7.578768863625914001e+10 2.481984470574958745e+00
7.998527336796691895e+10 2.496908535251755268e+00
8.441534596012959290e+10 2.511971220858914666e+00
8.909078300934143066e+10 2.527173429143584116e+00
9.402517429670132446e+10 2.542518020370457155e+00
9.923286228832545471e+10 2.558007867594111140e+00
1.047289838236357422e+11 2.573645339956807998e+00
1.105295141126019745e+11 2.589434723196642363e+00
1.166513131698198547e+11 2.605379997747150345e+00
1.231121748203892059e+11 2.621485745372898357e+00
1.299308784200417175e+11 2.637755178679594525e+00
1.371272434398400879e+11 2.654192249289159644e+00
1.447221870741134338e+11 2.670800047726315629e+00
1.527377850390712280e+11 2.687580548134309577e+00
1.611973357388155518e+11 2.704536457088932089e+00
1.701254279852585754e+11 2.721668138112033564e+00
1.795480124687826843e+11 2.738976617117481638e+00
1.894924771873815918e+11 2.756462775654307418e+00
1.999877270535286865e+11 2.774126433788913104e+00
2.110642679101554871e+11 2.791969327579375548e+00
2.227542951999556274e+11 2.809991833627738966e+00
2.350917875457284546e+11 2.828196753519525597e+00
2.481126055137765198e+11 2.846586412592443605e+00
2.618545958474237976e+11 2.865163555173161569e+00
2.763577014736163330e+11 2.883933465659080042e+00
2.916640776023706665e+11 2.902899489711337377e+00
3.078182142565079956e+11 2.922065615461812982e+00
3.248670655878374634e+11 2.941435967161496468e+00
3.428601863556583252e+11 2.961014402677643709e+00
3.618498759642742920e+11 2.980802853541327568e+00
3.818913304781846313e+11 3.000804438084112125e+00
4.030428030568041992e+11 3.021020057885773102e+00
4.253657732750374146e+11 3.041450978866855781e+00
4.489251258218607788e+11 3.062099857400804037e+00
4.737893390963143921e+11 3.082968591689344784e+00
5.000306842491090088e+11 3.104059764970447333e+00
5.277254352483532104e+11 3.125377528153044704e+00
5.569540905800124512e+11 3.146926042412145463e+00
5.878016072274924316e+11 3.168710259484587066e+00
6.203576476104281006e+11 3.190733959975430523e+00
6.547168402004742432e+11 3.213001603098865733e+00
6.909790545715645752e+11 3.235516661705051256e+00
7.292496916841444092e+11 3.258281494525648636e+00
7.696399902471151123e+11 3.281298958294903034e+00
8.122673500479703369e+11 3.304570898077374252e+00
8.572556731909306641e+11 3.328100842832182771e+00
9.047357242349274902e+11 3.351893076444863340e+00
9.548455102782264404e+11 3.375951876466265489e+00
1.007730682094457642e+12 3.400281591368651046e+00
1.063544957486011230e+12 3.424887474335903903e+00
1.122450568085305908e+12 3.449774571220527442e+00
1.184618730902682373e+12 3.474945874225686904e+00
1.250230145991453369e+12 3.500405559622381091e+00
1.319475521676708740e+12 3.526156580398570828e+00
1.392556128874464844e+12 3.552202978935957933e+00
1.469684386112447510e+12 3.578548425080010809e+00
1.551084476952840576e+12 3.605198794024718989e+00
1.636993001611701904e+12 3.632159395856325190e+00
1.727659664669034668e+12 3.659435089377466976e+00
1.823348000868438477e+12 3.687032211171702656e+00
1.924336141115976074e+12 3.714952800852118209e+00
2.030917620904730713e+12 3.743202236856011389e+00
2.143402233514850098e+12 3.771785147520783532e+00
2.262116930469017090e+12 3.800706356797181495e+00
2.387406771860646973e+12 3.829972230080956219e+00
2.519635929317013672e+12 3.859588902074654104e+00
2.659188744512690918e+12 3.889560662778492883e+00
2.806470846309833008e+12 3.919894046432881751e+00
2.961910329772559570e+12 3.950593589286235385e+00
3.125959000482284180e+12 3.981664153813153195e+00
3.299093687770942383e+12 4.013112931631136249e+00
3.481817630688966309e+12 4.044945128170407855e+00
3.674661940736687988e+12 4.077167725228696860e+00
3.878187145610719727e+12 4.109787982952620489e+00
4.092984818452434082e+12 4.142810134127095978e+00
4.319679297334164551e+12 4.176239858829612572e+00
4.558929499981049805e+12 4.210085352342248122e+00
4.811430839003245117e+12 4.244353310004012059e+00
5.077917243205382812e+12 4.279050276047521528e+00
5.359163290848514648e+12 4.314183366117387841e+00
5.655986461065001953e+12 4.349758992818872905e+00
5.969249509970727539e+12 4.385783988141245260e+00
6.299862978380680664e+12 4.422267041491266149e+00
6.648787838417276367e+12 4.459214541395571274e+00
7.017038286703836914e+12 4.496634861755625323e+00
7.405684692262442383e+12 4.534535446295513417e+00
7.815856707684090820e+12 4.572924646280770666e+00
8.248746552614581055e+12 4.611808544218576777e+00
8.705612479099856445e+12 4.651197777345077888e+00
9.187782428863320312e+12 4.691100760869237440e+00
9.696657893145500000e+12 4.731523587643189366e+00
1.023371798632517188e+13 4.772478135335993521e+00
1.080052374516249609e+13 4.813971072504267923e+00
1.139872266616047852e+13 4.856012458505462703e+00
1.203005349423324219e+13 4.898610696461488168e+00
1.269635127659972852e+13 4.941775883294218907e+00
1.339955269659337109e+13 4.985518164955110798e+00
1.414170170289021094e+13 5.029847081174088963e+00
1.492495545051832227e+13 5.074772554962557969e+00
1.575159057091624414e+13 5.120303944970521215e+00
1.662400978926613477e+13 5.166452833495731589e+00
1.754474890833459570e+13 5.213230480077791107e+00
1.851648417912153906e+13 5.260646610813244806e+00
1.954204007974051562e+13 5.308711623836338767e+00
2.062439752514088281e+13 5.357439260230981937e+00
2.176670253153454688e+13 5.406838525447978938e+00
2.297227536071146484e+13 5.456922846217888257e+00
2.424462017082320703e+13 5.507703498522366736e+00
2.558743520168578516e+13 5.559194818845121233e+00
2.700462352420682031e+13 5.611404519430421622e+00
2.850030438518105078e+13 5.664351843500749162e+00
3.007882518043095703e+13 5.718046624423016588e+00
3.174477409109187109e+13 5.772500871351078366e+00
3.350299341977236719e+13 5.827730671324781397e+00
3.535859366535182812e+13 5.883748875759041930e+00
3.731696837732755469e+13 5.940570257406116106e+00
3.938380983288489062e+13 5.998209320250051491e+00
4.156512558225988281e+13 6.056678228588929791e+00
4.386725591048494531e+13 6.115996400026081581e+00
4.629689226627258594e+13 6.176178351607607198e+00
4.886109671160316406e+13 6.237238410966828184e+00
5.156732244854953125e+13 6.299194798658349193e+00
5.442343548300250000e+13 6.362062225558313244e+00
5.743773748826563281e+13 6.425857003934004830e+00
6.061898993497571875e+13 6.490597126388315097e+00
6.397643955748423438e+13 6.556303112895090379e+00
6.751984523072494531e+13 6.622990772545648497e+00
7.125950633568396875e+13 6.690675663782497118e+00
7.520629269592421875e+13 6.759379320329616192e+00
7.937167617217559375e+13 6.829123963135812048e+00
8.376776400682925000e+13 6.899926155243196746e+00
8.840733401525062500e+13 6.971804321322665920e+00
9.330387172620360938e+13 7.044780862206068583e+00
9.847160957933764062e+13 7.118879525637408889e+00
1.039255682936710938e+14 7.194116405165014605e+00
1.096816005273135781e+14 7.270519841067665467e+00
1.157564369553301094e+14 7.348105889824511294e+00
1.221677348996788125e+14 7.426900182473882950e+00
1.289341296525710469e+14 7.506928232367025444e+00
1.360752886424333125e+14 7.588210370583480469e+00
1.436119685999077188e+14 7.670774223356760402e+00
1.515660758900601250e+14 7.754645193792732094e+00
1.599607301861484688e+14 7.839847057010701725e+00
1.688203316700366250e+14 7.926404471385806616e+00
1.781706319545732500e+14 8.014349710560123796e+00
1.880388089340916562e+14 8.103704249079026312e+00
1.984535457805803125e+14 8.194502267021906761e+00
2.094451143151468750e+14 8.286769151987286364e+00
2.210454629971019375e+14 8.380534397224792542e+00
2.332883097864153438e+14 8.475830174186047117e+00
2.462092401494620625e+14 8.572683655581244011e+00
2.598458104929241875e+14 8.671131658429255040e+00
2.742376573264941250e+14 8.771203338740301447e+00
2.894266124716740000e+14 8.872931561186495841e+00
3.054568246515431875e+14 8.976349125018069586e+00
3.223748878149026875e+14 9.081497395689343222e+00
3.402299765678064375e+14 9.188400262899012461e+00
3.590739891061047500e+14 9.297108012409408317e+00
3.789616980644723750e+14 9.407645565295027268e+00
3.999509097203669375e+14 9.520060093674127089e+00
4.221026320156903125e+14 9.634382844993453432e+00
4.454812518844988750e+14 9.750664028175721754e+00
4.701547224022129375e+14 9.868934052748896235e+00
4.961947603002898125e+14 9.989237158773914160e+00
5.236770544204645000e+14 1.011162735838189164e+01
5.526814857144591875e+14 1.023613137779696025e+01
5.832923594286188750e+14 1.036280871225496014e+01
6.155986501483488750e+14 1.049170068599269889e+01
6.496942604146098750e+14 1.062285337130560769e+01
6.856782936641737500e+14 1.075631148591445552e+01
7.236553422869650000e+14 1.089212993651721639e+01
7.637357916378011250e+14 1.103036306218034923e+01
8.060361408861328750e+14 1.117105490971420956e+01
8.506793416364170000e+14 1.131426913002864154e+01
8.977951553033331250e+14 1.146005029277052500e+01
9.475205302806547500e+14 1.160845262569017855e+01
1.000000000000000000e+15 1.175954846308073520e+01
