1.000000000000000000e+08 8.898255811835743545e-01
1.055386103036523014e+08 8.903648885934802859e-01
1.113839826482618302e+08 8.909236125422094199e-01
1.175531073878367543e+08 8.915022410826868304e-01
1.240639159058834314e+08 8.921013393308051542e-01
1.309353327353612185e+08 8.927217018934149317e-01
1.381873305653633475e+08 8.933640262072481963e-01
1.458409882943986356e+08 8.940292171745654048e-01
1.539185522990205288e+08 8.947178883568357444e-01
1.624435010958865285e+08 8.954309242496474308e-01
1.714406135851968527e+08 8.961690836983313702e-01
1.809360410738712847e+08 8.969333132552166354e-01
1.909573832878100574e+08 8.977242456322691577e-01
2.015337685941735208e+08 8.985431240416995591e-01
2.126959386668691933e+08 8.993906286118896753e-01
2.244763378413223922e+08 9.002678089505543602e-01
2.369092074182631969e+08 9.011756439363493021e-01
2.500306851906321347e+08 9.021152387585963384e-01
2.638789104828929305e+08 9.030873928278960738e-01
2.784941350080649853e+08 9.040933591996411778e-01
2.939188398646890521e+08 9.051341620467210358e-01
3.101978590138099790e+08 9.062109232896984334e-01
3.273785095948576927e+08 9.073247866262255101e-01
3.455107294592218399e+08 9.084771667759443670e-01
3.646472223212745190e+08 9.096688740684878427e-01
3.848436109487425089e+08 9.109015441968664195e-01
4.061585988376971483e+08 9.121761053357412274e-01
4.286541408420934081e+08 9.134940554508648169e-01
4.523956232538058162e+08 9.148567437216184040e-01
4.774520538566131592e+08 9.162655510594828190e-01
5.038962625065150261e+08 9.177216966045317337e-01
5.318051128214197159e+08 9.192268000364528513e-01
5.612597255954965353e+08 9.207822762076922629e-01
5.923457145875793695e+08 9.223894681912883087e-01
6.251534353689699173e+08 9.240500565187896864e-01
6.597782479539546967e+08 9.257653064347540761e-01
6.963207939763890505e+08 9.275371193900668887e-01
7.348872892180387974e+08 9.293669864427617222e-01
7.755898323389002085e+08 9.312562736448184442e-01
8.185467307069020271e+08 9.332067849415190963e-01
8.638828442740435600e+08 9.352200912636193797e-01
9.117299484984903336e+08 9.372978992093394801e-01
9.622271173675154448e+08 9.394417830341427189e-01
1.015521127634569168e+09 9.416534062336099353e-01
1.071766885445503354e+09 9.439344928900117448e-01
1.131127876593921423e+09 9.462867379086347119e-01
1.193776641714435816e+09 9.487117707239205444e-01
1.259895277795025826e+09 9.512111690730115088e-01
1.329675967466209888e+09 9.537867332447953483e-01
1.403321537605481863e+09 9.564400314983899642e-01
1.481046048880676985e+09 9.591725917873783480e-01
1.563075417945817471e+09 9.619860698533336807e-01
1.649648074098020792e+09 9.648820235146372548e-01
1.741015652304015398e+09 9.678619076619918715e-01
1.837443724610724926e+09 9.709272075688154535e-01
1.939212572065826893e+09 9.740793405888346079e-01
2.046617999391993999e+09 9.773194572025130089e-01
2.159972194782721519e+09 9.806492139700861976e-01
2.279604637318982124e+09 9.840693409855747475e-01
2.405863054644066811e+09 9.875811760917909687e-01
2.539114433680346966e+09 9.911855041055076532e-01
2.679746087325689316e+09 9.948832383545856972e-01
2.828166780230029583e+09 9.986754619338878980e-01
2.984807916924321175e+09 1.002562461557394258e+00
3.150124795755321503e+09 1.006544486356940382e+00
3.324597932270945072e+09 1.010622525634879088e+00
3.508734455902714729e+09 1.014796303168009173e+00
3.703069584005141258e+09 1.019065819575160514e+00
3.908168177536263943e+09 1.023431011865573836e+00
4.124626382901348114e+09 1.027891417413892228e+00
4.353073364731883049e+09 1.032446700000969830e+00
4.594173134636466980e+09 1.037095933896262645e+00
4.848626481239088058e+09 1.041838269245688231e+00
5.117173007114609718e+09 1.046672586493617940e+00
5.400593278542373657e+09 1.051597544039001297e+00
5.699711094326075554e+09 1.056611682016796783e+00
6.015395880274832726e+09 1.061713327018557029e+00
6.348565216305210114e+09 1.066900376093528280e+00
6.700187503509576797e+09 1.072171020531133667e+00
7.071284778942981720e+09 1.077522970201021391e+00
7.462935686310145378e+09 1.082953782187456193e+00
7.876278611187063217e+09 1.088461221881812380e+00
8.312514989890631676e+09 1.094042733005274215e+00
8.772912801613355637e+09 1.099695540966189045e+00
9.258810253973945618e+09 1.105417061574257787e+00
9.771619672696161270e+09 1.111204677336710800e+00
1.031283160672186852e+10 1.117055890848882793e+00
1.088401916069007683e+10 1.122968115497248842e+00
1.148684256737554741e+10 1.128938839223041279e+00
1.212305401337652779e+10 1.134966070163794249e+00
1.279450273207873344e+10 1.141047481606077163e+00
1.350314037869872093e+10 1.147181442635846427e+00
1.425102670302996254e+10 1.153366406996267912e+00
1.504033553638022041e+10 1.159601101691064562e+00
1.587336111010205460e+10 1.165884509204833330e+00
1.675252472408210373e+10 1.172216231870840897e+00
1.768038178457208633e+10 1.178595971328195713e+00
1.865962923181745911e+10 1.185024064443105374e+00
1.969311337907421875e+10 1.191501175228806497e+00
2.078383818579755020e+10 1.198027946739351979e+00
2.193497398905055618e+10 1.204606034856490204e+00
2.314986671851165771e+10 1.211236798265454606e+00
2.443204762186491776e+10 1.217922344268257406e+00
2.578524352884276581e+10 1.224664671310750075e+00
2.721338768375308609e+10 1.231466279743808734e+00
2.872063117797828293e+10 1.238329441679519860e+00
3.031135501567576218e+10 1.245256782793463968e+00
3.199018284775060654e+10 1.252250729407063501e+00
3.376199441111333084e+10 1.259313509096642081e+00
3.563193971228576660e+10 1.266447527704277265e+00
3.760545399658160400e+10 1.273654838655443156e+00
3.968827354637165833e+10 1.280936947536859272e+00
4.188645235435270691e+10 1.288295094474199987e+00
4.420637972028530121e+10 1.295730754443725541e+00
4.665479882234468079e+10 1.303244582227969461e+00
4.923882631706731415e+10 1.310836344894112493e+00
5.196597302486207581e+10 1.318506905509517990e+00
5.484416576121026611e+10 1.326255432972532677e+00
5.788177037701280212e+10 1.334081919449039866e+00
6.108761607505039978e+10 1.341985827141299881e+00
6.447102107323869324e+10 1.349966239463659567e+00
6.804181968927093506e+10 1.358023139968949522e+00
7.181039092537341309e+10 1.366155890423537134e+00
7.578768863625914001e+10 1.374364747664693409e+00
7.998527336796691895e+10 1.382649785975266443e+00
8.441534596012959290e+10 1.391011867316472639e+00
8.909078300934143066e+10 1.399451913790924262e+00
9.402517429670132446e+10 1.407971598740677122e+00
9.923286228832545471e+10 1.416572374674125001e+00
1.047289838236357422e+11 1.425256289650966623e+00
1.105295141126019745e+11 1.434025801336498374e+00
1.166513131698198547e+11 1.442882998551584750e+00
1.231121748203892059e+11 1.451830100478972208e+00
1.299308784200417175e+11 1.460869078331164861e+00
1.371272434398400879e+11 1.470001961103466259e+00
1.447221870741134338e+11 1.479230095696100644e+00
1.527377850390712280e+11 1.488554229288711950e+00
1.611973357388155518e+11 1.497975334001361958e+00
1.701254279852585754e+11 1.507493540613161320e+00
1.795480124687826843e+11 1.517109952801838801e+00
1.894924771873815918e+11 1.526823970467859670e+00
1.999877270535286865e+11 1.536636612596262719e+00
2.110642679101554871e+11 1.546548151289176110e+00
2.227542951999556274e+11 1.556559895114034475e+00
2.350917875457284546e+11 1.566672965334782175e+00
2.481126055137765198e+11 1.576889328919196309e+00
2.618545958474237976e+11 1.587211051224532765e+00
2.763577014736163330e+11 1.597640469999720425e+00
2.916640776023706665e+11 1.608179806674177259e+00
3.078182142565079956e+11 1.618831304024215934e+00
3.248670655878374634e+11 1.629596847414867655e+00
3.428601863556583252e+11 1.640478260508398511e+00
3.618498759642742920e+11 1.651476475726943782e+00
3.818913304781846313e+11 1.662592580549041354e+00
4.030428030568041992e+11 1.673827382914423456e+00
4.253657732750374146e+11 1.685181885007414504e+00
4.489251258218607788e+11 1.696657238407299984e+00
4.737893390963143921e+11 1.708254730108100361e+00
5.000306842491090088e+11 1.719976852884995688e+00
5.277254352483532104e+11 1.731825783344804526e+00
5.569540905800124512e+11 1.743803592115771517e+00
5.878016072274924316e+11 1.755913276226225950e+00
6.203576476104281006e+11 1.768156905041527782e+00
6.547168402004742432e+11 1.780536386967931817e+00
6.909790545715645752e+11 1.793053243748234271e+00
7.292496916841444092e+11 1.805708939965473325e+00
7.696399902471151123e+11 1.818504768253800030e+00
8.122673500479703369e+11 1.831442692862270905e+00
8.572556731909306641e+11 1.844524093049630942e+00
9.047357242349274902e+11 1.857751966993513637e+00
9.548455102782264404e+11 1.871128681663056792e+00
1.007730682094457642e+12 1.884657016441185995e+00
1.063544957486011230e+12 1.898339544392704248e+00
1.122450568085305908e+12 1.912178962304354801e+00
1.184618730902682373e+12 1.926176456794584269e+00
1.250230145991453369e+12 1.940334221034161644e+00
1.319475521676708740e+12 1.954653931728520533e+00
1.392556128874464844e+12 1.969138414867283915e+00
1.469684386112447510e+12 1.983790228178343940e+00
1.551084476952840576e+12 1.998612062923971200e+00
1.636993001611701904e+12 2.013607534779895403e+00
1.727659664669034668e+12 2.028778714627525570e+00
1.823348000868438477e+12 2.044128569115863492e+00
1.924336141115976074e+12 2.059658822482299367e+00
2.030917620904730713e+12 2.075372419805626922e+00
2.143402233514850098e+12 2.091271626972000419e+00
2.262116930469017090e+12 2.107360245964628120e+00
2.387406771860646973e+12 2.123641081972091893e+00
2.519635929317013672e+12 2.140117620862609815e+00
2.659188744512690918e+12 2.156792503135871009e+00
2.806470846309833008e+12 2.173668546365972620e+00
2.961910329772559570e+12 2.190748770260022127e+00
3.125959000482284180e+12 2.208035981426582417e+00
3.299093687770942383e+12 2.225534415351865469e+00
3.481817630688966309e+12 2.243247282189023473e+00
3.674661940736687988e+12 2.261178203839704359e+00
3.878187145610719727e+12 2.279329919856149189e+00
4.092984818452434082e+12 2.297705957974398583e+00
4.319679297334164551e+12 2.316310168781700707e+00
4.558929499981049805e+12 2.335145822715219754e+00
4.811430839003245117e+12 2.354217708803308717e+00
5.077917243205382812e+12 2.373529025244066837e+00
5.359163290848514648e+12 2.393083246432627931e+00
5.655986461065001953e+12 2.412884723272058274e+00
5.969249509970727539e+12 2.432937122360464777e+00
6.299862978380680664e+12 2.453245176607244726e+00
6.648787838417276367e+12 2.473812795900101058e+00
7.017038286703836914e+12 2.494643950487570816e+00
7.405684692262442383e+12 2.515743076045965143e+00
7.815856707684090820e+12 2.537114769588871166e+00
8.248746552614581055e+12 2.558763948236148167e+00
8.705612479099856445e+12 2.580694565911545446e+00
9.187782428863320312e+12 2.602911395914000448e+00
9.696657893145500000e+12 2.625419406474522432e+00
1.023371798632517188e+13 2.648223604693081601e+00
1.080052374516249609e+13 2.671329076040704908e+00
1.139872266616047852e+13 2.694740444260269818e+00
1.203005349423324219e+13 2.718463167923057533e+00
1.269635127659972852e+13 2.742502396339790316e+00
1.339955269659337109e+13 2.766863773101459145e+00
1.414170170289021094e+13 2.791552767157452042e+00
1.492495545051832227e+13 2.816574987113061646e+00
1.575159057091624414e+13 2.841935799473819468e+00
1.662400978926613477e+13 2.867641774579522629e+00
1.754474890833459570e+13 2.893698230950552119e+00
1.851648417912153906e+13 2.920111427176999008e+00
1.954204007974051562e+13 2.946888521433690844e+00
2.062439752514088281e+13 2.974034250264070867e+00
2.176670253153454688e+13 3.001556063232662552e+00
2.297227536071146484e+13 3.029460625848908517e+00
2.424462017082320703e+13 3.057754389416680763e+00
2.558743520168578516e+13 3.086444378469112682e+00
2.700462352420682031e+13 3.115537842331367102e+00
2.850030438518105078e+13 3.145041694025930479e+00
3.007882518043095703e+13 3.174963017730359827e+00
3.174477409109187109e+13 3.205309783839524584e+00
3.350299341977236719e+13 3.236089913437575571e+00
3.535859366535182812e+13 3.267310528877220843e+00
3.731696837732755469e+13 3.298980060325797492e+00
3.938380983288489062e+13 3.331106256065121229e+00
4.156512558225988281e+13 3.363697763204880342e+00
4.386725591048494531e+13 3.396763772028250639e+00
4.629689226627258594e+13 3.430311316328376048e+00
4.886109671160316406e+13 3.464350799037721806e+00
5.156732244854953125e+13 3.498890543046572876e+00
5.442343548300250000e+13 3.533940000848832419e+00
5.743773748826563281e+13 3.569509207737115108e+00
6.061898993497571875e+13 3.605606782571940894e+00
6.397643955748423438e+13 3.642242830590306291e+00
6.751984523072494531e+13 3.679427690562095954e+00
7.125950633568396875e+13 3.717172544660656719e+00
7.520629269592421875e+13 3.755487775899106762e+00
7.937167617217559375e+13 3.794382466460325620e+00
8.376776400682925000e+13 3.833869800629418290e+00
8.840733401525062500e+13 3.873959250114428432e+00
9.330387172620360938e+13 3.914664056682463311e+00
9.847160957933764062e+13 3.955994926501746889e+00
1.039255682936710938e+14 3.997964152754058365e+00
1.096816005273135781e+14 4.040584151076109798e+00
1.157564369553301094e+14 4.083867205422973434e+00
1.221677348996788125e+14 4.127826318381139004e+00
1.289341296525710469e+14 4.172474962943724108e+00
1.360752886424333125e+14 4.217826129176402539e+00
1.436119685999077188e+14 4.263894266026557744e+00
1.515660758900601250e+14 4.310693703553107881e+00
1.599607301861484688e+14 4.358238223179125903e+00
1.688203316700366250e+14 4.406542254851889773e+00
1.781706319545732500e+14 4.455621619771167552e+00
1.880388089340916562e+14 4.505491745633145584e+00
1.984535457805803125e+14 4.556168068921100378e+00
2.094451143151468750e+14 4.607667564886873457e+00
2.210454629971019375e+14 4.660006547621091677e+00
2.332883097864153438e+14 4.713200104850579386e+00
2.462092401494620625e+14 4.767268357296440939e+00
2.598458104929241875e+14 4.822227276086424652e+00
2.742376573264941250e+14 4.878097523121843082e+00
2.894266124716740000e+14 4.934893563830115681e+00
3.054568246515431875e+14 4.992637591821050158e+00
3.223748878149026875e+14 5.051347995311190608e+00
3.402299765678064375e+14 5.111045114854833038e+00
3.590739891061047500e+14 5.171749666925673949e+00
3.789616980644723750e+14 5.233480348518103398e+00
3.999509097203669375e+14 5.296262011453985785e+00
4.221026320156903125e+14 5.360113924454043222e+00
4.454812518844988750e+14 5.425059980815045257e+00
4.701547224022129375e+14 5.491123353134573115e+00
4.961947603002898125e+14 5.558326545844725963e+00
5.236770544204645000e+14 5.626695953188511012e+00
5.526814857144591875e+14 5.696251977020371449e+00
5.832923594286188750e+14 5.767025342783036912e+00
6.155986501483488750e+14 5.839037620619017765e+00
6.496942604146098750e+14 5.912317454222904445e+00
6.856782936641737500e+14 5.986892270155048656e+00
7.236553422869650000e+14 6.062789348148422519e+00
7.637357916378011250e+14 6.140036789901243353e+00
8.060361408861328750e+14 6.218664421288006672e+00
8.506793416364170000e+14 6.298703785506755359e+00
8.977951553033331250e+14 6.380184183091529349e+00
9.475205302806547500e+14 6.463138213661840048e+00
1.000000000000000000e+15 6.547595746774359959e+00
