1.000000000000000000e+08 8.651608990679819922e-01
1.055386103036523014e+08 8.656869340598365437e-01
1.113839826482618302e+08 8.662315595833530724e-01
1.175531073878367543e+08 8.667957510459685100e-01
1.240639159058834314e+08 8.673798628576500080e-01
1.309353327353612185e+08 8.679848514812961158e-01
1.381873305653633475e+08 8.686112668410065352e-01
1.458409882943986356e+08 8.692598382182857852e-01
1.539185522990205288e+08 8.699312718334463179e-01
1.624435010958865285e+08 8.706265699279996939e-01
1.714406135851968527e+08 8.713462517985489653e-01
1.809360410738712847e+08 8.720913325105373870e-01
1.909573832878100574e+08 8.728626421708083338e-01
2.015337685941735208e+08 8.736611304851813475e-01
2.126959386668691933e+08 8.744873832377929590e-01
2.244763378413223922e+08 8.753427069583625819e-01
2.369092074182631969e+08 8.762278271355465886e-01
2.500306851906321347e+08 8.771438192983546100e-01
2.638789104828929305e+08 8.780917971721443616e-01
2.784941350080649853e+08 8.790725538473732614e-01
2.939188398646890521e+08 8.800874112996556198e-01
3.101978590138099790e+08 8.811372329605485776e-01
3.273785095948576927e+08 8.822232437827461915e-01
3.455107294592218399e+08 8.833467741546822127e-01
3.646472223212745190e+08 8.845086439259718381e-01
3.848436109487425089e+08 8.857103016656219241e-01
4.061585988376971483e+08 8.869530669676876089e-01
4.286541408420934081e+08 8.882380662115971770e-01
4.523956232538058162e+08 8.895665902603463460e-01
4.774520538566131592e+08 8.909399919477699603e-01
5.038962625065150261e+08 8.923597091187120967e-01
5.318051128214197159e+08 8.938270066992890506e-01
5.612597255954965353e+08 8.953433542122988253e-01
5.923457145875793695e+08 8.969102497273145902e-01
6.251534353689699173e+08 8.985290957574553206e-01
6.597782479539546967e+08 9.002013938571333806e-01
6.963207939763890505e+08 9.019286861260095156e-01
7.348872892180387974e+08 9.037122294584506443e-01
7.755898323389002085e+08 9.055540832409765262e-01
8.185467307069020271e+08 9.074554177177428516e-01
8.638828442740435600e+08 9.094180002800046347e-01
9.117299484984903336e+08 9.114433468285328965e-01
9.622271173675154448e+08 9.135331717599155521e-01
1.015521127634569168e+09 9.156890105393852286e-01
1.071766885445503354e+09 9.179124651124955792e-01
1.131127876593921423e+09 9.202051563270682299e-01
1.193776641714435816e+09 9.225688497649734421e-01
1.259895277795025826e+09 9.250049907722702747e-01
1.329675967466209888e+09 9.275152442260740093e-01
1.403321537605481863e+09 9.301012159798612844e-01
1.481046048880676985e+09 9.327644497778700972e-01
1.563075417945817471e+09 9.355064508107606702e-01
1.649648074098020792e+09 9.383287891986348273e-01
1.741015652304015398e+09 9.412328037167423389e-01
1.837443724610724926e+09 9.442199945953160256e-01
1.939212572065826893e+09 9.472914815957795831e-01
2.046617999391993999e+09 9.504490883499369103e-01
2.159972194782721519e+09 9.536936233067557778e-01
2.279604637318982124e+09 9.570260979934943624e-01
2.405863054644066811e+09 9.604478569943238897e-01
2.539114433680346966e+09 9.639597328146330968e-01
2.679746087325689316e+09 9.675626131769591298e-01
2.828166780230029583e+09 9.712570042641798240e-01
2.984807916924321175e+09 9.750436898385069773e-01
3.150124795755321503e+09 9.789231686512660513e-01
3.324597932270945072e+09 9.828956048897367070e-01
3.508734455902714729e+09 9.869611650296360450e-01
3.703069584005141258e+09 9.911199289544748714e-01
3.908168177536263943e+09 9.953717118803152575e-01
4.124626382901348114e+09 9.997159825396564337e-01
4.353073364731883049e+09 1.004152335389466799e+00
4.594173134636466980e+09 1.008680178791860893e+00
4.848626481239088058e+09 1.013298310251106171e+00
5.117173007114609718e+09 1.018005823477405869e+00
5.400593278542373657e+09 1.022801229779433108e+00
5.699711094326075554e+09 1.027683353753676032e+00
6.015395880274832726e+09 1.032650323455639452e+00
6.348565216305210114e+09 1.037700185804724784e+00
6.700187503509576797e+09 1.042831149540193625e+00
7.071284778942981720e+09 1.048040998216489328e+00
7.462935686310145378e+09 1.053327318202583740e+00
7.876278611187063217e+09 1.058688007138844034e+00
8.312514989890631676e+09 1.064120245250581354e+00
8.772912801613355637e+09 1.069621801908223535e+00
9.258810253973945618e+09 1.075189965573370765e+00
9.771619672696161270e+09 1.080822048350716269e+00
1.031283160672186852e+10 1.086515858483402264e+00
1.088401916069007683e+10 1.092268778069013679e+00
1.148684256737554741e+10 1.098078396735177042e+00
1.212305401337652779e+10 1.103942761481201185e+00
1.279450273207873344e+10 1.109859638921779856e+00
1.350314037869872093e+10 1.115827392136697460e+00
1.425102670302996254e+10 1.121844766659222836e+00
1.504033553638022041e+10 1.127910159485759234e+00
1.587336111010205460e+10 1.134023105403332954e+00
1.675252472408210373e+10 1.140182948333757995e+00
1.768038178457208633e+10 1.146389553455601673e+00
1.865962923181745911e+10 1.152642938191084099e+00
1.969311337907421875e+10 1.158944212863008971e+00
2.078383818579755020e+10 1.165293892999018865e+00
2.193497398905055618e+10 1.171693465235760456e+00
2.314986671851165771e+10 1.178144541960483682e+00
2.443204762186491776e+10 1.184648826100299646e+00
2.578524352884276581e+10 1.191208850874245773e+00
2.721338768375308609e+10 1.197826532887180440e+00
2.872063117797828293e+10 1.204504164239028396e+00
3.031135501567576218e+10 1.211244446846852618e+00
3.199018284775060654e+10 1.218049709320955687e+00
3.376199441111333084e+10 1.224922153202675945e+00
3.563193971228576660e+10 1.231863944494990815e+00
3.760545399658160400e+10 1.238877142547565757e+00
3.968827354637165833e+10 1.245963105359333856e+00
4.188645235435270691e+10 1.253123197785108500e+00
4.420637972028530121e+10 1.260358686279095863e+00
4.665479882234468079e+10 1.267670084927976504e+00
4.923882631706731415e+10 1.275057828162925677e+00
5.196597302486207581e+10 1.282521570928029320e+00
5.484416576121026611e+10 1.290061246833517972e+00
5.788177037701280212e+10 1.297676607194411247e+00
6.108761607505039978e+10 1.305367273442019194e+00
6.447102107323869324e+10 1.313132290637681887e+00
6.804181968927093506e+10 1.320971574825243300e+00
7.181039092537341309e+10 1.328884850219245850e+00
7.578768863625914001e+10 1.336871763100219157e+00
7.998527336796691895e+10 1.344933088016786460e+00
8.441534596012959290e+10 1.353069301979698436e+00
8.909078300934143066e+10 1.361281283963007738e+00
9.402517429670132446e+10 1.369570817361388304e+00
9.923286228832545471e+10 1.377939433889428855e+00
1.047289838236357422e+11 1.386389319503527284e+00
1.105295141126019745e+11 1.394922225588358877e+00
1.166513131698198547e+11 1.403540693272368411e+00
1.231121748203892059e+11 1.412246709609891404e+00
1.299308784200417175e+11 1.421042487338684213e+00
1.371272434398400879e+11 1.429929448604629671e+00
1.447221870741134338e+11 1.438908856184855534e+00
1.527377850390712280e+11 1.447981899749747781e+00
1.611973357388155518e+11 1.457149213137989952e+00
1.701254279852585754e+11 1.466411287264987706e+00
1.795480124687826843e+11 1.475768504859949148e+00
1.894924771873815918e+11 1.485220937499924565e+00
1.999877270535286865e+11 1.494769087176454292e+00
2.110642679101554871e+11 1.504413538145965790e+00
2.227542951999556274e+11 1.514155248454759350e+00
2.350917875457284546e+11 1.523995891849243556e+00
2.481126055137765198e+11 1.533937081852257078e+00
2.618545958474237976e+11 1.543980817769204927e+00
2.763577014736163330e+11 1.554129412143813171e+00
2.916640776023706665e+11 1.564385179515596525e+00
3.078182142565079956e+11 1.574750112924309331e+00
3.248670655878374634e+11 1.585226225167079450e+00
3.428601863556583252e+11 1.595814697984514474e+00
3.618498759642742920e+11 1.606517104285728026e+00
3.818913304781846313e+11 1.617334132001385205e+00
4.030428030568041992e+11 1.628266613488461134e+00
4.253657732750374146e+11 1.639315628890615661e+00
4.489251258218607788e+11 1.650482142862384149e+00
4.737893390963143921e+11 1.661767732066005809e+00
5.000306842491090088e+11 1.673174655383912413e+00
5.277254352483532104e+11 1.684704809856350405e+00
5.569540905800124512e+11 1.696360732201614985e+00
5.878016072274924316e+11 1.708144742657350834e+00
6.203576476104281006e+11 1.720059378435580433e+00
6.547168402004742432e+11 1.732106113803582481e+00
6.909790545715645752e+11 1.744286704174918601e+00
7.292496916841444092e+11 1.756602370784856149e+00
7.696399902471151123e+11 1.769054483992503757e+00
8.122673500479703369e+11 1.781644469750436777e+00
8.572556731909306641e+11 1.794374404912432386e+00
9.047357242349274902e+11 1.807247108566798932e+00
9.548455102782264404e+11 1.820264479864234231e+00
1.007730682094457642e+12 1.833429879458161160e+00
1.063544957486011230e+12 1.846745158515521013e+00
1.122450568085305908e+12 1.860212716979211089e+00
1.184618730902682373e+12 1.873834614167721124e+00
1.250230145991453369e+12 1.887612183621920847e+00
1.319475521676708740e+12 1.901547861664546257e+00
1.392556128874464844e+12 1.915643484868433166e+00
1.469684386112447510e+12 1.929902105305253412e+00
1.551084476952840576e+12 1.944326376567695913e+00
1.636993001611701904e+12 1.958919603944331511e+00
1.727659664669034668e+12 1.973683980265277471e+00
1.823348000868438477e+12 1.988622021267979489e+00
1.924336141115976074e+12 2.003735854115348936e+00
2.030917620904730713e+12 2.019027960449084169e+00
2.143402233514850098e+12 2.034501099195892948e+00
2.262116930469017090e+12 2.050158104258543723e+00
2.387406771860646973e+12 2.066002824439891139e+00
2.519635929317013672e+12 2.082037698357209088e+00
2.659188744512690918e+12 2.098266261636448249e+00
2.806470846309833008e+12 2.114690034011737385e+00
2.961910329772559570e+12 2.131312434315711712e+00
3.125959000482284180e+12 2.148136839515645047e+00
3.299093687770942383e+12 2.165166627191969173e+00
3.481817630688966309e+12 2.182405019185852169e+00
3.674661940736687988e+12 2.199855912537744818e+00
3.878187145610719727e+12 2.217521525557129447e+00
4.092984818452434082e+12 2.235406029195085242e+00
4.319679297334164551e+12 2.253512117308809071e+00
4.558929499981049805e+12 2.271843889986844278e+00
4.811430839003245117e+12 2.290405444059049334e+00
5.077917243205382812e+12 2.309200194190311084e+00
5.359163290848514648e+12 2.328231593494487051e+00
5.655986461065001953e+12 2.347502906713528237e+00
5.969249509970727539e+12 2.367019243365218184e+00
6.299862978380680664e+12 2.386784132700825456e+00
6.648787838417276367e+12 2.406801907679798180e+00
7.017038286703836914e+12 2.427076303612734076e+00
7.405684692262442383e+12 2.447611744155917535e+00
7.815856707684090820e+12 2.468412165444087147e+00
8.248746552614581055e+12 2.489483190350059605e+00
8.705612479099856445e+12 2.510827818249881993e+00
9.187782428863320312e+12 2.532451060721423008e+00
9.696657893145500000e+12 2.554357753351509608e+00
1.023371798632517188e+13 2.576553066385455004e+00
1.080052374516249609e+13 2.599041670177936414e+00
1.139872266616047852e+13 2.621828342239533871e+00
1.203005349423324219e+13 2.644917468384176296e+00
1.269635127659972852e+13 2.668315150120629475e+00
1.339955269659337109e+13 2.692026693297390416e+00
1.414170170289021094e+13 2.716056795797965329e+00
1.492495545051832227e+13 2.740411598589107545e+00
1.575159057091624414e+13 2.765095981442532214e+00
1.662400978926613477e+13 2.790116528761131143e+00
1.754474890833459570e+13 2.815478096248796636e+00
1.851648417912153906e+13 2.841187550450044785e+00
1.954204007974051562e+13 2.867250309129599994e+00
2.062439752514088281e+13 2.893672357280731244e+00
2.176670253153454688e+13 2.920461079272758109e+00
2.297227536071146484e+13 2.947621505708639233e+00
2.424462017082320703e+13 2.975162020965585796e+00
2.558743520168578516e+13 3.003087808211468701e+00
2.700462352420682031e+13 3.031406431049213257e+00
2.850030438518105078e+13 3.060124660376898120e+00
3.007882518043095703e+13 3.089249519375096398e+00
3.174477409109187109e+13 3.118788654329615717e+00
3.350299341977236719e+13 3.148748973606744439e+00
3.535859366535182812e+13 3.179138869009258794e+00
3.731696837732755469e+13 3.209965790927064244e+00
3.938380983288489062e+13 3.241237594193801641e+00
4.156512558225988281e+13 3.272962150270779969e+00
4.386725591048494531e+13 3.305148875222567728e+00
4.629689226627258594e+13 3.337804217438051779e+00
4.886109671160316406e+13 3.370938616929399778e+00
5.156732244854953125e+13 3.404560496452411655e+00
5.442343548300250000e+13 3.438678957789465418e+00
5.743773748826563281e+13 3.473302190457456806e+00
6.061898993497571875e+13 3.508441527735155052e+00
6.397643955748423438e+13 3.544104818516564670e+00
6.751984523072494531e+13 3.580302662168343808e+00
7.125950633568396875e+13 3.617045170780651020e+00
7.520629269592421875e+13 3.654342728896826209e+00
7.937167617217559375e+13 3.692204530511573601e+00
8.376776400682925000e+13 3.730644259845964594e+00
8.840733401525062500e+13 3.769669983675786096e+00
9.330387172620360938e+13 3.809294628232855917e+00
9.847160957933764062e+13 3.849529037815008881e+00
1.039255682936710938e+14 3.890385203961352900e+00
1.096816005273135781e+14 3.931874427843772057e+00
1.157564369553301094e+14 3.974010338782548057e+00
1.221677348996788125e+14 4.016803838169390239e+00
1.289341296525710469e+14 4.060269585798991443e+00
1.360752886424333125e+14 4.104419346127545332e+00
1.436119685999077188e+14 4.149268053917116283e+00
1.515660758900601250e+14 4.194827160237091235e+00
1.599607301861484688e+14 4.241112286391466313e+00
1.688203316700366250e+14 4.288137902988697903e+00
1.781706319545732500e+14 4.335917480325647055e+00
1.880388089340916562e+14 4.384467701134273199e+00
1.984535457805803125e+14 4.433803423778446273e+00
2.094451143151468750e+14 4.483940257941863905e+00
2.210454629971019375e+14 4.534893729986738009e+00
2.332883097864153438e+14 4.586681412853097051e+00
2.462092401494620625e+14 4.639320305242942588e+00
2.598458104929241875e+14 4.692826350993267503e+00
2.742376573264941250e+14 4.747217835970915623e+00
2.894266124716740000e+14 4.802514081968499049e+00
3.054568246515431875e+14 4.858731384331947289e+00
3.223748878149026875e+14 4.915890467259290020e+00
3.402299765678064375e+14 4.974010919264061137e+00
3.590739891061047500e+14 5.033112102950643596e+00
3.789616980644723750e+14 5.093213300659657605e+00
3.999509097203669375e+14 5.154337724780449825e+00
4.221026320156903125e+14 5.216505510530666356e+00
4.454812518844988750e+14 5.279738470331284184e+00
4.701547224022129375e+14 5.344057688673431450e+00
4.961947603002898125e+14 5.409489042962262850e+00
5.236770544204645000e+14 5.476055089494558992e+00
5.526814857144591875e+14 5.543778295366528219e+00
5.832923594286188750e+14 5.612684908832769715e+00
6.155986501483488750e+14 5.682799773422964940e+00
6.496942604146098750e+14 5.754148415224372926e+00
6.856782936641737500e+14 5.826759218925356087e+00
7.236553422869650000e+14 5.900656864333067908e+00
7.637357916378011250e+14 5.975870636116649592e+00
8.060361408861328750e+14 6.052429019385310305e+00
8.506793416364170000e+14 6.130361543745829422e+00
8.977951553033331250e+14 6.209697283133906787e+00
9.475205302806547500e+14 6.290468259487777658e+00
1.000000000000000000e+15 6.372704001586463995e+00
