1.000000000000000000e+08 1.113225567603501887e+00
1.055386103036523014e+08 1.113889828330789200e+00
1.113839826482618302e+08 1.114577736669781327e+00
1.175531073878367543e+08 1.115290086439257422e+00
1.240639159058834314e+08 1.116027819830488932e+00
1.309353327353612185e+08 1.116791723994688734e+00
1.381873305653633475e+08 1.117582772358882925e+00
1.458409882943986356e+08 1.118401872742919911e+00
1.539185522990205288e+08 1.119249855772694424e+00
1.624435010958865285e+08 1.120128017468088322e+00
1.714406135851968527e+08 1.121036978397192962e+00
1.809360410738712847e+08 1.121978048909316739e+00
1.909573832878100574e+08 1.122952410021244907e+00
2.015337685941735208e+08 1.123960735149510448e+00
2.126959386668691933e+08 1.125004563810799718e+00
2.244763378413223922e+08 1.126084947598958497e+00
2.369092074182631969e+08 1.127203173598012365e+00
2.500306851906321347e+08 1.128360359120661460e+00
2.638789104828929305e+08 1.129557927861879474e+00
2.784941350080649853e+08 1.130796998637473516e+00
2.939188398646890521e+08 1.132079105629035132e+00
3.101978590138099790e+08 1.133405659491600215e+00
3.273785095948576927e+08 1.134777886710815142e+00
3.455107294592218399e+08 1.136197423613312552e+00
3.646472223212745190e+08 1.137665795524615664e+00
3.848436109487425089e+08 1.139184535170574053e+00
4.061585988376971483e+08 1.140754966017926142e+00
4.286541408420934081e+08 1.142378978146676660e+00
4.523956232538058162e+08 1.144058068703702080e+00
4.774520538566131592e+08 1.145794229049256874e+00
5.038962625065150261e+08 1.147588791480466108e+00
5.318051128214197159e+08 1.149443731562670434e+00
5.612597255954965353e+08 1.151360859757291299e+00
5.923457145875793695e+08 1.153341902576325628e+00
6.251534353689699173e+08 1.155388921369666644e+00
6.597782479539546967e+08 1.157503516213243655e+00
6.963207939763890505e+08 1.159687821037185484e+00
7.348872892180387974e+08 1.161943784579376526e+00
7.755898323389002085e+08 1.164273310153555174e+00
8.185467307069020271e+08 1.166678573977576239e+00
8.638828442740435600e+08 1.169161361350746997e+00
9.117299484984903336e+08 1.171723831623761480e+00
9.622271173675154448e+08 1.174368172088621209e+00
1.015521127634569168e+09 1.177096442376351026e+00
1.071766885445503354e+09 1.179910465654971707e+00
1.131127876593921423e+09 1.182812685626404736e+00
1.193776641714435816e+09 1.185804969301874623e+00
1.259895277795025826e+09 1.188889371849491061e+00
1.329675967466209888e+09 1.192067922169552929e+00
1.403321537605481863e+09 1.195343124047349992e+00
1.481046048880676985e+09 1.198716496583411617e+00
1.563075417945817471e+09 1.202190284312260493e+00
1.649648074098020792e+09 1.205766260721380378e+00
1.741015652304015398e+09 1.209446452696647967e+00
1.837443724610724926e+09 1.213232728272974903e+00
1.939212572065826893e+09 1.217126872839930707e+00
2.046617999391993999e+09 1.221130473748937906e+00
2.159972194782721519e+09 1.225245217697787714e+00
2.279604637318982124e+09 1.229472543570358622e+00
2.405863054644066811e+09 1.233814013219585171e+00
2.539114433680346966e+09 1.238270821180472270e+00
2.679746087325689316e+09 1.242844043940165344e+00
2.828166780230029583e+09 1.247534876527616410e+00
2.984807916924321175e+09 1.252344024475734452e+00
3.150124795755321503e+09 1.257272152362346684e+00
3.324597932270945072e+09 1.262319807901908231e+00
3.508734455902714729e+09 1.267487338964162769e+00
3.703069584005141258e+09 1.272774747241565141e+00
3.908168177536263943e+09 1.278181960422807073e+00
4.124626382901348114e+09 1.283708873477421575e+00
4.353073364731883049e+09 1.289354455728427551e+00
4.594173134636466980e+09 1.295118164832875784e+00
4.848626481239088058e+09 1.300999106366494074e+00
5.117173007114609718e+09 1.306995663899436222e+00
5.400593278542373657e+09 1.313106577358997828e+00
5.699711094326075554e+09 1.319329930653672323e+00
6.015395880274832726e+09 1.325663674669940395e+00
6.348565216305210114e+09 1.332105574428659400e+00
6.700187503509576797e+09 1.338653229490681662e+00
7.071284778942981720e+09 1.345303934319629802e+00
7.462935686310145378e+09 1.352054843689513230e+00
7.876278611187063217e+09 1.358902918989062458e+00
8.312514989890631676e+09 1.365845177055727389e+00
8.772912801613355637e+09 1.372878032688565453e+00
9.258810253973945618e+09 1.379998558725603397e+00
9.771619672696161270e+09 1.387203492626972512e+00
1.031283160672186852e+10 1.394489317402302753e+00
1.088401916069007683e+10 1.401852873406825406e+00
1.148684256737554741e+10 1.409291193963064570e+00
1.212305401337652779e+10 1.416801398264602829e+00
1.279450273207873344e+10 1.424380666681751562e+00
1.350314037869872093e+10 1.432026473577189485e+00
1.425102670302996254e+10 1.439737050597497570e+00
1.504033553638022041e+10 1.447510441722156482e+00
1.587336111010205460e+10 1.455345430386637773e+00
1.675252472408210373e+10 1.463241049627691304e+00
1.768038178457208633e+10 1.471196999680357997e+00
1.865962923181745911e+10 1.479213088452565161e+00
1.969311337907421875e+10 1.487290022212625296e+00
2.078383818579755020e+10 1.495428717842901545e+00
2.193497398905055618e+10 1.503630638049154200e+00
2.314986671851165771e+10 1.511897558811601261e+00
2.443204762186491776e+10 1.520231821829258978e+00
2.578524352884276581e+10 1.528635890248010609e+00
2.721338768375308609e+10 1.537112758691830505e+00
2.872063117797828293e+10 1.545665469250792290e+00
3.031135501567576218e+10 1.554296737837454812e+00
3.199018284775060654e+10 1.563009891365042314e+00
3.376199441111333084e+10 1.571808244333531501e+00
3.563193971228576660e+10 1.580694096867073295e+00
3.760545399658160400e+10 1.589670779710120385e+00
3.968827354637165833e+10 1.598739848644068706e+00
4.188645235435270691e+10 1.607903848419907078e+00
4.420637972028530121e+10 1.617163851399720409e+00
4.665479882234468079e+10 1.626521169912233278e+00
4.923882631706731415e+10 1.635976609570676032e+00
5.196597302486207581e+10 1.645529625972566912e+00
5.484416576121026611e+10 1.655181235851636457e+00
5.788177037701280212e+10 1.664930304540463313e+00
6.108761607505039978e+10 1.674776353226542502e+00
6.447102107323869324e+10 1.684718854449500647e+00
6.804181968927093506e+10 1.694757187931960951e+00
7.181039092537341309e+10 1.704890414936028442e+00
7.578768863625914001e+10 1.715118982727636965e+00
7.998527336796691895e+10 1.725442963711728783e+00
8.441534596012959290e+10 1.735862544945507846e+00
8.909078300934143066e+10 1.746378977732936155e+00
9.402517429670132446e+10 1.756994276894987106e+00
9.923286228832545471e+10 1.767709770769432920e+00
1.047289838236357422e+11 1.778528498265154356e+00
1.105295141126019745e+11 1.789452899978980049e+00
1.166513131698198547e+11 1.800485426050391968e+00
1.231121748203892059e+11 1.811629790934804474e+00
1.299308784200417175e+11 1.822887579825588800e+00
1.371272434398400879e+11 1.834262188966096163e+00
1.447221870741134338e+11 1.845754678783789737e+00
1.527377850390712280e+11 1.857367054330888667e+00
1.611973357388155518e+11 1.869100440702196053e+00
1.701254279852585754e+11 1.880955416778793188e+00
1.795480124687826843e+11 1.892932570738672382e+00
1.894924771873815918e+11 1.905031970222929250e+00
1.999877270535286865e+11 1.917254481165717506e+00
2.110642679101554871e+11 1.929600411855365127e+00
2.227542951999556274e+11 1.942070758173991996e+00
2.350917875457284546e+11 1.954667568775743547e+00
2.481126055137765198e+11 1.967392204087683893e+00
2.618545958474237976e+11 1.980247551889950275e+00
2.763577014736163330e+11 1.993236138938356383e+00
2.916640776023706665e+11 2.006360978926543748e+00
3.078182142565079956e+11 2.019625275202266756e+00
3.248670655878374634e+11 2.033030901074976082e+00
3.428601863556583252e+11 2.046580838119581802e+00
3.618498759642742920e+11 2.060276049762970185e+00
3.818913304781846313e+11 2.074118325171387500e+00
4.030428030568041992e+11 2.088108713285929952e+00
4.253657732750374146e+11 2.102248392401022237e+00
4.489251258218607788e+11 2.116538373003046480e+00
4.737893390963143921e+11 2.130980672479875437e+00
5.000306842491090088e+11 2.145577285393946099e+00
5.277254352483532104e+11 2.160331238508078844e+00
5.569540905800124512e+11 2.175245228419021792e+00
5.878016072274924316e+11 2.190322763130712058e+00
6.203576476104281006e+11 2.205566395861981999e+00
6.547168402004742432e+11 2.220979092615471995e+00
6.909790545715645752e+11 2.236563003126916804e+00
7.292496916841444092e+11 2.252319752401475306e+00
7.696399902471151123e+11 2.268251112488148369e+00
8.122673500479703369e+11 2.284359238425015981e+00
8.572556731909306641e+11 2.300646051444925622e+00
9.047357242349274902e+11 2.317113917470018603e+00
9.548455102782264404e+11 2.333767133947773242e+00
1.007730682094457642e+12 2.350608302771157732e+00
1.063544957486011230e+12 2.367641185044367713e+00
1.122450568085305908e+12 2.384868686687153350e+00
1.184618730902682373e+12 2.402293391465473160e+00
1.250230145991453369e+12 2.419917112558041872e+00
1.319475521676708740e+12 2.437743022404712523e+00
1.392556128874464844e+12 2.455773176530993140e+00
1.469684386112447510e+12 2.474010998358553426e+00
1.551084476952840576e+12 2.492460230733863469e+00
1.636993001611701904e+12 2.511124452123056461e+00
1.727659664669034668e+12 2.530007715920382871e+00
1.823348000868438477e+12 2.549112893027681181e+00
1.924336141115976074e+12 2.568442759652717289e+00
2.030917620904730713e+12 2.587999931408066612e+00
2.143402233514850098e+12 2.607788267201458510e+00
2.262116930469017090e+12 2.627811314799292752e+00
2.387406771860646973e+12 2.648073336698793412e+00
2.519635929317013672e+12 2.668578446645610391e+00
2.659188744512690918e+12 2.689330204356118692e+00
2.806470846309833008e+12 2.710332073379734918e+00
2.961910329772559570e+12 2.731587795995062073e+00
3.125959000482284180e+12 2.753100726031438406e+00
3.299093687770942383e+12 2.774875304520710628e+00
3.481817630688966309e+12 2.796916434772615645e+00
3.674661940736687988e+12 2.819228514048518264e+00
3.878187145610719727e+12 2.841815529268656437e+00
4.092984818452434082e+12 2.864680831594770716e+00
4.319679297334164551e+12 2.887829530071897022e+00
4.558929499981049805e+12 2.911265603689056292e+00
4.811430839003245117e+12 2.934995446180904466e+00
5.077917243205382812e+12 2.959022188688610555e+00
5.359163290848514648e+12 2.983351437534632833e+00
5.655986461065001953e+12 3.007986957278402596e+00
5.969249509970727539e+12 3.032934910191173561e+00
6.299862978380680664e+12 3.058200033860457800e+00
6.648787838417276367e+12 3.083786897739740684e+00
7.017038286703836914e+12 3.109701850688950220e+00
7.405684692262442383e+12 3.135949686783530144e+00
7.815856707684090820e+12 3.162535477985411347e+00
8.248746552614581055e+12 3.189466360071853135e+00
8.705612479099856445e+12 3.216746691654661650e+00
9.187782428863320312e+12 3.244382073322546578e+00
9.696657893145500000e+12 3.272379826402112002e+00
1.023371798632517188e+13 3.300744677799651861e+00
1.080052374516249609e+13 3.329483378549344508e+00
1.139872266616047852e+13 3.358602399987273834e+00
1.203005349423324219e+13 3.388108556040593022e+00
1.269635127659972852e+13 3.418006701600700303e+00
1.339955269659337109e+13 3.448305772699020277e+00
1.414170170289021094e+13 3.479010842797457315e+00
1.492495545051832227e+13 3.510129737934481575e+00
1.575159057091624414e+13 3.541669573383270819e+00
1.662400978926613477e+13 3.573637156354322997e+00
1.754474890833459570e+13 3.606040540014934237e+00
1.851648417912153906e+13 3.638887165343297703e+00
1.954204007974051562e+13 3.672183687521802575e+00
2.062439752514088281e+13 3.705939302441291439e+00
2.176670253153454688e+13 3.740162276535874408e+00
2.297227536071146484e+13 3.774859754537355450e+00
2.424462017082320703e+13 3.810039536321975895e+00
2.558743520168578516e+13 3.845711773537665135e+00
2.700462352420682031e+13 3.881884793340793838e+00
2.850030438518105078e+13 3.918566552198579966e+00
3.007882518043095703e+13 3.955767197048476902e+00
3.174477409109187109e+13 3.993496202061686429e+00
3.350299341977236719e+13 4.031762633806100560e+00
3.535859366535182812e+13 4.070575929159638839e+00
3.731696837732755469e+13 4.109946048228075632e+00
3.938380983288489062e+13 4.149883397002180452e+00
4.156512558225988281e+13 4.190397504382509908e+00
4.386725591048494531e+13 4.231499973936827530e+00
4.629689226627258594e+13 4.273201698730235698e+00
4.886109671160316406e+13 4.315512727264803949e+00
5.156732244854953125e+13 4.358445340863674744e+00
5.442343548300250000e+13 4.402009105846466319e+00
5.743773748826563281e+13 4.446218358381321067e+00
6.061898993497571875e+13 4.491082680249587789e+00
6.397643955748423438e+13 4.536616715821990553e+00
6.751984523072494531e+13 4.582830731523199752e+00
7.125950633568396875e+13 4.629738665567554534e+00
7.520629269592421875e+13 4.677353803905273111e+00
7.937167617217559375e+13 4.725689865233123399e+00
8.376776400682925000e+13 4.774759794332970486e+00
8.840733401525062500e+13 4.824577520045535195e+00
9.330387172620360938e+13 4.875157121043154795e+00
9.847160957933764062e+13 4.926514011861216069e+00
1.039255682936710938e+14 4.978661866351558274e+00
1.096816005273135781e+14 5.031618459159004964e+00
1.157564369553301094e+14 5.085398176742882193e+00
1.221677348996788125e+14 5.140014435088772871e+00
1.289341296525710469e+14 5.195486854996026693e+00
1.360752886424333125e+14 5.251830818549126256e+00
1.436119685999077188e+14 5.309064458606182590e+00
1.515660758900601250e+14 5.367203279039188146e+00
1.599607301861484688e+14 5.426265623220940526e+00
1.688203316700366250e+14 5.486272038509442339e+00
1.781706319545732500e+14 5.547239285630038097e+00
1.880388089340916562e+14 5.609186231796218003e+00
1.984535457805803125e+14 5.672133593035134425e+00
2.094451143151468750e+14 5.736102879839656055e+00
2.210454629971019375e+14 5.801109853295765006e+00
2.332883097864153438e+14 5.867178386820434355e+00
2.462092401494620625e+14 5.934330352546325571e+00
2.598458104929241875e+14 6.002589019726243258e+00
2.742376573264941250e+14 6.071972874372324469e+00
2.894266124716740000e+14 6.142507991037271076e+00
3.054568246515431875e+14 6.214218134028241636e+00
3.223748878149026875e+14 6.287126981404287385e+00
3.402299765678064375e+14 6.361255459172257432e+00
3.590739891061047500e+14 6.436634948121151112e+00
3.789616980644723750e+14 6.513286743429516967e+00
3.999509097203669375e+14 6.591241225301777362e+00
4.221026320156903125e+14 6.670522574050600895e+00
4.454812518844988750e+14 6.751159774873607411e+00
4.701547224022129375e+14 6.833181774558675592e+00
4.961947603002898125e+14 6.916616476232814392e+00
5.236770544204645000e+14 7.001494765239812068e+00
5.526814857144591875e+14 7.087846112388380249e+00
5.832923594286188750e+14 7.175704161535526815e+00
6.155986501483488750e+14 7.265097421406371936e+00
6.496942604146098750e+14 7.356062996935344600e+00
6.856782936641737500e+14 7.448632111797509836e+00
7.236553422869650000e+14 7.542839277540863030e+00
7.637357916378011250e+14 7.638721331220646782e+00
8.060361408861328750e+14 7.736313274119964944e+00
8.506793416364170000e+14 7.835653227876789195e+00
8.977951553033331250e+14 7.936778414647525537e+00
9.475205302806547500e+14 8.039726489131586717e+00
1.000000000000000000e+15 8.144542622447149327e+00
