1.000000000000000000e+08 1.338076570216788719e+00
1.055386103036523014e+08 1.338869411849623825e+00
1.113839826482618302e+08 1.339690380547646331e+00
1.175531073878367543e+08 1.340540679096884569e+00
1.240639159058834314e+08 1.341421248833221558e+00
1.309353327353612185e+08 1.342332946202424493e+00
1.381873305653633475e+08 1.343277115366525720e+00
1.458409882943986356e+08 1.344254774976425093e+00
1.539185522990205288e+08 1.345267137228891796e+00
1.624435010958865285e+08 1.346315206139871323e+00
1.714406135851968527e+08 1.347400224162730309e+00
1.809360410738712847e+08 1.348523656914661695e+00
1.909573832878100574e+08 1.349686436860354277e+00
2.015337685941735208e+08 1.350890135118887336e+00
2.126959386668691933e+08 1.352136129674735399e+00
2.244763378413223922e+08 1.353425943041130397e+00
2.369092074182631969e+08 1.354760840469410921e+00
2.500306851906321347e+08 1.356142185765675245e+00
2.638789104828929305e+08 1.357571747482558377e+00
2.784941350080649853e+08 1.359050978438013813e+00
2.939188398646890521e+08 1.360581518160822068e+00
3.101978590138099790e+08 1.362165016361877479e+00
3.273785095948576927e+08 1.363803328710928575e+00
3.455107294592218399e+08 1.365498057591481684e+00
3.646472223212745190e+08 1.367251062794959227e+00
3.848436109487425089e+08 1.369064163156603176e+00
4.061585988376971483e+08 1.370939276496900394e+00
4.286541408420934081e+08 1.372878136547963424e+00
4.523956232538058162e+08 1.374883146747840401e+00
4.774520538566131592e+08 1.376955976878913468e+00
5.038962625065150261e+08 1.379098792470228485e+00
5.318051128214197159e+08 1.381313509758572478e+00
5.612597255954965353e+08 1.383602662840720310e+00
5.923457145875793695e+08 1.385968202498956581e+00
6.251534353689699173e+08 1.388412599708473083e+00
6.597782479539546967e+08 1.390937875886887776e+00
6.963207939763890505e+08 1.393546322136515636e+00
7.348872892180387974e+08 1.396240639838108644e+00
7.755898323389002085e+08 1.399022601175659686e+00
8.185467307069020271e+08 1.401895289651805099e+00
8.638828442740435600e+08 1.404860687488152404e+00
9.117299484984903336e+08 1.407921489298088025e+00
9.622271173675154448e+08 1.411080074750375335e+00
1.015521127634569168e+09 1.414338742192184029e+00
1.071766885445503354e+09 1.417700381134934462e+00
1.131127876593921423e+09 1.421167369942273551e+00
1.193776641714435816e+09 1.424742148842658596e+00
1.259895277795025826e+09 1.428427055562172976e+00
1.329675967466209888e+09 1.432225019593559745e+00
1.403321537605481863e+09 1.436138205755492780e+00
1.481046048880676985e+09 1.440169140851042417e+00
1.563075417945817471e+09 1.444320057029385485e+00
1.649648074098020792e+09 1.448593576314598064e+00
1.741015652304015398e+09 1.452992047343444337e+00
1.837443724610724926e+09 1.457517389628754767e+00
1.939212572065826893e+09 1.462171879173684630e+00
2.046617999391993999e+09 1.466957698663377219e+00
2.159972194782721519e+09 1.471876590916072258e+00
2.279604637318982124e+09 1.476930705819674561e+00
2.405863054644066811e+09 1.482121528856801929e+00
2.539114433680346966e+09 1.487450732018458011e+00
2.679746087325689316e+09 1.492919693001016901e+00
2.828166780230029583e+09 1.498529601481176643e+00
2.984807916924321175e+09 1.504281688517714599e+00
3.150124795755321503e+09 1.510176674775620898e+00
3.324597932270945072e+09 1.516215119767384101e+00
3.508734455902714729e+09 1.522397717112335958e+00
3.703069584005141258e+09 1.528724511799378627e+00
3.908168177536263943e+09 1.535195205610721869e+00
4.124626382901348114e+09 1.541809761628669451e+00
4.353073364731883049e+09 1.548567516453406512e+00
4.594173134636466980e+09 1.555467378953884205e+00
4.848626481239088058e+09 1.562508313499909818e+00
5.117173007114609718e+09 1.569688752409463373e+00
5.400593278542373657e+09 1.577006832386784518e+00
5.699711094326075554e+09 1.584460611536529173e+00
6.015395880274832726e+09 1.592047666412550910e+00
6.348565216305210114e+09 1.599765281702118402e+00
6.700187503509576797e+09 1.607610842074714164e+00
7.071284778942981720e+09 1.615580691292202387e+00
7.462935686310145378e+09 1.623671809791555232e+00
7.876278611187063217e+09 1.631880419726340792e+00
8.312514989890631676e+09 1.640203129505033663e+00
8.772912801613355637e+09 1.648635667495098378e+00
9.258810253973945618e+09 1.657174350044720246e+00
9.771619672696161270e+09 1.665815035962604052e+00
1.031283160672186852e+10 1.674553886864781349e+00
1.088401916069007683e+10 1.683387099387635644e+00
1.148684256737554741e+10 1.692310829244646042e+00
1.212305401337652779e+10 1.701321558152691704e+00
1.279450273207873344e+10 1.710416088063986262e+00
1.350314037869872093e+10 1.719591247818226920e+00
1.425102670302996254e+10 1.728844657291658482e+00
1.504033553638022041e+10 1.738173880080411182e+00
1.587336111010205460e+10 1.747577501972529923e+00
1.675252472408210373e+10 1.757054291009262803e+00
1.768038178457208633e+10 1.766603421016902820e+00
1.865962923181745911e+10 1.776224816103630033e+00
1.969311337907421875e+10 1.785919391899735587e+00
2.078383818579755020e+10 1.795687795844822077e+00
2.193497398905055618e+10 1.805531785893463415e+00
2.314986671851165771e+10 1.815453563211060883e+00
2.443204762186491776e+10 1.825455675579850112e+00
2.578524352884276581e+10 1.835541205188693237e+00
2.721338768375308609e+10 1.845713187288076762e+00
2.872063117797828293e+10 1.855975504117240549e+00
3.031135501567576218e+10 1.866331711398264259e+00
3.199018284775060654e+10 1.876785775657864530e+00
3.376199441111333084e+10 1.887341182628392344e+00
3.563193971228576660e+10 1.898001634282068029e+00
3.760545399658160400e+10 1.908769905897185648e+00
3.968827354637165833e+10 1.919649404819981697e+00
4.188645235435270691e+10 1.930642062269347647e+00
4.420637972028530121e+10 1.941749946190488352e+00
4.665479882234468079e+10 1.952974890078839509e+00
4.923882631706731415e+10 1.964316995181650816e+00
5.196597302486207581e+10 1.975777473720469191e+00
5.484416576121026611e+10 1.987355727457697840e+00
5.788177037701280212e+10 1.999051409821221092e+00
6.108761607505039978e+10 2.010863665536313238e+00
6.447102107323869324e+10 2.022792176629646388e+00
6.804181968927093506e+10 2.034835925188652972e+00
7.181039092537341309e+10 2.046994172941698054e+00
7.578768863625914001e+10 2.059266946888149707e+00
7.998527336796691895e+10 2.071653801761871083e+00
8.441534596012959290e+10 2.084155840074305654e+00
8.909078300934143066e+10 2.096774450942114232e+00
9.402517429670132446e+10 2.109510582280991642e+00
9.923286228832545471e+10 2.122367595569290888e+00
1.047289838236357422e+11 2.135347137868120360e+00
1.105295141126019745e+11 2.148453364168069868e+00
1.166513131698198547e+11 2.161689288153699540e+00
1.231121748203892059e+11 2.175058373418057744e+00
1.299308784200417175e+11 2.188563573898683057e+00
1.371272434398400879e+11 2.202208147588482046e+00
1.447221870741134338e+11 2.215994477591229028e+00
1.527377850390712280e+11 2.229924477233686808e+00
1.611973357388155518e+11 2.243999675823129092e+00
1.701254279852585754e+11 2.258220966333967628e+00
1.795480124687826843e+11 2.272589048405440515e+00
1.894924771873815918e+11 2.287104178097963736e+00
1.999877270535286865e+11 2.301766512932792885e+00
2.110642679101554871e+11 2.316577777983325870e+00
2.227542951999556274e+11 2.331537863923569542e+00
2.350917875457284546e+11 2.346649448807557992e+00
2.481126055137765198e+11 2.361914697828072285e+00
2.618545958474237976e+11 2.377335746683396422e+00
2.763577014736163330e+11 2.392916800269602184e+00
2.916640776023706665e+11 2.408660689545028433e+00
3.078182142565079956e+11 2.424571709555138010e+00
3.248670655878374634e+11 2.440652036596067997e+00
3.428601863556583252e+11 2.456904852269366835e+00
3.618498759642742920e+11 2.473332627842995457e+00
3.818913304781846313e+11 2.489936319241505824e+00
4.030428030568041992e+11 2.506718231072069258e+00
4.253657732750374146e+11 2.523679372199750137e+00
4.489251258218607788e+11 2.540820555055984808e+00
4.737893390963143921e+11 2.558144285995203937e+00
5.000306842491090088e+11 2.575653113000197170e+00
5.277254352483532104e+11 2.593350345079388219e+00
5.569540905800124512e+11 2.611239088182361279e+00
5.878016072274924316e+11 2.629323889904787492e+00
6.203576476104281006e+11 2.647607558960553220e+00
6.547168402004742432e+11 2.666093703657065106e+00
6.909790545715645752e+11 2.684785150482507099e+00
7.292496916841444092e+11 2.703684261011276568e+00
7.696399902471151123e+11 2.722792846521936649e+00
8.122673500479703369e+11 2.742113511525916092e+00
8.572556731909306641e+11 2.761647621217246940e+00
9.047357242349274902e+11 2.781399485688996975e+00
9.548455102782264404e+11 2.801373026106467101e+00
1.007730682094457642e+12 2.821571502206769555e+00
1.063544957486011230e+12 2.841999621484698313e+00
1.122450568085305908e+12 2.862661632188507888e+00
1.184618730902682373e+12 2.883559341973309209e+00
1.250230145991453369e+12 2.904696253894492042e+00
1.319475521676708740e+12 2.926075084484156985e+00
1.392556128874464844e+12 2.947699131828371399e+00
1.469684386112447510e+12 2.969572235816686501e+00
1.551084476952840576e+12 2.991698253079166925e+00
1.636993001611701904e+12 3.014081989363607050e+00
1.727659664669034668e+12 3.036727690704989602e+00
1.823348000868438477e+12 3.059639797886380741e+00
1.924336141115976074e+12 3.082821028212299641e+00
2.030917620904730713e+12 3.106275150213865022e+00
2.143402233514850098e+12 3.130006448050019152e+00
2.262116930469017090e+12 3.154018808248390648e+00
2.387406771860646973e+12 3.178316754535138067e+00
2.519635929317013672e+12 3.202906662015549966e+00
2.659188744512690918e+12 3.227792019751257513e+00
2.806470846309833008e+12 3.252976958705037003e+00
2.961910329772559570e+12 3.278466783594019329e+00
3.125959000482284180e+12 3.304264247633943885e+00
3.299093687770942383e+12 3.330374730572045028e+00
3.481817630688966309e+12 3.356805824503906965e+00
3.674661940736687988e+12 3.383560895073621566e+00
3.878187145610719727e+12 3.410644773511507299e+00
4.092984818452434082e+12 3.438063010845537448e+00
4.319679297334164551e+12 3.465821012881719732e+00
4.558929499981049805e+12 3.493923054661152161e+00
4.811430839003245117e+12 3.522376214855383658e+00
5.077917243205382812e+12 3.551186025879415009e+00
5.359163290848514648e+12 3.580358015784382175e+00
5.655986461065001953e+12 3.609897335777206173e+00
5.969249509970727539e+12 3.639810756790224477e+00
6.299862978380680664e+12 3.670103305664313975e+00
6.648787838417276367e+12 3.700783228180338558e+00
7.017038286703836914e+12 3.731855348514659720e+00
7.405684692262442383e+12 3.763326204126579366e+00
7.815856707684090820e+12 3.795202598903371971e+00
8.248746552614581055e+12 3.827491230642007025e+00
8.705612479099856445e+12 3.860199293756644501e+00
9.187782428863320312e+12 3.893333152160574517e+00
9.696657893145500000e+12 3.926900215745651845e+00
1.023371798632517188e+13 3.960907057578566981e+00
1.080052374516249609e+13 3.995362532168746927e+00
1.139872266616047852e+13 4.030273338745241851e+00
1.203005349423324219e+13 4.065646747184246124e+00
1.269635127659972852e+13 4.101492084198314458e+00
1.339955269659337109e+13 4.137815637396907498e+00
1.414170170289021094e+13 4.174627306758699419e+00
1.492495545051832227e+13 4.211933935664193385e+00
1.575159057091624414e+13 4.249744434803713666e+00
1.662400978926613477e+13 4.288067916094004950e+00
1.754474890833459570e+13 4.326912999066703236e+00
1.851648417912153906e+13 4.366288540472065272e+00
1.954204007974051562e+13 4.406204411250609354e+00
2.062439752514088281e+13 4.446669406863806628e+00
2.176670253153454688e+13 4.487693633153305939e+00
2.297227536071146484e+13 4.529286968069216712e+00
2.424462017082320703e+13 4.571458706470377109e+00
2.558743520168578516e+13 4.614219699850500511e+00
2.700462352420682031e+13 4.657580652253556330e+00
2.850030438518105078e+13 4.701551130228740050e+00
3.007882518043095703e+13 4.746142215162489464e+00
3.174477409109187109e+13 4.791366621016608818e+00
3.350299341977236719e+13 4.837234477320770054e+00
3.535859366535182812e+13 4.883757936436600389e+00
3.731696837732755469e+13 4.930947382121762423e+00
3.938380983288489062e+13 4.978817347141386129e+00
4.156512558225988281e+13 5.027378195940504391e+00
4.386725591048494531e+13 5.076642780689824441e+00
4.629689226627258594e+13 5.126624530961637838e+00
4.886109671160316406e+13 5.177336829810715635e+00
5.156732244854953125e+13 5.228793152288868207e+00
5.442343548300250000e+13 5.281006659534725145e+00
5.743773748826563281e+13 5.333991262969845160e+00
6.061898993497571875e+13 5.387764015509814541e+00
6.397643955748423438e+13 5.442334779792459720e+00
6.751984523072494531e+13 5.497721689885063157e+00
7.125950633568396875e+13 5.553939910106682198e+00
7.520629269592421875e+13 5.611004651073865368e+00
7.937167617217559375e+13 5.668931693116945780e+00
8.376776400682925000e+13 5.727738606409398692e+00
8.840733401525062500e+13 5.787439984960505157e+00
9.330387172620360938e+13 5.848055285432570471e+00
9.847160957933764062e+13 5.909600133669933086e+00
1.039255682936710938e+14 5.972096088495287169e+00
1.096816005273135781e+14 6.035554137137159714e+00
1.157564369553301094e+14 6.099999492490829844e+00
1.221677348996788125e+14 6.165447264550735440e+00
1.289341296525710469e+14 6.231920896986991920e+00
1.360752886424333125e+14 6.299437401631546862e+00
1.436119685999077188e+14 6.368018437379598495e+00
1.515660758900601250e+14 6.437685369439464012e+00
1.599607301861484688e+14 6.508454826538173421e+00
1.688203316700366250e+14 6.580359116398367014e+00
1.781706319545732500e+14 6.653412388601799066e+00
1.880388089340916562e+14 6.727637935075803099e+00
1.984535457805803125e+14 6.803061337902334138e+00
2.094451143151468750e+14 6.879704884904024986e+00
2.210454629971019375e+14 6.957595805865087080e+00
2.332883097864153438e+14 7.036755745289564601e+00
2.462092401494620625e+14 7.117213945560977528e+00
2.598458104929241875e+14 7.198988396506542209e+00
2.742376573264941250e+14 7.282124848315586263e+00
2.894266124716740000e+14 7.366630587574460876e+00
3.054568246515431875e+14 7.452544418392701431e+00
3.223748878149026875e+14 7.539891086654982644e+00
3.402299765678064375e+14 7.628704715142734294e+00
3.590739891061047500e+14 7.719009305985818692e+00
3.789616980644723750e+14 7.810839926012898005e+00
3.999509097203669375e+14 7.904227430520482933e+00
4.221026320156903125e+14 7.999207195239374180e+00
4.454812518844988750e+14 8.095806481064734328e+00
4.701547224022129375e+14 8.194064870203463968e+00
4.961947603002898125e+14 8.294014942432042403e+00
5.236770544204645000e+14 8.395690988905085916e+00
5.526814857144591875e+14 8.499129290895082178e+00
5.832923594286188750e+14 8.604372385833700676e+00
6.155986501483488750e+14 8.711453697292697029e+00
6.496942604146098750e+14 8.820418890470957507e+00
6.856782936641737500e+14 8.931298631184757753e+00
7.236553422869650000e+14 9.044146338850090672e+00
7.637357916378011250e+14 9.158991889950915066e+00
8.060361408861328750e+14 9.275885157704166772e+00
8.506793416364170000e+14 9.394868924926095488e+00
8.977951553033331250e+14 9.515995505012130096e+00
9.475205302806547500e+14 9.639297237449273581e+00
1.000000000000000000e+15 9.764850236169918318e+00
