1.000000000000000000e+08 1.138157870755392320e+00
1.055386103036523014e+08 1.138836102576406439e+00
1.113839826482618302e+08 1.139538693839306394e+00
1.175531073878367543e+08 1.140266254511940414e+00
1.240639159058834314e+08 1.141019723533845731e+00
1.309353327353612185e+08 1.141799983196941870e+00
1.381873305653633475e+08 1.142607882059899493e+00
1.458409882943986356e+08 1.143444365174750343e+00
1.539185522990205288e+08 1.144310462574610776e+00
1.624435010958865285e+08 1.145207313161524354e+00
1.714406135851968527e+08 1.146135656441971351e+00
1.809360410738712847e+08 1.147096845539693488e+00
1.909573832878100574e+08 1.148091776637694128e+00
2.015337685941735208e+08 1.149121783153912668e+00
2.126959386668691933e+08 1.150188027113401956e+00
2.244763378413223922e+08 1.151291418040737868e+00
2.369092074182631969e+08 1.152433275306017579e+00
2.500306851906321347e+08 1.153615280233293516e+00
2.638789104828929305e+08 1.154838294872394311e+00
2.784941350080649853e+08 1.156103832082184812e+00
2.939188398646890521e+08 1.157413399482274396e+00
3.101978590138099790e+08 1.158768181311861545e+00
3.273785095948576927e+08 1.160169800307115029e+00
3.455107294592218399e+08 1.161619595967382956e+00
3.646472223212745190e+08 1.163119190593812302e+00
3.848436109487425089e+08 1.164670381767948015e+00
4.061585988376971483e+08 1.166274370462201393e+00
4.286541408420934081e+08 1.167933016855934758e+00
4.523956232538058162e+08 1.169648110445350664e+00
4.774520538566131592e+08 1.171421181716054916e+00
5.038962625065150261e+08 1.173254232412325626e+00
5.318051128214197159e+08 1.175148786465056938e+00
5.612597255954965353e+08 1.177106759496702182e+00
5.923457145875793695e+08 1.179130366309060873e+00
6.251534353689699173e+08 1.181220861413264878e+00
6.597782479539546967e+08 1.183380741551786741e+00
6.963207939763890505e+08 1.185611816126775242e+00
7.348872892180387974e+08 1.187916115600229361e+00
7.755898323389002085e+08 1.190295495517710078e+00
8.185467307069020271e+08 1.192752158953710007e+00
8.638828442740435600e+08 1.195288092697482707e+00
9.117299484984903336e+08 1.197905543644690596e+00
9.622271173675154448e+08 1.200606593674255373e+00
1.015521127634569168e+09 1.203393223917839983e+00
1.071766885445503354e+09 1.206267652118599543e+00
1.131127876593921423e+09 1.209232046263182925e+00
1.193776641714435816e+09 1.212288396818115288e+00
1.259895277795025826e+09 1.215439109425565212e+00
1.329675967466209888e+09 1.218686070365069485e+00
1.403321537605481863e+09 1.222031378399798029e+00
1.481046048880676985e+09 1.225477360601035626e+00
1.563075417945817471e+09 1.229025679089476020e+00
1.649648074098020792e+09 1.232678586120903974e+00
1.741015652304015398e+09 1.236438051911864733e+00
1.837443724610724926e+09 1.240305750217796543e+00
1.939212572065826893e+09 1.244283665035931463e+00
2.046617999391993999e+09 1.248373507463131027e+00
2.159972194782721519e+09 1.252576962166746855e+00
2.279604637318982124e+09 1.256895528032631271e+00
2.405863054644066811e+09 1.261330644473761531e+00
2.539114433680346966e+09 1.265883590147844462e+00
2.679746087325689316e+09 1.270555649642024054e+00
2.828166780230029583e+09 1.275347961666715380e+00
2.984807916924321175e+09 1.280261058630814741e+00
3.150124795755321503e+09 1.285295972921421503e+00
3.324597932270945072e+09 1.290452940819825312e+00
3.508734455902714729e+09 1.295732455333618249e+00
3.703069584005141258e+09 1.301134606951795503e+00
3.908168177536263943e+09 1.306659360618822596e+00
4.124626382901348114e+09 1.312306228239650041e+00
4.353073364731883049e+09 1.318074515178407013e+00
4.594173134636466980e+09 1.323963948428076742e+00
4.848626481239088058e+09 1.329972930621505345e+00
5.117173007114609718e+09 1.336100204058523921e+00
5.400593278542373657e+09 1.342344519389359947e+00
5.699711094326075554e+09 1.348703845972489823e+00
6.015395880274832726e+09 1.355176045095258575e+00
6.348565216305210114e+09 1.361758983796572453e+00
6.700187503509576797e+09 1.368449997577126265e+00
7.071284778942981720e+09 1.375246689796802313e+00
7.462935686310145378e+09 1.382145661731718933e+00
7.876278611187063217e+09 1.389144309159951574e+00
8.312514989890631676e+09 1.396239256861577127e+00
8.772912801613355637e+09 1.403427003871309031e+00
9.258810253973945618e+09 1.410704591704550870e+00
9.771619672696161270e+09 1.418068066116473291e+00
1.031283160672186852e+10 1.425514748310563018e+00
1.088401916069007683e+10 1.433041013156802546e+00
1.148684256737554741e+10 1.440643642748015152e+00
1.212305401337652779e+10 1.448319915273618141e+00
1.279450273207873344e+10 1.456066826386552604e+00
1.350314037869872093e+10 1.463882260562670234e+00
1.425102670302996254e+10 1.471763511766524868e+00
1.504033553638022041e+10 1.479709166525446706e+00
1.587336111010205460e+10 1.487717902701104045e+00
1.675252472408210373e+10 1.495788498879727868e+00
1.768038178457208633e+10 1.503920866291503788e+00
1.865962923181745911e+10 1.512114583372732524e+00
1.969311337907421875e+10 1.520370796898468768e+00
2.078383818579755020e+10 1.528689825627949084e+00
2.193497398905055618e+10 1.537073471031840333e+00
2.314986671851165771e+10 1.545523738808546987e+00
2.443204762186491776e+10 1.554042599747297748e+00
2.578524352884276581e+10 1.562632884570570146e+00
2.721338768375308609e+10 1.571297339608793919e+00
2.872063117797828293e+10 1.580039341907494288e+00
3.031135501567576218e+10 1.588861622972367993e+00
3.199018284775060654e+10 1.597767140901903415e+00
3.376199441111333084e+10 1.606760164314791073e+00
3.563193971228576660e+10 1.615842534290802490e+00
3.760545399658160400e+10 1.625017232389835531e+00
3.968827354637165833e+10 1.634286878263980114e+00
4.188645235435270691e+10 1.643653171151940207e+00
4.420637972028530121e+10 1.653117735660583509e+00
4.665479882234468079e+10 1.662681663695864343e+00
4.923882631706731415e+10 1.672345738127963832e+00
5.196597302486207581e+10 1.682110080611596725e+00
5.484416576121026611e+10 1.691974762405740407e+00
5.788177037701280212e+10 1.701939210750974096e+00
6.108761607505039978e+10 1.712003032628801602e+00
6.447102107323869324e+10 1.722165345839957062e+00
6.804181968927093506e+10 1.732425537050624298e+00
7.181039092537341309e+10 1.742783071729742339e+00
7.578768863625914001e+10 1.753237745041434037e+00
7.998527336796691895e+10 1.763790131748422807e+00
8.441534596012959290e+10 1.774440104807663676e+00
8.909078300934143066e+10 1.785189464933578440e+00
9.402517429670132446e+10 1.796039231705039096e+00
9.923286228832545471e+10 1.806991937954613547e+00
1.047289838236357422e+11 1.818049647016665826e+00
1.105295141126019745e+11 1.829215589968745892e+00
1.166513131698198547e+11 1.840492428636740785e+00
1.231121748203892059e+11 1.851882697797497146e+00
1.299308784200417175e+11 1.863389281584475698e+00
1.371272434398400879e+11 1.875015017473587342e+00
1.447221870741134338e+11 1.886761359231096780e+00
1.527377850390712280e+11 1.898630345752529092e+00
1.611973357388155518e+11 1.910622770422480077e+00
1.701254279852585754e+11 1.922739505510375091e+00
1.795480124687826843e+11 1.934981226661134590e+00
1.894924771873815918e+11 1.947347922099743389e+00
1.999877270535286865e+11 1.959840544216412406e+00
2.110642679101554871e+11 1.972459384938607396e+00
2.227542951999556274e+11 1.985205445783428280e+00
2.350917875457284546e+11 1.998080296826230784e+00
2.481126055137765198e+11 2.011086163034033980e+00
2.618545958474237976e+11 2.024225532195868649e+00
2.763577014736163330e+11 2.037500939394996990e+00
2.916640776023706665e+11 2.050915787567096249e+00
3.078182142565079956e+11 2.064472770921955913e+00
3.248670655878374634e+11 2.078174455179781610e+00
3.428601863556583252e+11 2.092023320889432547e+00
3.618498759642742920e+11 2.106021112520767513e+00
3.818913304781846313e+11 2.120168778622232075e+00
4.030428030568041992e+11 2.134468103245948267e+00
4.253657732750374146e+11 2.148919932986252057e+00
4.489251258218607788e+11 2.163525503772682157e+00
4.737893390963143921e+11 2.178286777829785414e+00
5.000306842491090088e+11 2.193205510078628517e+00
5.277254352483532104e+11 2.208285044332797487e+00
5.569540905800124512e+11 2.223528310774524286e+00
5.878016072274924316e+11 2.238938502652397133e+00
6.203576476104281006e+11 2.254518458229724409e+00
6.547168402004742432e+11 2.270271512759581611e+00
6.909790545715645752e+11 2.286199196920466470e+00
7.292496916841444092e+11 2.302303728674839789e+00
7.696399902471151123e+11 2.318586568479307886e+00
8.122673500479703369e+11 2.335050056918878791e+00
8.572556731909306641e+11 2.351696056243872235e+00
9.047357242349274902e+11 2.368527536250158327e+00
9.548455102782264404e+11 2.385548090601410820e+00
1.007730682094457642e+12 2.402760824912239190e+00
1.063544957486011230e+12 2.420169285593977815e+00
1.122450568085305908e+12 2.437776580203189880e+00
1.184618730902682373e+12 2.455585507776017806e+00
1.250230145991453369e+12 2.473598260238259350e+00
1.319475521676708740e+12 2.491817165477568707e+00
1.392556128874464844e+12 2.510245021569742274e+00
1.469684386112447510e+12 2.528885008044915228e+00
1.551084476952840576e+12 2.547741058433550254e+00
1.636993001611701904e+12 2.566816728909667944e+00
1.727659664669034668e+12 2.586116158263818576e+00
1.823348000868438477e+12 2.605642702044703718e+00
1.924336141115976074e+12 2.625398486861312275e+00
2.030917620904730713e+12 2.645386941013479820e+00
2.143402233514850098e+12 2.665611154896124546e+00
2.262116930469017090e+12 2.686075887078271496e+00
2.387406771860646973e+12 2.706784422386632638e+00
2.519635929317013672e+12 2.727741431147919116e+00
2.659188744512690918e+12 2.748950353641073541e+00
2.806470846309833008e+12 2.770414942068352371e+00
2.961910329772559570e+12 2.792138710098625687e+00
3.125959000482284180e+12 2.814125922857161122e+00
3.299093687770942383e+12 2.836380673378428252e+00
3.481817630688966309e+12 2.858907058552026204e+00
3.674661940736687988e+12 2.881710583770193956e+00
3.878187145610719727e+12 2.904794823820913585e+00
4.092984818452434082e+12 2.928164020793483147e+00
4.319679297334164551e+12 2.951822408709424472e+00
4.558929499981049805e+12 2.975774584474621509e+00
4.811430839003245117e+12 3.000026807640678417e+00
5.077917243205382812e+12 3.024582893956293983e+00
5.359163290848514648e+12 3.049447739298985383e+00
5.655986461065001953e+12 3.074625842863844660e+00
5.969249509970727539e+12 3.100122500380291690e+00
6.299862978380680664e+12 3.125943578472611950e+00
6.648787838417276367e+12 3.152094257352074713e+00
7.017038286703836914e+12 3.178579862852506821e+00
7.405684692262442383e+12 3.205405167628669894e+00
7.815856707684090820e+12 3.232576657612801885e+00
8.248746552614581055e+12 3.260099304948342880e+00
8.705612479099856445e+12 3.287979463672092706e+00
9.187782428863320312e+12 3.316223974660009954e+00
9.696657893145500000e+12 3.344837333657444844e+00
1.023371798632517188e+13 3.373826174699845026e+00
1.080052374516249609e+13 3.403197738749713874e+00
1.139872266616047852e+13 3.432956907956353110e+00
1.203005349423324219e+13 3.463111531035141244e+00
1.269635127659972852e+13 3.493667727990845684e+00
1.339955269659337109e+13 3.524632856623519217e+00
1.414170170289021094e+13 3.556013774326154397e+00
1.492495545051832227e+13 3.587816917385282967e+00
1.575159057091624414e+13 3.620050243066213813e+00
1.662400978926613477e+13 3.652720797639570804e+00
1.754474890833459570e+13 3.685836955016516203e+00
1.851648417912153906e+13 3.719404760346896932e+00
1.954204007974051562e+13 3.753434221465794973e+00
2.062439752514088281e+13 3.787931314818402839e+00
2.176670253153454688e+13 3.822905683574101321e+00
2.297227536071146484e+13 3.858365879024437728e+00
2.424462017082320703e+13 3.894319566080883810e+00
2.558743520168578516e+13 3.930775164313695225e+00
2.700462352420682031e+13 3.967743082838199875e+00
2.850030438518105078e+13 4.005230961410896739e+00
3.007882518043095703e+13 4.043249549538553644e+00
3.174477409109187109e+13 4.081806910394021770e+00
3.350299341977236719e+13 4.120914133001271296e+00
3.535859366535182812e+13 4.160579707463058163e+00
3.731696837732755469e+13 4.200814046604742558e+00
3.938380983288489062e+13 4.241629058264275720e+00
4.156512558225988281e+13 4.283032512942408054e+00
4.386725591048494531e+13 4.325037950461554814e+00
4.629689226627258594e+13 4.367654524088208312e+00
4.886109671160316406e+13 4.410894528632627321e+00
5.156732244854953125e+13 4.454769326811764962e+00
5.442343548300250000e+13 4.499289983890951028e+00
5.743773748826563281e+13 4.544469263125470171e+00
6.061898993497571875e+13 4.590318711601254265e+00
6.397643955748423438e+13 4.636852151046382708e+00
6.751984523072494531e+13 4.684080335355770508e+00
7.125950633568396875e+13 4.732017936313474671e+00
7.520629269592421875e+13 4.780678083277104307e+00
7.937167617217559375e+13 4.830073961720476206e+00
8.376776400682925000e+13 4.880219806403763627e+00
8.840733401525062500e+13 4.931130734894908052e+00
9.330387172620360938e+13 4.982820284091341811e+00
9.847160957933764062e+13 5.035303506284482644e+00
1.039255682936710938e+14 5.088595557861765428e+00
1.096816005273135781e+14 5.142712784560387718e+00
1.157564369553301094e+14 5.197669628516944584e+00
1.221677348996788125e+14 5.253484783172709172e+00
1.289341296525710469e+14 5.310172982369294026e+00
1.360752886424333125e+14 5.367752172188033022e+00
1.436119685999077188e+14 5.426238530965735052e+00
1.515660758900601250e+14 5.485652819490906218e+00
1.599607301861484688e+14 5.546010232579445365e+00
1.688203316700366250e+14 5.607331900734456198e+00
1.781706319545732500e+14 5.669634948112265427e+00
1.880388089340916562e+14 5.732938941280916190e+00
1.984535457805803125e+14 5.797265662900310979e+00
2.094451143151468750e+14 5.862634431272008229e+00
2.210454629971019375e+14 5.929065561032913934e+00
2.332883097864153438e+14 5.996582553687147765e+00
2.462092401494620625e+14 6.065204968918181727e+00
2.598458104929241875e+14 6.134957902669901486e+00
2.742376573264941250e+14 6.205860884499143637e+00
2.894266124716740000e+14 6.277941348733525828e+00
3.054568246515431875e+14 6.351219307504066158e+00
3.223748878149026875e+14 6.425722717099414005e+00
3.402299765678064375e+14 6.501478100603963917e+00
3.590739891061047500e+14 6.578505344710492864e+00
3.789616980644723750e+14 6.656836790850995556e+00
3.999509097203669375e+14 6.736497101859671766e+00
4.221026320156903125e+14 6.817510575205447232e+00
4.454812518844988750e+14 6.899911427092015437e+00
4.701547224022129375e+14 6.983727257243327102e+00
4.961947603002898125e+14 7.068988155820281172e+00
5.236770544204645000e+14 7.155724759312766636e+00
5.526814857144591875e+14 7.243962140337867339e+00
5.832923594286188750e+14 7.333740463965324530e+00
6.155986501483488750e+14 7.425092063725154290e+00
6.496942604146098750e+14 7.518044132845187910e+00
6.856782936641737500e+14 7.612634438245668989e+00
7.236553422869650000e+14 7.708902805196592212e+00
7.637357916378011250e+14 7.806881803631241290e+00
8.060361408861328750e+14 7.906604935064188489e+00
8.506793416364170000e+14 8.008114837749195303e+00
8.977951553033331250e+14 8.111452593406195177e+00
9.475205302806547500e+14 8.216651245727355501e+00
1.000000000000000000e+15 8.323755946147036511e+00
