1.000000000000000000e+08 1.213041723506311564e+00
1.055386103036523014e+08 1.213762720127801842e+00
1.113839826482618302e+08 1.214509559537861660e+00
1.175531073878367543e+08 1.215282731429012442e+00
1.240639159058834314e+08 1.216083769966670447e+00
1.309353327353612185e+08 1.216912942334303249e+00
1.381873305653633475e+08 1.217771698717746043e+00
1.458409882943986356e+08 1.218660892053058831e+00
1.539185522990205288e+08 1.219581597577517940e+00
1.624435010958865285e+08 1.220534742902157133e+00
1.714406135851968527e+08 1.221521783288649798e+00
1.809360410738712847e+08 1.222543279024096652e+00
1.909573832878100574e+08 1.223600942720375562e+00
2.015337685941735208e+08 1.224695729741618555e+00
2.126959386668691933e+08 1.225829008212696136e+00
2.244763378413223922e+08 1.227001969765981970e+00
2.369092074182631969e+08 1.228215844512432930e+00
2.500306851906321347e+08 1.229472153959136227e+00
2.638789104828929305e+08 1.230772238351534709e+00
2.784941350080649853e+08 1.232117603176975607e+00
2.939188398646890521e+08 1.233509572054666492e+00
3.101978590138099790e+08 1.234949702665025795e+00
3.273785095948576927e+08 1.236439664472762656e+00
3.455107294592218399e+08 1.237980858061514589e+00
3.646472223212745190e+08 1.239575030199024042e+00
3.848436109487425089e+08 1.241223785275797242e+00
4.061585988376971483e+08 1.242928973555726291e+00
4.286541408420934081e+08 1.244692282292963137e+00
4.523956232538058162e+08 1.246515469591724434e+00
4.774520538566131592e+08 1.248400410570118746e+00
5.038962625065150261e+08 1.250348958945566080e+00
5.318051128214197159e+08 1.252363182650938711e+00
5.612597255954965353e+08 1.254444758021765027e+00
5.923457145875793695e+08 1.256595806195405229e+00
6.251534353689699173e+08 1.258818515376734393e+00
6.597782479539546967e+08 1.261114675545285557e+00
6.963207939763890505e+08 1.263486519930119290e+00
7.348872892180387974e+08 1.265936390525056021e+00
7.755898323389002085e+08 1.268466077513173751e+00
8.185467307069020271e+08 1.271078040152961997e+00
8.638828442740435600e+08 1.273774214926433945e+00
9.117299484984903336e+08 1.276557182139356206e+00
9.622271173675154448e+08 1.279428796073012853e+00
1.015521127634569168e+09 1.282391820026675955e+00
1.071766885445503354e+09 1.285448032924003448e+00
1.131127876593921423e+09 1.288599894539154578e+00
1.193776641714435816e+09 1.291849921149017533e+00
1.259895277795025826e+09 1.295200013498885472e+00
1.329675967466209888e+09 1.298652575970339118e+00
1.403321537605481863e+09 1.302209966179674216e+00
1.481046048880676985e+09 1.305874282883587423e+00
1.563075417945817471e+09 1.309647545409800884e+00
1.649648074098020792e+09 1.313532333220541970e+00
1.741015652304015398e+09 1.317530219428561189e+00
1.837443724610724926e+09 1.321643597022875039e+00
1.939212572065826893e+09 1.325874081238518354e+00
2.046617999391993999e+09 1.330223810539658658e+00
2.159972194782721519e+09 1.334694403697862519e+00
2.279604637318982124e+09 1.339287761923393605e+00
2.405863054644066811e+09 1.344004946664637989e+00
2.539114433680346966e+09 1.348847846091050462e+00
2.679746087325689316e+09 1.353817628095594250e+00
2.828166780230029583e+09 1.358915229549428894e+00
2.984807916924321175e+09 1.364141757626748941e+00
3.150124795755321503e+09 1.369497947238552671e+00
3.324597932270945072e+09 1.374984284954021252e+00
3.508734455902714729e+09 1.380601245804196520e+00
3.703069584005141258e+09 1.386348750133609142e+00
3.908168177536263943e+09 1.392227011530335679e+00
4.124626382901348114e+09 1.398235359140100220e+00
4.353073364731883049e+09 1.404373575440967192e+00
4.594173134636466980e+09 1.410640577796401507e+00
4.848626481239088058e+09 1.417035295639983206e+00
5.117173007114609718e+09 1.423556255050309138e+00
5.400593278542373657e+09 1.430202030335852470e+00
5.699711094326075554e+09 1.436970254787361956e+00
6.015395880274832726e+09 1.443859428318564841e+00
6.348565216305210114e+09 1.450866568066020657e+00
6.700187503509576797e+09 1.457989382543980916e+00
7.071284778942981720e+09 1.465224596922603428e+00
7.462935686310145378e+09 1.472569580378664922e+00
7.876278611187063217e+09 1.480020728749316117e+00
8.312514989890631676e+09 1.487574870078262945e+00
8.772912801613355637e+09 1.495228401271513130e+00
9.258810253973945618e+09 1.502977608402015441e+00
9.771619672696161270e+09 1.510819026637562512e+00
1.031283160672186852e+10 1.518749173654763807e+00
1.088401916069007683e+10 1.526764432639212243e+00
1.148684256737554741e+10 1.534861406479365531e+00
1.212305401337652779e+10 1.543037160952053455e+00
1.279450273207873344e+10 1.551288174094086703e+00
1.350314037869872093e+10 1.559612459675143947e+00
1.425102670302996254e+10 1.568007292207899583e+00
1.504033553638022041e+10 1.576470887610389893e+00
1.587336111010205460e+10 1.585001529467102266e+00
1.675252472408210373e+10 1.593598651799133847e+00
1.768038178457208633e+10 1.602261219475100029e+00
1.865962923181745911e+10 1.610989330928283003e+00
1.969311337907421875e+10 1.619783775150152927e+00
2.078383818579755020e+10 1.628645120540487934e+00
2.193497398905055618e+10 1.637575521216078300e+00
2.314986671851165771e+10 1.646576514091130372e+00
2.443204762186491776e+10 1.655650473923714561e+00
2.578524352884276581e+10 1.664800356398793646e+00
2.721338768375308609e+10 1.674029049405857172e+00
2.872063117797828293e+10 1.683339716736987235e+00
3.031135501567576218e+10 1.692735996189306258e+00
3.199018284775060654e+10 1.702221350530381372e+00
3.376199441111333084e+10 1.711798622140233483e+00
3.563193971228576660e+10 1.721471531522310805e+00
3.760545399658160400e+10 1.731242525852931147e+00
3.968827354637165833e+10 1.741114355997570140e+00
4.188645235435270691e+10 1.751089306091932363e+00
4.420637972028530121e+10 1.761168703324296203e+00
4.665479882234468079e+10 1.771353905506937831e+00
4.923882631706731415e+10 1.781646198027179162e+00
5.196597302486207581e+10 1.792044944526655303e+00
5.484416576121026611e+10 1.802550837894924651e+00
5.788177037701280212e+10 1.813163156912884544e+00
6.108761607505039978e+10 1.823881349248070549e+00
6.447102107323869324e+10 1.834704432898207171e+00
6.804181968927093506e+10 1.845631908494915319e+00
7.181039092537341309e+10 1.856663415580610321e+00
7.578768863625914001e+10 1.867798366636246099e+00
7.998527336796691895e+10 1.879037194727362969e+00
8.441534596012959290e+10 1.890380392214866534e+00
8.909078300934143066e+10 1.901829160961323151e+00
9.402517429670132446e+10 1.913384875618705516e+00
9.923286228832545471e+10 1.925050138803435340e+00
1.047289838236357422e+11 1.936827384870904556e+00
1.105295141126019745e+11 1.948718940330770977e+00
1.166513131698198547e+11 1.960728529771776252e+00
1.231121748203892059e+11 1.972859529277877444e+00
1.299308784200417175e+11 1.985113692096850402e+00
1.371272434398400879e+11 1.997494569232816319e+00
1.447221870741134338e+11 2.010004515896483657e+00
1.527377850390712280e+11 2.022644748721997843e+00
1.611973357388155518e+11 2.035416588362969126e+00
1.701254279852585754e+11 2.048320551700709480e+00
1.795480124687826843e+11 2.061357886356324443e+00
1.894924771873815918e+11 2.074528418366859306e+00
1.999877270535286865e+11 2.087832915042449056e+00
2.110642679101554871e+11 2.101271906895701314e+00
2.227542951999556274e+11 2.114846602931379493e+00
2.350917875457284546e+11 2.128558570092076607e+00
2.481126055137765198e+11 2.142409498466576689e+00
2.618545958474237976e+11 2.156402798309436264e+00
2.763577014736163330e+11 2.170541014481543574e+00
2.916640776023706665e+11 2.184826996477987393e+00
3.078182142565079956e+11 2.199264633136059022e+00
3.248670655878374634e+11 2.213856485964539544e+00
3.428601863556583252e+11 2.228604887957002401e+00
3.618498759642742920e+11 2.243511716932348410e+00
3.818913304781846313e+11 2.258578406101665159e+00
4.030428030568041992e+11 2.273806799884635854e+00
4.253657732750374146e+11 2.289197123359683506e+00
4.489251258218607788e+11 2.304751372483713201e+00
4.737893390963143921e+11 2.320471545717516904e+00
5.000306842491090088e+11 2.336359377425551997e+00
5.277254352483532104e+11 2.352418222867040942e+00
5.569540905800124512e+11 2.368651270474007031e+00
5.878016072274924316e+11 2.385062057967801685e+00
6.203576476104281006e+11 2.401653606031705301e+00
6.547168402004742432e+11 2.418429095566267950e+00
6.909790545715645752e+11 2.435390972922636621e+00
7.292496916841444092e+11 2.452540975208926444e+00
7.696399902471151123e+11 2.469881352362153226e+00
8.122673500479703369e+11 2.487413393296036279e+00
8.572556731909306641e+11 2.505139958877650841e+00
9.047357242349274902e+11 2.523064387224958960e+00
9.548455102782264404e+11 2.541189465956708915e+00
1.007730682094457642e+12 2.559519233098161095e+00
1.063544957486011230e+12 2.578057385452094508e+00
1.122450568085305908e+12 2.596807558752742384e+00
1.184618730902682373e+12 2.615771898292235775e+00
1.250230145991453369e+12 2.634953407234420286e+00
1.319475521676708740e+12 2.654354596632113594e+00
1.392556128874464844e+12 2.673978023680110283e+00
1.469684386112447510e+12 2.693828044035470715e+00
1.551084476952840576e+12 2.713906985594382260e+00
1.636993001611701904e+12 2.734220308236251729e+00
1.727659664669034668e+12 2.754771648067935175e+00
1.823348000868438477e+12 2.775564425155603310e+00
1.924336141115976074e+12 2.796601916919632558e+00
2.030917620904730713e+12 2.817886903541158894e+00
2.143402233514850098e+12 2.839423453207772230e+00
2.262116930469017090e+12 2.861214638626143003e+00
2.387406771860646973e+12 2.883266507008145574e+00
2.519635929317013672e+12 2.905582080437349113e+00
2.659188744512690918e+12 2.928166404190628569e+00
2.806470846309833008e+12 2.951023022991607014e+00
2.961910329772559570e+12 2.974155817005628588e+00
3.125959000482284180e+12 2.997568282291930064e+00
3.299093687770942383e+12 3.021265091854422824e+00
3.481817630688966309e+12 3.045252023575752531e+00
3.674661940736687988e+12 3.069533842985525229e+00
3.878187145610719727e+12 3.094114695972539852e+00
4.092984818452434082e+12 3.118998247517752453e+00
4.319679297334164551e+12 3.144189939633270203e+00
4.558929499981049805e+12 3.169694950494010843e+00
4.811430839003245117e+12 3.195518544845167508e+00
5.077917243205382812e+12 3.221665713274756815e+00
5.359163290848514648e+12 3.248141584914683300e+00
5.655986461065001953e+12 3.274951712674162074e+00
5.969249509970727539e+12 3.302099865093536479e+00
6.299862978380680664e+12 3.329594083164255203e+00
6.648787838417276367e+12 3.357438925133882091e+00
7.017038286703836914e+12 3.385639698911896645e+00
7.405684692262442383e+12 3.414202939065688724e+00
7.815856707684090820e+12 3.443134250786537010e+00
8.248746552614581055e+12 3.472439332175535132e+00
8.705612479099856445e+12 3.502126146609889634e+00
9.187782428863320312e+12 3.532199084062812133e+00
9.696657893145500000e+12 3.562665211281347055e+00
1.023371798632517188e+13 3.593531130276657048e+00
1.080052374516249609e+13 3.624803925871113108e+00
1.139872266616047852e+13 3.656490434459706673e+00
1.203005349423324219e+13 3.688597321221340763e+00
1.269635127659972852e+13 3.721131514157969278e+00
1.339955269659337109e+13 3.754101152383568341e+00
1.414170170289021094e+13 3.787512866081597984e+00
1.492495545051832227e+13 3.821374444274790338e+00
1.575159057091624414e+13 3.855693898573962830e+00
1.662400978926613477e+13 3.890479098957225101e+00
1.754474890833459570e+13 3.925737511995321505e+00
1.851648417912153906e+13 3.961477934177823901e+00
1.954204007974051562e+13 3.997708708863876748e+00
2.062439752514088281e+13 4.034438134412513755e+00
2.176670253153454688e+13 4.071675230134643719e+00
2.297227536071146484e+13 4.109429565091819114e+00
2.424462017082320703e+13 4.147708722812536664e+00
2.558743520168578516e+13 4.186522789564386393e+00
2.700462352420682031e+13 4.225881014413365833e+00
2.850030438518105078e+13 4.265793462026634231e+00
3.007882518043095703e+13 4.306270687913025697e+00
3.174477409109187109e+13 4.347321597003544369e+00
3.350299341977236719e+13 4.388956813180848293e+00
3.535859366535182812e+13 4.431187050090273694e+00
3.731696837732755469e+13 4.474022710913561518e+00
3.938380983288489062e+13 4.517475695432502825e+00
4.156512558225988281e+13 4.561556681804955993e+00
4.386725591048494531e+13 4.606276805611154046e+00
4.629689226627258594e+13 4.651648149701538948e+00
4.886109671160316406e+13 4.697682401902180338e+00
5.156732244854953125e+13 4.744391750060475310e+00
5.442343548300250000e+13 4.791789538135722282e+00
5.743773748826563281e+13 4.839888452935540819e+00
6.061898993497571875e+13 4.888699702268568537e+00
6.397643955748423438e+13 4.938239173524969772e+00
6.751984523072494531e+13 4.988519585963389957e+00
7.125950633568396875e+13 5.039552916978820463e+00
7.520629269592421875e+13 5.091356245888503551e+00
7.937167617217559375e+13 5.143942517262799718e+00
8.376776400682925000e+13 5.197327988069388560e+00
8.840733401525062500e+13 5.251525927765504420e+00
9.330387172620360938e+13 5.306552722921104248e+00
9.847160957933764062e+13 5.362425157143519527e+00
1.039255682936710938e+14 5.419158225621660385e+00
1.096816005273135781e+14 5.476768113071199373e+00
1.157564369553301094e+14 5.535273592335385295e+00
1.221677348996788125e+14 5.594691873012654248e+00
1.289341296525710469e+14 5.655037351912520549e+00
1.360752886424333125e+14 5.716332390147279341e+00
1.436119685999077188e+14 5.778595119154704918e+00
1.515660758900601250e+14 5.841841867696710544e+00
1.599607301861484688e+14 5.906094099674481512e+00
1.688203316700366250e+14 5.971370734829795524e+00
1.781706319545732500e+14 6.037693323345723506e+00
1.880388089340916562e+14 6.105081447847704013e+00
1.984535457805803125e+14 6.173557331465737263e+00
2.094451143151468750e+14 6.243143766794758243e+00
2.210454629971019375e+14 6.313858111098801906e+00
2.332883097864153438e+14 6.385728550942913806e+00
2.462092401494620625e+14 6.458777255362462277e+00
2.598458104929241875e+14 6.533026348324619370e+00
2.742376573264941250e+14 6.608502655948198523e+00
2.894266124716740000e+14 6.685227493701010992e+00
3.054568246515431875e+14 6.763230107057722762e+00
3.223748878149026875e+14 6.842536648605758387e+00
3.402299765678064375e+14 6.923171362683868679e+00
3.590739891061047500e+14 7.005164724344798088e+00
3.789616980644723750e+14 7.088541474685140287e+00
3.999509097203669375e+14 7.173335252111003868e+00
4.221026320156903125e+14 7.259570632423012704e+00
4.454812518844988750e+14 7.347279761074676507e+00
4.701547224022129375e+14 7.436494487230502770e+00
4.961947603002898125e+14 7.527243184860616054e+00
5.236770544204645000e+14 7.619563582599138130e+00
5.526814857144591875e+14 7.713487789339784406e+00
5.832923594286188750e+14 7.809048571462271937e+00
6.155986501483488750e+14 7.906282037683893371e+00
6.496942604146098750e+14 8.005217535730050571e+00
6.856782936641737500e+14 8.105899683973790459e+00
7.236553422869650000e+14 8.208365689044011759e+00
7.637357916378011250e+14 8.312649610227929031e+00
8.060361408861328750e+14 8.418793260284090252e+00
8.506793416364170000e+14 8.526834278222118257e+00
8.977951553033331250e+14 8.636826668953062835e+00
9.475205302806547500e+14 8.748792366843668233e+00
1.000000000000000000e+15 8.862789926188062495e+00
