1.000000000000000000e+08 6.700463301329858679e-01
1.055386103036523014e+08 6.704707793321512677e-01
1.113839826482618302e+08 6.709103238741099817e-01
1.175531073878367543e+08 6.713655656300910879e-01
1.240639159058834314e+08 6.718369475207515151e-01
1.309353327353612185e+08 6.723249625299498877e-01
1.381873305653633475e+08 6.728303757955182984e-01
1.458409882943986356e+08 6.733535543361989228e-01
1.539185522990205288e+08 6.738953259690060316e-01
1.624435010958865285e+08 6.744560597829508675e-01
1.714406135851968527e+08 6.750366684370378012e-01
1.809360410738712847e+08 6.756375767682009092e-01
1.909573832878100574e+08 6.762597123286742118e-01
2.015337685941735208e+08 6.769035873363770106e-01
2.126959386668691933e+08 6.775699274862309052e-01
2.244763378413223922e+08 6.782595801179835959e-01
2.369092074182631969e+08 6.789733080739466242e-01
2.500306851906321347e+08 6.797117951095333899e-01
2.638789104828929305e+08 6.804759633392813978e-01
2.784941350080649853e+08 6.812665141793300405e-01
2.939188398646890521e+08 6.820844286288885172e-01
3.101978590138099790e+08 6.829305104551701699e-01
3.273785095948576927e+08 6.838056935808861647e-01
3.455107294592218399e+08 6.847108673406914203e-01
3.646472223212745190e+08 6.856470577973717839e-01
3.848436109487425089e+08 6.866150473651179142e-01
4.061585988376971483e+08 6.876160877550528960e-01
4.286541408420934081e+08 6.886509760068824093e-01
4.523956232538058162e+08 6.897207785967597315e-01
4.774520538566131592e+08 6.908266647701178931e-01
5.038962625065150261e+08 6.919696111661632898e-01
5.318051128214197159e+08 6.931507277803705680e-01
5.612597255954965353e+08 6.943710789117621962e-01
5.923457145875793695e+08 6.956319037438213337e-01
6.251534353689699173e+08 6.969343310710945927e-01
6.597782479539546967e+08 6.982794809348684684e-01
6.963207939763890505e+08 6.996686628821164877e-01
7.348872892180387974e+08 7.011028864080361966e-01
7.755898323389002085e+08 7.025836107878252745e-01
8.185467307069020271e+08 7.041118499160574640e-01
8.638828442740435600e+08 7.056889904750439646e-01
9.117299484984903336e+08 7.073161771886952165e-01
9.622271173675154448e+08 7.089947908666377474e-01
1.015521127634569168e+09 7.107258395582193300e-01
1.071766885445503354e+09 7.125109724528457811e-01
1.131127876593921423e+09 7.143511071498189757e-01
1.193776641714435816e+09 7.162476300939100149e-01
1.259895277795025826e+09 7.182017176283574944e-01
1.329675967466209888e+09 7.202145200666796310e-01
1.403321537605481863e+09 7.222874715115963351e-01
1.481046048880676985e+09 7.244216838051928953e-01
1.563075417945817471e+09 7.266181254565049485e-01
1.649648074098020792e+09 7.288781323155351100e-01
1.741015652304015398e+09 7.312026601964071171e-01
1.837443724610724926e+09 7.335927779256520287e-01
1.939212572065826893e+09 7.360495288068366060e-01
2.046617999391993999e+09 7.385736952899871754e-01
2.159972194782721519e+09 7.411663114637156990e-01
2.279604637318982124e+09 7.438280393717101591e-01
2.405863054644066811e+09 7.465596121460480461e-01
2.539114433680346966e+09 7.493616235268939496e-01
2.679746087325689316e+09 7.522347916903331377e-01
2.828166780230029583e+09 7.551794288306949987e-01
2.984807916924321175e+09 7.581958386912057701e-01
3.150124795755321503e+09 7.612842902868005579e-01
3.324597932270945072e+09 7.644447246534388229e-01
3.508734455902714729e+09 7.676773357544818266e-01
3.703069584005141258e+09 7.709818881672043656e-01
3.908168177536263943e+09 7.743579834650726745e-01
4.124626382901348114e+09 7.778052654097599161e-01
4.353073364731883049e+09 7.813230906593139347e-01
4.594173134636466980e+09 7.849106858463005265e-01
4.848626481239088058e+09 7.885673395645804717e-01
5.117173007114609718e+09 7.922918641996545830e-01
5.400593278542373657e+09 7.960831409986744989e-01
5.699711094326075554e+09 7.999396397652898116e-01
6.015395880274832726e+09 8.038603382751038362e-01
6.348565216305210114e+09 8.078433464104219919e-01
6.700187503509576797e+09 8.118869854958208343e-01
7.071284778942981720e+09 8.159895095956515298e-01
7.462935686310145378e+09 8.201491738886215188e-01
7.876278611187063217e+09 8.243639713684651760e-01
8.312514989890631676e+09 8.286319383585722953e-01
8.772912801613355637e+09 8.329510264785533469e-01
9.258810253973945618e+09 8.373193739904760680e-01
9.771619672696161270e+09 8.417348736267019627e-01
1.031283160672186852e+10 8.461958031178836714e-01
1.088401916069007683e+10 8.507004448769114324e-01
1.148684256737554741e+10 8.552469338683551525e-01
1.212305401337652779e+10 8.598339592657187058e-01
1.279450273207873344e+10 8.644599620318281774e-01
1.350314037869872093e+10 8.691242138561774411e-01
1.425102670302996254e+10 8.738255962983970671e-01
1.504033553638022041e+10 8.785635697476810169e-01
1.587336111010205460e+10 8.833377971357887493e-01
1.675252472408210373e+10 8.881483328579851122e-01
1.768038178457208633e+10 8.929951020680225726e-01
1.865962923181745911e+10 8.978790191581407232e-01
1.969311337907421875e+10 9.028005075595617601e-01
2.078383818579755020e+10 9.077609782678865979e-01
2.193497398905055618e+10 9.127614330525197772e-01
2.314986671851165771e+10 9.178035459680231600e-01
2.443204762186491776e+10 9.228889003412895642e-01
2.578524352884276581e+10 9.280192697287310555e-01
2.721338768375308609e+10 9.331965616929861485e-01
2.872063117797828293e+10 9.384226905167620814e-01
3.031135501567576218e+10 9.436994031433434404e-01
3.199018284775060654e+10 9.490283496799586382e-01
3.376199441111333084e+10 9.544114208589442594e-01
3.563193971228576660e+10 9.598499499295778392e-01
3.760545399658160400e+10 9.653450825162525062e-01
3.968827354637165833e+10 9.708977108695524549e-01
4.188645235435270691e+10 9.765087967674088709e-01
4.420637972028530121e+10 9.821787120291658457e-01
4.665479882234468079e+10 9.879076127713845024e-01
4.923882631706731415e+10 9.936954815348790770e-01
5.196597302486207581e+10 9.995420365160403442e-01
5.484416576121026611e+10 1.005447072049481028e+00
5.788177037701280212e+10 1.011410323537966782e+00
6.108761607505039978e+10 1.017431051706554790e+00
6.447102107323869324e+10 1.023509079108778197e+00
6.804181968927093506e+10 1.029644415874425345e+00
7.181039092537341309e+10 1.035836881443471746e+00
7.578768863625914001e+10 1.042086896500651561e+00
7.998527336796691895e+10 1.048395026490683168e+00
8.441534596012959290e+10 1.054762050390342321e+00
8.909078300934143066e+10 1.061189203506541334e+00
9.402517429670132446e+10 1.067677971707254425e+00
9.923286228832545471e+10 1.074229819436314015e+00
1.047289838236357422e+11 1.080846374203956906e+00
1.105295141126019745e+11 1.087529564499000623e+00
1.166513131698198547e+11 1.094280742240205218e+00
1.231121748203892059e+11 1.101101569963477411e+00
1.299308784200417175e+11 1.107993039837986915e+00
1.371272434398400879e+11 1.114956533112743564e+00
1.447221870741134338e+11 1.121992443936343342e+00
1.527377850390712280e+11 1.129101567709326348e+00
1.611973357388155518e+11 1.136284012843290059e+00
1.701254279852585754e+11 1.143539966519069306e+00
1.795480124687826843e+11 1.150869711013661423e+00
1.894924771873815918e+11 1.158273650552857026e+00
1.999877270535286865e+11 1.165752307178877345e+00
2.110642679101554871e+11 1.173306445271466991e+00
2.227542951999556274e+11 1.180937301978860043e+00
2.350917875457284546e+11 1.188646422382968915e+00
2.481126055137765198e+11 1.196435075737286802e+00
2.618545958474237976e+11 1.204305199368584045e+00
2.763577014736163330e+11 1.212258816925182670e+00
2.916640776023706665e+11 1.220296971305359968e+00
3.078182142565079956e+11 1.228421539548859354e+00
3.248670655878374634e+11 1.236633444160416095e+00
3.428601863556583252e+11 1.244933154114596707e+00
3.618498759642742920e+11 1.253322134454789127e+00
3.818913304781846313e+11 1.261800546630712727e+00
4.030428030568041992e+11 1.270369191344379090e+00
4.253657732750374146e+11 1.279029101143482006e+00
4.489251258218607788e+11 1.287781349236953199e+00
4.737893390963143921e+11 1.296627821727620145e+00
5.000306842491090088e+11 1.305570069628806174e+00
5.277254352483532104e+11 1.314609876236945585e+00
5.569540905800124512e+11 1.323749286018538251e+00
5.878016072274924316e+11 1.332990116185204466e+00
6.203576476104281006e+11 1.342333547904274393e+00
6.547168402004742432e+11 1.351780365311881615e+00
6.909790545715645752e+11 1.361332288569117255e+00
7.292496916841444092e+11 1.370989970998947927e+00
7.696399902471151123e+11 1.380754623038514151e+00
8.122673500479703369e+11 1.390627992928893830e+00
8.572556731909306641e+11 1.400611949948133095e+00
9.047357242349274902e+11 1.410708504003212127e+00
9.548455102782264404e+11 1.420919855066661519e+00
1.007730682094457642e+12 1.431247626444911658e+00
1.063544957486011230e+12 1.441693654350722387e+00
1.122450568085305908e+12 1.452259229374106342e+00
1.184618730902682373e+12 1.462945699417631307e+00
1.250230145991453369e+12 1.473754628522516708e+00
1.319475521676708740e+12 1.484687990677517000e+00
1.392556128874464844e+12 1.495747763645308037e+00
1.469684386112447510e+12 1.506936340291060716e+00
1.551084476952840576e+12 1.518255963817073395e+00
1.636993001611701904e+12 1.529708346549935483e+00
1.727659664669034668e+12 1.541295712534928031e+00
1.823348000868438477e+12 1.553019297941870658e+00
1.924336141115976074e+12 1.564881370464533017e+00
2.030917620904730713e+12 1.576883702539654930e+00
2.143402233514850098e+12 1.589029329712002614e+00
2.262116930469017090e+12 1.601320189108872860e+00
2.387406771860646973e+12 1.613759047743435593e+00
2.519635929317013672e+12 1.626347582391795221e+00
2.659188744512690918e+12 1.639088267125211384e+00
2.806470846309833008e+12 1.651982810854305317e+00
2.961910329772559570e+12 1.665034523423017720e+00
3.125959000482284180e+12 1.678245392088950849e+00
3.299093687770942383e+12 1.691618508114934638e+00
3.481817630688966309e+12 1.705156238188918261e+00
3.674661940736687988e+12 1.718860741182008267e+00
3.878187145610719727e+12 1.732734999683424926e+00
4.092984818452434082e+12 1.746781553257860331e+00
4.319679297334164551e+12 1.761003164469987281e+00
4.558929499981049805e+12 1.775403323098474484e+00
4.811430839003245117e+12 1.789984227725435639e+00
5.077917243205382812e+12 1.804748893537306831e+00
5.359163290848514648e+12 1.819700457576916452e+00
5.655986461065001953e+12 1.834841745452013395e+00
5.969249509970727539e+12 1.850176056971938321e+00
6.299862978380680664e+12 1.865706772258701296e+00
6.648787838417276367e+12 1.881436665689484533e+00
7.017038286703836914e+12 1.897368779692127250e+00
7.405684692262442383e+12 1.913507137061957408e+00
7.815856707684090820e+12 1.929855214802506991e+00
8.248746552614581055e+12 1.946416446004258338e+00
8.705612479099856445e+12 1.963193535933185130e+00
9.187782428863320312e+12 1.980190555905369409e+00
9.696657893145500000e+12 1.997412060109651000e+00
1.023371798632517188e+13 2.014860897799138240e+00
1.080052374516249609e+13 2.032541262670846560e+00
1.139872266616047852e+13 2.050456576026338240e+00
1.203005349423324219e+13 2.068611636483578486e+00
1.269635127659972852e+13 2.087010047330830176e+00
1.339955269659337109e+13 2.105656411809701201e+00
1.414170170289021094e+13 2.124554218097843172e+00
1.492495545051832227e+13 2.143708467508377069e+00
1.575159057091624414e+13 2.163123105046652395e+00
1.662400978926613477e+13 2.182803065484054006e+00
1.754474890833459570e+13 2.202752834530545378e+00
1.851648417912153906e+13 2.222977474554878263e+00
1.954204007974051562e+13 2.243480853232796335e+00
2.062439752514088281e+13 2.264268888717491990e+00
2.176670253153454688e+13 2.285346214595591174e+00
2.297227536071146484e+13 2.306717773408718752e+00
2.424462017082320703e+13 2.328389040913993124e+00
2.558743520168578516e+13 2.350365058055171819e+00
2.700462352420682031e+13 2.372651603877711235e+00
2.850030438518105078e+13 2.395253882333005180e+00
3.007882518043095703e+13 2.418177841600758882e+00
3.174477409109187109e+13 2.441429431541807027e+00
3.350299341977236719e+13 2.465014094650015863e+00
3.535859366535182812e+13 2.488938095121103089e+00
3.731696837732755469e+13 2.513207946743432064e+00
3.938380983288489062e+13 2.537829553899486612e+00
4.156512558225988281e+13 2.562809379003165411e+00
4.386725591048494531e+13 2.588153842698888596e+00
4.629689226627258594e+13 2.613870457585063090e+00
4.886109671160316406e+13 2.639965309647867464e+00
5.156732244854953125e+13 2.666445649016571551e+00
5.442343548300250000e+13 2.693318804935350919e+00
5.743773748826563281e+13 2.720592008598319289e+00
6.061898993497571875e+13 2.748272283106470315e+00
6.397643955748423438e+13 2.776368166557598993e+00
6.751984523072494531e+13 2.804887442474568893e+00
7.125950633568396875e+13 2.833836924865178908e+00
7.520629269592421875e+13 2.863226460278707197e+00
7.937167617217559375e+13 2.893062593250476322e+00
8.376776400682925000e+13 2.923355534110150256e+00
8.840733401525062500e+13 2.954113463940573947e+00
9.330387172620360938e+13 2.985343914813828992e+00
9.847160957933764062e+13 3.017057980786960858e+00
1.039255682936710938e+14 3.049264576104818047e+00
1.096816005273135781e+14 3.081972701600407039e+00
1.157564369553301094e+14 3.115192691614026010e+00
1.221677348996788125e+14 3.148933913981910582e+00
1.289341296525710469e+14 3.183206794579175103e+00
1.360752886424333125e+14 3.218021805678417113e+00
1.436119685999077188e+14 3.253389803940914149e+00
1.515660758900601250e+14 3.289322002973416481e+00
1.599607301861484688e+14 3.325828868333591259e+00
1.688203316700366250e+14 3.362922727916558774e+00
1.781706319545732500e+14 3.400613765605627226e+00
1.880388089340916562e+14 3.438915373387659180e+00
1.984535457805803125e+14 3.477839669358609331e+00
2.094451143151468750e+14 3.517398486825795256e+00
2.210454629971019375e+14 3.557605853420108932e+00
2.332883097864153438e+14 3.598473272445112059e+00
2.462092401494620625e+14 3.640015508158699564e+00
2.598458104929241875e+14 3.682245782377492116e+00
2.742376573264941250e+14 3.725178983642323693e+00
2.894266124716740000e+14 3.768827621544143636e+00
3.054568246515431875e+14 3.813208577954781298e+00
3.223748878149026875e+14 3.858335140458747592e+00
3.402299765678064375e+14 3.904225595584863040e+00
3.590739891061047500e+14 3.950892652740173094e+00
3.789616980644723750e+14 3.998353745989697394e+00
3.999509097203669375e+14 4.046625680460843810e+00
4.221026320156903125e+14 4.095725297196399772e+00
4.454812518844988750e+14 4.145670184885442922e+00
4.701547224022129375e+14 4.196478397731388199e+00
4.961947603002898125e+14 4.248168092672874430e+00
5.236770544204645000e+14 4.300757515216810489e+00
5.526814857144591875e+14 4.354266948921877933e+00
5.832923594286188750e+14 4.408715237710807422e+00
6.155986501483488750e+14 4.464122421680842834e+00
6.496942604146098750e+14 4.520508861499338948e+00
6.856782936641737500e+14 4.577897594306746143e+00
7.236553422869650000e+14 4.636308261378267126e+00
7.637357916378011250e+14 4.695763490562851139e+00
8.060361408861328750e+14 4.756287044799266894e+00
8.506793416364170000e+14 4.817901592598762051e+00
8.977951553033331250e+14 4.880631911083411545e+00
9.475205302806547500e+14 4.944501803261630357e+00
1.000000000000000000e+15 5.009533959530974911e+00
