1.000000000000000000e+08 8.159726409517311652e-01
1.055386103036523014e+08 8.164721165897416144e-01
1.113839826482618302e+08 8.169894195712132934e-01
1.175531073878367543e+08 8.175250419800710322e-01
1.240639159058834314e+08 8.180797609398123837e-01
1.309353327353612185e+08 8.186542323500245466e-01
1.381873305653633475e+08 8.192490060755500680e-01
1.458409882943986356e+08 8.198648437599599381e-01
1.539185522990205288e+08 8.205024656209554124e-01
1.624435010958865285e+08 8.211625933036665881e-01
1.714406135851968527e+08 8.218460374898988174e-01
1.809360410738712847e+08 8.225535068798424110e-01
1.909573832878100574e+08 8.232859103248723054e-01
2.015337685941735208e+08 8.240439484526888014e-01
2.126959386668691933e+08 8.248286286478232476e-01
2.244763378413223922e+08 8.256406295790372774e-01
2.369092074182631969e+08 8.264810421506614269e-01
2.500306851906321347e+08 8.273508048744340204e-01
2.638789104828929305e+08 8.282506371572518900e-01
2.784941350080649853e+08 8.291819672491153037e-01
2.939188398646890521e+08 8.301454122037025263e-01
3.101978590138099790e+08 8.311421126840050633e-01
3.273785095948576927e+08 8.321732307429650088e-01
3.455107294592218399e+08 8.332397943296543374e-01
3.646472223212745190e+08 8.343428494229587766e-01
3.848436109487425089e+08 8.354836349390151184e-01
4.061585988376971483e+08 8.366633885379041180e-01
4.286541408420934081e+08 8.378832334286866468e-01
4.523956232538058162e+08 8.391443321491184326e-01
4.774520538566131592e+08 8.404480633182568328e-01
5.038962625065150261e+08 8.417956916354156771e-01
5.318051128214197159e+08 8.431884026545468647e-01
5.612597255954965353e+08 8.446277617507050861e-01
5.923457145875793695e+08 8.461149754678655155e-01
6.251534353689699173e+08 8.476515385315798179e-01
6.597782479539546967e+08 8.492387145156509165e-01
6.963207939763890505e+08 8.508779491518291271e-01
7.348872892180387974e+08 8.525708175975461600e-01
7.755898323389002085e+08 8.543186099499699981e-01
8.185467307069020271e+08 8.561230714468379688e-01
8.638828442740435600e+08 8.579854400184470098e-01
9.117299484984903336e+08 8.599073618496211324e-01
9.622271173675154448e+08 8.618903594148503711e-01
1.015521127634569168e+09 8.639358797240695997e-01
1.071766885445503354e+09 8.660454848230556557e-01
1.131127876593921423e+09 8.682206672499177547e-01
1.193776641714435816e+09 8.704631778637109685e-01
1.259895277795025826e+09 8.727742987334741187e-01
1.329675967466209888e+09 8.751556143881039640e-01
1.403321537605481863e+09 8.776086060047864068e-01
1.481046048880676985e+09 8.801346845768983629e-01
1.563075417945817471e+09 8.827354104925482225e-01
1.649648074098020792e+09 8.854120344847530300e-01
1.741015652304015398e+09 8.881660986782582423e-01
1.837443724610724926e+09 8.909988187091441025e-01
1.939212572065826893e+09 8.939114558376362041e-01
2.046617999391993999e+09 8.969051909390223232e-01
2.159972194782721519e+09 8.999812258436961088e-01
2.279604637318982124e+09 9.031405514749557550e-01
2.405863054644066811e+09 9.063841389272924154e-01
2.539114433680346966e+09 9.097128945517569676e-01
2.679746087325689316e+09 9.131274986952490069e-01
2.828166780230029583e+09 9.166287490926816606e-01
2.984807916924321175e+09 9.202170517876715472e-01
3.150124795755321503e+09 9.238929265587531026e-01
3.324597932270945072e+09 9.276564212585265423e-01
3.508734455902714729e+09 9.315077535409622689e-01
3.703069584005141258e+09 9.354470203178820720e-01
3.908168177536263943e+09 9.394738929261909899e-01
4.124626382901348114e+09 9.435879420651311911e-01
4.353073364731883049e+09 9.477888740565902914e-01
4.594173134636466980e+09 9.520756305021164101e-01
4.848626481239088058e+09 9.564474431822089784e-01
5.117173007114609718e+09 9.609034179844996304e-01
5.400593278542373657e+09 9.654419570903527426e-01
5.699711094326075554e+09 9.700618412310938465e-01
6.015395880274832726e+09 9.747615710719036430e-01
6.348565216305210114e+09 9.795391026141496704e-01
6.700187503509576797e+09 9.843926329810099851e-01
7.071284778942981720e+09 9.893201726993555711e-01
7.462935686310145378e+09 9.943195024254297687e-01
7.876278611187063217e+09 9.993883393568036011e-01
8.312514989890631676e+09 1.004524294592973988e+00
8.772912801613355637e+09 1.009725069270696496e+00
9.258810253973945618e+09 1.014988193437913688e+00
9.771619672696161270e+09 1.020311154532969278e+00
1.031283160672186852e+10 1.025691872732633181e+00
1.088401916069007683e+10 1.031127764520463286e+00
1.148684256737554741e+10 1.036616811868039223e+00
1.212305401337652779e+10 1.042157027270458780e+00
1.279450273207873344e+10 1.047746540123069003e+00
1.350314037869872093e+10 1.053383734930570137e+00
1.425102670302996254e+10 1.059067331221481778e+00
1.504033553638022041e+10 1.064796154622834612e+00
1.587336111010205460e+10 1.070569677445941004e+00
1.675252472408210373e+10 1.076387255483131300e+00
1.768038178457208633e+10 1.082249051636174686e+00
1.865962923181745911e+10 1.088155233969857472e+00
1.969311337907421875e+10 1.094106413952084633e+00
2.078383818579755020e+10 1.100103687365515004e+00
2.193497398905055618e+10 1.106148262624017775e+00
2.314986671851165771e+10 1.112241557876491704e+00
2.443204762186491776e+10 1.118385512514269653e+00
2.578524352884276581e+10 1.124582388499006713e+00
2.721338768375308609e+10 1.130834080831792487e+00
2.872063117797828293e+10 1.137143067836646093e+00
3.031135501567576218e+10 1.143511098537241200e+00
3.199018284775060654e+10 1.149941092163840883e+00
3.376199441111333084e+10 1.156434831034430566e+00
3.563193971228576660e+10 1.162994396924761586e+00
3.760545399658160400e+10 1.169621539585872227e+00
3.968827354637165833e+10 1.176317641242910605e+00
4.188645235435270691e+10 1.183084028865829307e+00
4.420637972028530121e+10 1.189921444112691962e+00
4.665479882234468079e+10 1.196830434002233989e+00
4.923882631706731415e+10 1.203811507903274514e+00
5.196597302486207581e+10 1.210864324033394501e+00
5.484416576121026611e+10 1.217988802784431446e+00
5.788177037701280212e+10 1.225184635992158544e+00
6.108761607505039978e+10 1.232450787734370889e+00
6.447102107323869324e+10 1.239787513336318980e+00
6.804181968927093506e+10 1.247194004112628596e+00
7.181039092537341309e+10 1.254670159295601994e+00
7.578768863625914001e+10 1.262216160193171843e+00
7.998527336796691895e+10 1.269832199174215193e+00
8.441534596012959290e+10 1.277519033488670352e+00
8.909078300934143066e+10 1.285277589658349928e+00
9.402517429670132446e+10 1.293109586174397974e+00
9.923286228832545471e+10 1.301016296610512768e+00
1.047289838236357422e+11 1.309000124345902627e+00
1.105295141126019745e+11 1.317062871838429183e+00
1.166513131698198547e+11 1.325206654645509463e+00
1.231121748203892059e+11 1.333433428354720229e+00
1.299308784200417175e+11 1.341745124157722291e+00
1.371272434398400879e+11 1.350142666770995703e+00
1.447221870741134338e+11 1.358628248631015500e+00
1.527377850390712280e+11 1.367201957970314075e+00
1.611973357388155518e+11 1.375864692721983307e+00
1.701254279852585754e+11 1.384616896709490952e+00
1.795480124687826843e+11 1.393458728182770834e+00
1.894924771873815918e+11 1.402390606113330440e+00
1.999877270535286865e+11 1.411412730715300601e+00
2.110642679101554871e+11 1.420525893121656003e+00
2.227542951999556274e+11 1.429731097950023955e+00
2.350917875457284546e+11 1.439029728221250304e+00
2.481126055137765198e+11 1.448423685359368163e+00
2.618545958474237976e+11 1.457914639265978085e+00
2.763577014736163330e+11 1.467504807266663658e+00
2.916640776023706665e+11 1.477196730316545192e+00
3.078182142565079956e+11 1.486991948060921054e+00
3.248670655878374634e+11 1.496892137994064731e+00
3.428601863556583252e+11 1.506898637423508047e+00
3.618498759642742920e+11 1.517012738504862845e+00
3.818913304781846313e+11 1.527235008406915062e+00
4.030428030568041992e+11 1.537566557590898109e+00
4.253657732750374146e+11 1.548007893897366039e+00
4.489251258218607788e+11 1.558560476869790046e+00
4.737893390963143921e+11 1.569225635000096819e+00
5.000306842491090088e+11 1.580005530363558286e+00
5.277254352483532104e+11 1.590902165682615887e+00
5.569540905800124512e+11 1.601917855102741095e+00
5.878016072274924316e+11 1.613054975604348407e+00
6.203576476104281006e+11 1.624315338368004014e+00
6.547168402004742432e+11 1.635700801261125603e+00
6.909790545715645752e+11 1.647212616284674747e+00
7.292496916841444092e+11 1.658852099026538296e+00
7.696399902471151123e+11 1.670620476585095160e+00
8.122673500479703369e+11 1.682519331006141705e+00
8.572556731909306641e+11 1.694550772963236973e+00
9.047357242349274902e+11 1.706716713340326708e+00
9.548455102782264404e+11 1.719020049733263722e+00
1.007730682094457642e+12 1.731463284540522674e+00
1.063544957486011230e+12 1.744048387913319065e+00
1.122450568085305908e+12 1.756777397831156051e+00
1.184618730902682373e+12 1.769652190317946960e+00
1.250230145991453369e+12 1.782674389440985330e+00
1.319475521676708740e+12 1.795845914931771370e+00
1.392556128874464844e+12 1.809168671431718778e+00
1.469684386112447510e+12 1.822645740406249715e+00
1.551084476952840576e+12 1.836279748726079797e+00
1.636993001611701904e+12 1.850073492449380019e+00
1.727659664669034668e+12 1.864029165683829037e+00
1.823348000868438477e+12 1.878149115308099804e+00
1.924336141115976074e+12 1.892435028749589243e+00
2.030917620904730713e+12 1.906889512301230827e+00
2.143402233514850098e+12 1.921515364245626190e+00
2.262116930469017090e+12 1.936315443733741315e+00
2.387406771860646973e+12 1.951292761649050300e+00
2.519635929317013672e+12 1.966450169344413856e+00
2.659188744512690918e+12 1.981790060157161637e+00
2.806470846309833008e+12 1.997315364556807582e+00
2.961910329772559570e+12 2.013028402231689995e+00
3.125959000482284180e+12 2.028932609240937435e+00
3.299093687770942383e+12 2.045030923598682548e+00
3.481817630688966309e+12 2.061326927034135448e+00
3.674661940736687988e+12 2.077823627325166012e+00
3.878187145610719727e+12 2.094523701139578531e+00
4.092984818452434082e+12 2.111430342182845532e+00
4.319679297334164551e+12 2.128546807831213528e+00
4.558929499981049805e+12 2.145876870090040800e+00
4.811430839003245117e+12 2.163424507412831765e+00
5.077917243205382812e+12 2.181192447860628381e+00
5.359163290848514648e+12 2.199184073655560123e+00
5.655986461065001953e+12 2.217403458069683975e+00
5.969249509970727539e+12 2.235854061782117874e+00
6.299862978380680664e+12 2.254539968198606470e+00
6.648787838417276367e+12 2.273465265034098515e+00
7.017038286703836914e+12 2.292633315430981700e+00
7.405684692262442383e+12 2.312047627938420113e+00
7.815856707684090820e+12 2.331713528807481950e+00
8.248746552614581055e+12 2.351634832739442960e+00
8.705612479099856445e+12 2.371815215953159139e+00
9.187782428863320312e+12 2.392259442858480245e+00
9.696657893145500000e+12 2.412971618386656303e+00
1.023371798632517188e+13 2.433957135336044075e+00
1.080052374516249609e+13 2.455219732769832852e+00
1.139872266616047852e+13 2.476764206100163790e+00
1.203005349423324219e+13 2.498595743865504204e+00
1.269635127659972852e+13 2.520718799895224294e+00
1.339955269659337109e+13 2.543138581887995020e+00
1.414170170289021094e+13 2.565860144179456626e+00
1.492495545051832227e+13 2.588888836251498127e+00
1.575159057091624414e+13 2.612229354034997897e+00
1.662400978926613477e+13 2.635887604425663167e+00
1.754474890833459570e+13 2.659868787210077024e+00
1.851648417912153906e+13 2.684179560586339441e+00
1.954204007974051562e+13 2.708824138714586383e+00
2.062439752514088281e+13 2.733809242863947109e+00
2.176670253153454688e+13 2.759141147299801311e+00
2.297227536071146484e+13 2.784825254863396715e+00
2.424462017082320703e+13 2.810867874417909640e+00
2.558743520168578516e+13 2.837275408361955797e+00
2.700462352420682031e+13 2.864055210307652644e+00
2.850030438518105078e+13 2.891212668728121660e+00
3.007882518043095703e+13 2.918755463072316481e+00
3.174477409109187109e+13 2.946690009446048197e+00
3.350299341977236719e+13 2.975023414172178526e+00
3.535859366535182812e+13 3.003763232764634417e+00
3.731696837732755469e+13 3.032916536472264557e+00
3.938380983288489062e+13 3.062490956413013166e+00
4.156512558225988281e+13 3.092494119028861288e+00
4.386725591048494531e+13 3.122933965783528887e+00
4.629689226627258594e+13 3.153818432190636400e+00
4.886109671160316406e+13 3.185155446279901437e+00
5.156732244854953125e+13 3.216954496112356399e+00
5.442343548300250000e+13 3.249222250433747128e+00
5.743773748826563281e+13 3.281969321682854268e+00
6.061898993497571875e+13 3.315203643475558959e+00
6.397643955748423438e+13 3.348934217431891458e+00
6.751984523072494531e+13 3.383170920468933751e+00
7.125950633568396875e+13 3.417923919653644838e+00
7.520629269592421875e+13 3.453201149951165227e+00
7.937167617217559375e+13 3.489014253070877203e+00
8.376776400682925000e+13 3.525372038245459638e+00
8.840733401525062500e+13 3.562286006393107218e+00
9.330387172620360938e+13 3.599766651677173357e+00
9.847160957933764062e+13 3.637824183808246570e+00
1.039255682936710938e+14 3.676470161789888724e+00
1.096816005273135781e+14 3.715716202844629557e+00
1.157564369553301094e+14 3.755573226488581273e+00
1.221677348996788125e+14 3.796054490516335367e+00
1.289341296525710469e+14 3.837170409348180655e+00
1.360752886424333125e+14 3.878935224971717055e+00
1.436119685999077188e+14 3.921359854959940883e+00
1.515660758900601250e+14 3.964458841474363116e+00
1.599607301861484688e+14 4.008244461788960322e+00
1.688203316700366250e+14 4.052730937368410835e+00
1.781706319545732500e+14 4.097932050525570524e+00
1.880388089340916562e+14 4.143862769340076468e+00
1.984535457805803125e+14 4.190536022835914309e+00
2.094451143151468750e+14 4.237968043040747368e+00
2.210454629971019375e+14 4.286173186502365340e+00
2.332883097864153438e+14 4.335169295890333174e+00
2.462092401494620625e+14 4.384969494856367334e+00
2.598458104929241875e+14 4.435592138288452446e+00
2.742376573264941250e+14 4.487053127913002371e+00
2.894266124716740000e+14 4.539369648915793753e+00
3.054568246515431875e+14 4.592559826549998725e+00
3.223748878149026875e+14 4.646641299922155355e+00
3.402299765678064375e+14 4.701632498666085347e+00
3.590739891061047500e+14 4.757552481707993941e+00
3.789616980644723750e+14 4.814419317051521041e+00
3.999509097203669375e+14 4.872255076698274401e+00
4.221026320156903125e+14 4.931079269788333441e+00
4.454812518844988750e+14 4.990911579451060121e+00
4.701547224022129375e+14 5.051773331248366361e+00
4.961947603002898125e+14 5.113686647741343627e+00
5.236770544204645000e+14 5.176675354708554444e+00
5.526814857144591875e+14 5.240760413394626838e+00
5.832923594286188750e+14 5.305965003964991489e+00
6.155986501483488750e+14 5.372314255679497386e+00
6.496942604146098750e+14 5.439832850531401753e+00
6.856782936641737500e+14 5.508544735925079650e+00
7.236553422869650000e+14 5.578476904284682902e+00
7.637357916378011250e+14 5.649655692563366749e+00
8.060361408861328750e+14 5.722107417906642901e+00
8.506793416364170000e+14 5.795859436902972561e+00
8.977951553033331250e+14 5.870941907138434779e+00
9.475205302806547500e+14 5.947383246831686066e+00
1.000000000000000000e+15 6.025214629032611846e+00
