1.000000000000000000e+08 5.750750974598682896e-01
1.055386103036523014e+08 5.754562371861703385e-01
1.113839826482618302e+08 5.758508832868483029e-01
1.175531073878367543e+08 5.762595730933801619e-01
1.240639159058834314e+08 5.766826966807936383e-01
1.309353327353612185e+08 5.771209398758874176e-01
1.381873305653633475e+08 5.775745602921774635e-01
1.458409882943986356e+08 5.780441532379082537e-01
1.539185522990205288e+08 5.785303281468551218e-01
1.624435010958865285e+08 5.790336399086529751e-01
1.714406135851968527e+08 5.795546204174881755e-01
1.809360410738712847e+08 5.800939408027354638e-01
1.909573832878100574e+08 5.806520857076197251e-01
2.015337685941735208e+08 5.812297390445110290e-01
2.126959386668691933e+08 5.818274827473765010e-01
2.244763378413223922e+08 5.824462384440078910e-01
2.369092074182631969e+08 5.830863675700835858e-01
2.500306851906321347e+08 5.837487314416058837e-01
2.638789104828929305e+08 5.844339883837303962e-01
2.784941350080649853e+08 5.851429212545421477e-01
2.939188398646890521e+08 5.858762751715104189e-01
3.101978590138099790e+08 5.866348104313128253e-01
3.273785095948576927e+08 5.874192547039240875e-01
3.455107294592218399e+08 5.882306208978292927e-01
3.646472223212745190e+08 5.890696243189206260e-01
3.848436109487425089e+08 5.899370343794915206e-01
4.061585988376971483e+08 5.908338512860152880e-01
4.286541408420934081e+08 5.917609464278672515e-01
4.523956232538058162e+08 5.927191554802937468e-01
4.774520538566131592e+08 5.937094740717248076e-01
5.038962625065150261e+08 5.947328310500883397e-01
5.318051128214197159e+08 5.957902149785596624e-01
5.612597255954965353e+08 5.968825570948010917e-01
5.923457145875793695e+08 5.980108344561265721e-01
6.251534353689699173e+08 5.991762075466678938e-01
6.597782479539546967e+08 6.003795830660486610e-01
6.963207939763890505e+08 6.016219261464794688e-01
7.348872892180387974e+08 6.029044537364439682e-01
7.755898323389002085e+08 6.042280724897332034e-01
8.185467307069020271e+08 6.055939169498930630e-01
8.638828442740435600e+08 6.070030867796867291e-01
9.117299484984903336e+08 6.084566559302205802e-01
9.622271173675154448e+08 6.099556337992283472e-01
1.015521127634569168e+09 6.115011196691743089e-01
1.071766885445503354e+09 6.130941908888118963e-01
1.131127876593921423e+09 6.147360143588396220e-01
1.193776641714435816e+09 6.164275295217951367e-01
1.259895277795025826e+09 6.181698381638942585e-01
1.329675967466209888e+09 6.199638903525922506e-01
1.403321537605481863e+09 6.218107470794267400e-01
1.481046048880676985e+09 6.237113997163027390e-01
1.563075417945817471e+09 6.256667610335783225e-01
1.649648074098020792e+09 6.276778413614103602e-01
1.741015652304015398e+09 6.297453165000668207e-01
1.837443724610724926e+09 6.318702001532728874e-01
1.939212572065826893e+09 6.340532476308363696e-01
2.046617999391993999e+09 6.362950851864525026e-01
2.159972194782721519e+09 6.385964709155418362e-01
2.279604637318982124e+09 6.409578986224345742e-01
2.405863054644066811e+09 6.433799822898290666e-01
2.539114433680346966e+09 6.458630416439972155e-01
2.679746087325689316e+09 6.484075540470719545e-01
2.828166780230029583e+09 6.510137325336966541e-01
2.984807916924321175e+09 6.536816861217826791e-01
3.150124795755321503e+09 6.564114149185084068e-01
3.324597932270945072e+09 6.592029596774846567e-01
3.508734455902714729e+09 6.620561527025424775e-01
3.703069584005141258e+09 6.649705757868664691e-01
3.908168177536263943e+09 6.679458747979627464e-01
4.124626382901348114e+09 6.709815125708894490e-01
4.353073364731883049e+09 6.740768057710766481e-01
4.594173134636466980e+09 6.772309354525785086e-01
4.848626481239088058e+09 6.804430614293779378e-01
5.117173007114609718e+09 6.837119740301246251e-01
5.400593278542373657e+09 6.870365737177461796e-01
5.699711094326075554e+09 6.904157054801387527e-01
6.015395880274832726e+09 6.938478782642791831e-01
6.348565216305210114e+09 6.973315689855525967e-01
6.700187503509576797e+09 7.008653262199340261e-01
7.071284778942981720e+09 7.044475113384721654e-01
7.462935686310145378e+09 7.080763049004136223e-01
7.876278611187063217e+09 7.117503170000426538e-01
8.312514989890631676e+09 7.154676260553051170e-01
8.772912801613355637e+09 7.192265805102983078e-01
9.258810253973945618e+09 7.230255086687528143e-01
9.771619672696161270e+09 7.268629647816808870e-01
1.031283160672186852e+10 7.307373046686328477e-01
1.088401916069007683e+10 7.346472531943116779e-01
1.148684256737554741e+10 7.385914598878294823e-01
1.212305401337652779e+10 7.425689472504988231e-01
1.279450273207873344e+10 7.465788185121442488e-01
1.350314037869872093e+10 7.506203497813384029e-01
1.425102670302996254e+10 7.546932686741416596e-01
1.504033553638022041e+10 7.587971023379377344e-01
1.587336111010205460e+10 7.629320649709833146e-01
1.675252472408210373e+10 7.670983952193974886e-01
1.768038178457208633e+10 7.712965787742750434e-01
1.865962923181745911e+10 7.755275296423336240e-01
1.969311337907421875e+10 7.797919817172184187e-01
2.078383818579755020e+10 7.840912638334920359e-01
2.193497398905055618e+10 7.884265913039935070e-01
2.314986671851165771e+10 7.927994058702728664e-01
2.443204762186491776e+10 7.972115211369080745e-01
2.578524352884276581e+10 8.016641786647735746e-01
2.721338768375308609e+10 8.061592539733976048e-01
2.872063117797828293e+10 8.106983224658205200e-01
3.031135501567576218e+10 8.152826373816374206e-01
3.199018284775060654e+10 8.199136812731665502e-01
3.376199441111333084e+10 8.245926491451912588e-01
3.563193971228576660e+10 8.293204387551544876e-01
3.760545399658160400e+10 8.340978187199017402e-01
3.968827354637165833e+10 8.389254364098752692e-01
4.188645235435270691e+10 8.438035311639914271e-01
4.420637972028530121e+10 8.487322279972705497e-01
4.665479882234468079e+10 8.537115295589485786e-01
4.923882631706731415e+10 8.587410660253521621e-01
5.196597302486207581e+10 8.638206551450768877e-01
5.484416576121026611e+10 8.689498251250818983e-01
5.788177037701280212e+10 8.741284139082188265e-01
6.108761607505039978e+10 8.793561681587356293e-01
6.447102107323869324e+10 8.846328344062125426e-01
6.804181968927093506e+10 8.899586131105787778e-01
7.181039092537341309e+10 8.953339963607332974e-01
7.578768863625914001e+10 9.007593158584347171e-01
7.998527336796691895e+10 9.062355105106503217e-01
8.441534596012959290e+10 9.117635759149776975e-01
8.909078300934143066e+10 9.173448811263968938e-01
9.402517429670132446e+10 9.229806437287094711e-01
9.923286228832545471e+10 9.286724961110603971e-01
1.047289838236357422e+11 9.344218119310512272e-01
1.105295141126019745e+11 9.402299421652633438e-01
1.166513131698198547e+11 9.460981024162868902e-01
1.231121748203892059e+11 9.520272665443825222e-01
1.299308784200417175e+11 9.580183181965375994e-01
1.371272434398400879e+11 9.640716790553408577e-01
1.447221870741134338e+11 9.701877945769239453e-01
1.527377850390712280e+11 9.763668352700433095e-01
1.611973357388155518e+11 9.826091244771371080e-01
1.701254279852585754e+11 9.889147379117384506e-01
1.795480124687826843e+11 9.952840833353369110e-01
1.894924771873815918e+11 1.001717599828700900e+00
1.999877270535286865e+11 1.008216211651630889e+00
2.110642679101554871e+11 1.014781035996390690e+00
2.227542951999556274e+11 1.021413285760748746e+00
2.350917875457284546e+11 1.028114223058654408e+00
2.481126055137765198e+11 1.034885643616409112e+00
2.618545958474237976e+11 1.041728852948907713e+00
2.763577014736163330e+11 1.048645259457292367e+00
2.916640776023706665e+11 1.055635859646999908e+00
3.078182142565079956e+11 1.062701615491526974e+00
3.248670655878374634e+11 1.069843156047060706e+00
3.428601863556583252e+11 1.077061076865628797e+00
3.618498759642742920e+11 1.084355925772652496e+00
3.818913304781846313e+11 1.091728475615095117e+00
4.030428030568041992e+11 1.099179531437567414e+00
4.253657732750374146e+11 1.106710302304614535e+00
4.489251258218607788e+11 1.114322169278598729e+00
4.737893390963143921e+11 1.122016698390537304e+00
5.000306842491090088e+11 1.129795552988558827e+00
5.277254352483532104e+11 1.137660375526637901e+00
5.569540905800124512e+11 1.145612264160681626e+00
5.878016072274924316e+11 1.153652538619361900e+00
6.203576476104281006e+11 1.161781984183690941e+00
6.547168402004742432e+11 1.170001495362037014e+00
6.909790545715645752e+11 1.178312078475363345e+00
7.292496916841444092e+11 1.186715137175915924e+00
7.696399902471151123e+11 1.195211631229597282e+00
8.122673500479703369e+11 1.203803522774791190e+00
8.572556731909306641e+11 1.212492602402420294e+00
9.047357242349274902e+11 1.221280500876291475e+00
9.548455102782264404e+11 1.230168914663136048e+00
1.007730682094457642e+12 1.239159017160386123e+00
1.063544957486011230e+12 1.248251938189911314e+00
1.122450568085305908e+12 1.257449132978665229e+00
1.184618730902682373e+12 1.266751746447486449e+00
1.250230145991453369e+12 1.276161372087365020e+00
1.319475521676708740e+12 1.285680287320233317e+00
1.392556128874464844e+12 1.295310146141501750e+00
1.469684386112447510e+12 1.305052940061484534e+00
1.551084476952840576e+12 1.314910223850951576e+00
1.636993001611701904e+12 1.324883430597880940e+00
1.727659664669034668e+12 1.334974199622137148e+00
1.823348000868438477e+12 1.345184179641605082e+00
1.924336141115976074e+12 1.355515239027630381e+00
2.030917620904730713e+12 1.365969614675307753e+00
2.143402233514850098e+12 1.376549349595626914e+00
2.262116930469017090e+12 1.387256486184726523e+00
2.387406771860646973e+12 1.398092634819128710e+00
2.519635929317013672e+12 1.409059645611193234e+00
2.659188744512690918e+12 1.420159556496574105e+00
2.806470846309833008e+12 1.431394552340985671e+00
2.961910329772559570e+12 1.442767044671244392e+00
3.125959000482284180e+12 1.454279422272982680e+00
3.299093687770942383e+12 1.465933461931536952e+00
3.481817630688966309e+12 1.477731411639564563e+00
3.674661940736687988e+12 1.489675327592517640e+00
3.878187145610719727e+12 1.501767835903886184e+00
4.092984818452434082e+12 1.514011712465914705e+00
4.319679297334164551e+12 1.526408942323690843e+00
4.558929499981049805e+12 1.538962272841163381e+00
4.811430839003245117e+12 1.551673865121108609e+00
5.077917243205382812e+12 1.564546148158645122e+00
5.359163290848514648e+12 1.577582218476656140e+00
5.655986461065001953e+12 1.590785077750395571e+00
5.969249509970727539e+12 1.604156867525660113e+00
6.299862978380680664e+12 1.617700068778846978e+00
6.648787838417276367e+12 1.631418249262301057e+00
7.017038286703836914e+12 1.645313864564093231e+00
7.405684692262442383e+12 1.659390285658539854e+00
7.815856707684090820e+12 1.673650212425333628e+00
8.248746552614581055e+12 1.688096470308696695e+00
8.705612479099856445e+12 1.702732631865323754e+00
9.187782428863320312e+12 1.717561722799142432e+00
9.696657893145500000e+12 1.732587180892351642e+00
1.023371798632517188e+13 1.747811806356070807e+00
1.080052374516249609e+13 1.763239510905893370e+00
1.139872266616047852e+13 1.778873644884320759e+00
1.203005349423324219e+13 1.794717738763041970e+00
1.269635127659972852e+13 1.810775086159040148e+00
1.339955269659337109e+13 1.827049795922149888e+00
1.414170170289021094e+13 1.843545397837533129e+00
1.492495545051832227e+13 1.860265802227469401e+00
1.575159057091624414e+13 1.877214729228531942e+00
1.662400978926613477e+13 1.894396254364912213e+00
1.754474890833459570e+13 1.911814404708361614e+00
1.851648417912153906e+13 1.929473971870735216e+00
1.954204007974051562e+13 1.947378074910443679e+00
2.062439752514088281e+13 1.965531559562960107e+00
2.176670253153454688e+13 1.983939344699232166e+00
2.297227536071146484e+13 2.002605061364417516e+00
2.424462017082320703e+13 2.021533924719739250e+00
2.558743520168578516e+13 2.040730489965088434e+00
2.700462352420682031e+13 2.060198973826121271e+00
2.850030438518105078e+13 2.079945785188603402e+00
3.007882518043095703e+13 2.099974008762756750e+00
3.174477409109187109e+13 2.120290194128495287e+00
3.350299341977236719e+13 2.140899180551047554e+00
3.535859366535182812e+13 2.161805855023008149e+00
3.731696837732755469e+13 2.183016150031336533e+00
3.938380983288489062e+13 2.204535379351715285e+00
4.156512558225988281e+13 2.226369470860223299e+00
4.386725591048494531e+13 2.248524116490213665e+00
4.629689226627258594e+13 2.271005127554948988e+00
4.886109671160316406e+13 2.293818696462743389e+00
5.156732244854953125e+13 2.316970877038631027e+00
5.442343548300250000e+13 2.340468149067870041e+00
5.743773748826563281e+13 2.364317106803798918e+00
6.061898993497571875e+13 2.388524218757341444e+00
6.397643955748423438e+13 2.413096123106606150e+00
6.751984523072494531e+13 2.438039999684694425e+00
7.125950633568396875e+13 2.463362486264197848e+00
7.520629269592421875e+13 2.489071146381125477e+00
7.937167617217559375e+13 2.515172861153756489e+00
8.376776400682925000e+13 2.541675884309640754e+00
8.840733401525062500e+13 2.568587733435574449e+00
9.330387172620360938e+13 2.595915946039066835e+00
9.847160957933764062e+13 2.623669203982853748e+00
1.039255682936710938e+14 2.651855443457783235e+00
1.096816005273135781e+14 2.680482617772657061e+00
1.157564369553301094e+14 2.709559753600583765e+00
1.221677348996788125e+14 2.739096091699861013e+00
1.289341296525710469e+14 2.769099812277696415e+00
1.360752886424333125e+14 2.799581212465005908e+00
1.436119685999077188e+14 2.830549006504395670e+00
1.515660758900601250e+14 2.862012162804142168e+00
1.599607301861484688e+14 2.893982116948862426e+00
1.688203316700366250e+14 2.926467648840048952e+00
1.781706319545732500e+14 2.959480749996572513e+00
1.880388089340916562e+14 2.993030115205196573e+00
1.984535457805803125e+14 3.027127774751275702e+00
2.094451143151468750e+14 3.061784011695593222e+00
2.210454629971019375e+14 3.097010863472161368e+00
2.332883097864153438e+14 3.132819550566591893e+00
2.462092401494620625e+14 3.169222557157560072e+00
2.598458104929241875e+14 3.206231597502264385e+00
2.742376573264941250e+14 3.243859505358658524e+00
2.894266124716740000e+14 3.282117693513404433e+00
3.054568246515431875e+14 3.321020998553590786e+00
3.223748878149026875e+14 3.360581498322207317e+00
3.402299765678064375e+14 3.400813747280910793e+00
3.590739891061047500e+14 3.441731401342453367e+00
3.789616980644723750e+14 3.483349013301826336e+00
3.999509097203669375e+14 3.525681527962170936e+00
4.221026320156903125e+14 3.568742583023049253e+00
4.454812518844988750e+14 3.612549602243773972e+00
4.701547224022129375e+14 3.657117061852344531e+00
4.961947603002898125e+14 3.702461621407154624e+00
5.236770544204645000e+14 3.748599744155610924e+00
5.526814857144591875e+14 3.795548662854410615e+00
5.832923594286188750e+14 3.843326321989690708e+00
6.155986501483488750e+14 3.891948812420039872e+00
6.496942604146098750e+14 3.941435620330311806e+00
6.856782936641737500e+14 3.991805662799847720e+00
7.236553422869650000e+14 4.043077782052370672e+00
7.637357916378011250e+14 4.095272568230027055e+00
8.060361408861328750e+14 4.148408606955897859e+00
8.506793416364170000e+14 4.202507279083270930e+00
8.977951553033331250e+14 4.257590290832200530e+00
9.475205302806547500e+14 4.313678569481124825e+00
1.000000000000000000e+15 4.370795720300746368e+00
