1.000000000000000000e+08 3.607930757424672730e-01
1.055386103036523014e+08 3.611504676845476158e-01
1.113839826482618302e+08 3.615203361880666710e-01
1.175531073878367543e+08 3.619030910540186330e-01
1.240639159058834314e+08 3.622991588559669185e-01
1.309353327353612185e+08 3.627089425463008721e-01
1.381873305653633475e+08 3.631329406961694151e-01
1.458409882943986356e+08 3.635715812356038468e-01
1.539185522990205288e+08 3.640252832418540141e-01
1.624435010958865285e+08 3.644946191547351888e-01
1.714406135851968527e+08 3.649800122516246303e-01
1.809360410738712847e+08 3.654820277438922682e-01
1.909573832878100574e+08 3.660011234185117091e-01
2.015337685941735208e+08 3.665378696450269924e-01
2.126959386668691933e+08 3.670928027592608167e-01
2.244763378413223922e+08 3.676664391535277576e-01
2.369092074182631969e+08 3.682593706215971374e-01
2.500306851906321347e+08 3.688721770475629769e-01
2.638789104828929305e+08 3.695054632281850604e-01
2.784941350080649853e+08 3.701597682987554649e-01
2.939188398646890521e+08 3.708357427112670690e-01
3.101978590138099790e+08 3.715340035202704949e-01
3.273785095948576927e+08 3.722551798467833017e-01
3.455107294592218399e+08 3.729998769977198037e-01
3.646472223212745190e+08 3.737687864841027219e-01
3.848436109487425089e+08 3.745625031234148805e-01
4.061585988376971483e+08 3.753816812062695241e-01
4.286541408420934081e+08 3.762270653511431417e-01
4.523956232538058162e+08 3.770992703037926441e-01
4.774520538566131592e+08 3.779989434924110880e-01
5.038962625065150261e+08 3.789267477914044502e-01
5.318051128214197159e+08 3.798834384532993047e-01
5.612597255954965353e+08 3.808695724266926153e-01
5.923457145875793695e+08 3.818858980670262193e-01
6.251534353689699173e+08 3.829330310090812151e-01
6.597782479539546967e+08 3.840116046353211354e-01
6.963207939763890505e+08 3.851222968440969341e-01
7.348872892180387974e+08 3.862657070540194137e-01
7.755898323389002085e+08 3.874424903878732618e-01
8.185467307069020271e+08 3.886532131046893102e-01
8.638828442740435600e+08 3.898983930611515381e-01
9.117299484984903336e+08 3.911786610585395452e-01
9.622271173675154448e+08 3.924945055103704061e-01
1.015521127634569168e+09 3.938463914105250208e-01
1.071766885445503354e+09 3.952348440006913655e-01
1.131127876593921423e+09 3.966601713630537041e-01
1.193776641714435816e+09 3.981228076156165807e-01
1.259895277795025826e+09 3.996230787968944043e-01
1.329675967466209888e+09 4.011612333322568946e-01
1.403321537605481863e+09 4.027375315568268443e-01
1.481046048880676985e+09 4.043521345327132921e-01
1.563075417945817471e+09 4.060051127961799011e-01
1.649648074098020792e+09 4.076965346443037763e-01
1.741015652304015398e+09 4.094263451045587199e-01
1.837443724610724926e+09 4.111944613517162783e-01
1.939212572065826893e+09 4.130006510185743052e-01
2.046617999391993999e+09 4.148447982130465395e-01
2.159972194782721519e+09 4.167264021861501466e-01
2.279604637318982124e+09 4.186451073584103177e-01
2.405863054644066811e+09 4.206005454351369188e-01
2.539114433680346966e+09 4.225920000950675326e-01
2.679746087325689316e+09 4.246189217976770736e-01
2.828166780230029583e+09 4.266805718644977041e-01
2.984807916924321175e+09 4.287760849656129802e-01
3.150124795755321503e+09 4.309047644101103303e-01
3.324597932270945072e+09 4.330655634350430438e-01
3.508734455902714729e+09 4.352576168057525896e-01
3.703069584005141258e+09 4.374798450197962540e-01
3.908168177536263943e+09 4.397312714878159334e-01
4.124626382901348114e+09 4.420108664677021570e-01
4.353073364731883049e+09 4.443174809445938345e-01
4.594173134636466980e+09 4.466501614105731766e-01
4.848626481239088058e+09 4.490077948457409929e-01
5.117173007114609718e+09 4.513894592098987024e-01
5.400593278542373657e+09 4.537942002773704409e-01
5.699711094326075554e+09 4.562211566607256019e-01
6.015395880274832726e+09 4.586695109949260329e-01
6.348565216305210114e+09 4.611386443551234171e-01
6.700187503509576797e+09 4.636279253913446197e-01
7.071284778942981720e+09 4.661369861079304178e-01
7.462935686310145378e+09 4.686654911847136784e-01
7.876278611187063217e+09 4.712132872384825477e-01
8.312514989890631676e+09 4.737804135416568418e-01
8.772912801613355637e+09 4.763670103727322691e-01
9.258810253973945618e+09 4.789733031355515869e-01
9.771619672696161270e+09 4.815999106194857604e-01
1.031283160672186852e+10 4.842472653426265206e-01
1.088401916069007683e+10 4.869161280619666021e-01
1.148684256737554741e+10 4.896072954422209245e-01
1.212305401337652779e+10 4.923217425598335750e-01
1.279450273207873344e+10 4.950603040879119066e-01
1.350314037869872093e+10 4.978241411256614790e-01
1.425102670302996254e+10 5.006140234880912532e-01
1.504033553638022041e+10 5.034311565645176456e-01
1.587336111010205460e+10 5.062763272904853284e-01
1.675252472408210373e+10 5.091504859487837598e-01
1.768038178457208633e+10 5.120541993984781826e-01
1.865962923181745911e+10 5.149883005097636302e-01
1.969311337907421875e+10 5.179530865701640341e-01
2.078383818579755020e+10 5.209490947605899258e-01
2.193497398905055618e+10 5.239764877178864078e-01
2.314986671851165771e+10 5.270352898401879926e-01
2.443204762186491776e+10 5.301255101963273653e-01
2.578524352884276581e+10 5.332470055652411833e-01
2.721338768375308609e+10 5.363996704167127705e-01
2.872063117797828293e+10 5.395831290310625361e-01
3.031135501567576218e+10 5.427973430167111202e-01
3.199018284775060654e+10 5.460420691282757977e-01
3.376199441111333084e+10 5.493172612762007301e-01
3.563193971228576660e+10 5.526229902747967770e-01
3.760545399658160400e+10 5.559594261596173537e-01
3.968827354637165833e+10 5.593268200934808920e-01
4.188645235435270691e+10 5.627258466657206748e-01
4.420637972028530121e+10 5.661570022426622995e-01
4.665479882234468079e+10 5.696210178576008865e-01
4.923882631706731415e+10 5.731189723501651789e-01
5.196597302486207581e+10 5.766514924616873428e-01
5.484416576121026611e+10 5.802195930803928370e-01
5.788177037701280212e+10 5.838242339414522197e-01
6.108761607505039978e+10 5.874660817517028955e-01
6.447102107323869324e+10 5.911457705313618582e-01
6.804181968927093506e+10 5.948637700618099045e-01
7.181039092537341309e+10 5.986205326006349692e-01
7.578768863625914001e+10 6.024162781049141602e-01
7.998527336796691895e+10 6.062510976185281342e-01
8.441534596012959290e+10 6.101251586280715955e-01
8.909078300934143066e+10 6.140385923373283816e-01
9.402517429670132446e+10 6.179915780883380449e-01
9.923286228832545471e+10 6.219844603867806798e-01
1.047289838236357422e+11 6.260177185673563294e-01
1.105295141126019745e+11 6.300919715133705967e-01
1.166513131698198547e+11 6.342079313658408601e-01
1.231121748203892059e+11 6.383665569539487272e-01
1.299308784200417175e+11 6.425689276189228138e-01
1.371272434398400879e+11 6.468157629079029913e-01
1.447221870741134338e+11 6.511078279968607330e-01
1.527377850390712280e+11 6.554460568033649848e-01
1.611973357388155518e+11 6.598309239537882842e-01
1.701254279852585754e+11 6.642628367481302476e-01
1.795480124687826843e+11 6.687421405294249332e-01
1.894924771873815918e+11 6.732692289318160661e-01
1.999877270535286865e+11 6.778445267767898574e-01
2.110642679101554871e+11 6.824685841734123848e-01
2.227542951999556274e+11 6.871419758552814727e-01
2.350917875457284546e+11 6.918657288838687691e-01
2.481126055137765198e+11 6.966406990690361400e-01
2.618545958474237976e+11 7.014679295657508806e-01
2.763577014736163330e+11 7.063483530437244529e-01
2.916640776023706665e+11 7.112828768582176719e-01
3.078182142565079956e+11 7.162723325878171954e-01
3.248670655878374634e+11 7.213170658546951275e-01
3.428601863556583252e+11 7.264176888202588112e-01
3.618498759642742920e+11 7.315749114128818897e-01
3.818913304781846313e+11 7.367892718354598358e-01
4.030428030568041992e+11 7.420617679623544571e-01
4.253657732750374146e+11 7.473933670756622849e-01
4.489251258218607788e+11 7.527852477902647887e-01
4.737893390963143921e+11 7.582383391997756794e-01
5.000306842491090088e+11 7.637536990878126542e-01
5.277254352483532104e+11 7.693323421531582662e-01
5.569540905800124512e+11 7.749747222244970368e-01
5.878016072274924316e+11 7.806816833659421251e-01
6.203576476104281006e+11 7.864540469224564623e-01
6.547168402004742432e+11 7.922929928160408197e-01
6.909790545715645752e+11 7.981994539705404845e-01
7.292496916841444092e+11 8.041749251215961625e-01
7.696399902471151123e+11 8.102202544901276893e-01
8.122673500479703369e+11 8.163367257180120795e-01
8.572556731909306641e+11 8.225250740521531378e-01
9.047357242349274902e+11 8.287863639079664502e-01
9.548455102782264404e+11 8.351214966942033247e-01
1.007730682094457642e+12 8.415317296200535147e-01
1.063544957486011230e+12 8.480184492492316428e-01
1.122450568085305908e+12 8.545829345478059835e-01
1.184618730902682373e+12 8.612264203455095579e-01
1.250230145991453369e+12 8.679500439176135451e-01
1.319475521676708740e+12 8.747547436623183126e-01
1.392556128874464844e+12 8.816418244243382496e-01
1.469684386112447510e+12 8.886127125694784912e-01
1.551084476952840576e+12 8.956689189286172192e-01
1.636993001611701904e+12 9.028116856262462520e-01
1.727659664669034668e+12 9.100425736178325842e-01
1.823348000868438477e+12 9.173625558469821195e-01
1.924336141115976074e+12 9.247732077487772484e-01
2.030917620904730713e+12 9.322758869120530978e-01
2.143402233514850098e+12 9.398722912845905997e-01
2.262116930469017090e+12 9.475640575560297929e-01
2.387406771860646973e+12 9.553525076932741777e-01
2.519635929317013672e+12 9.632390936150589944e-01
2.659188744512690918e+12 9.712254892982458143e-01
2.806470846309833008e+12 9.793132986309323051e-01
2.961910329772559570e+12 9.875044670165896710e-01
3.125959000482284180e+12 9.958005084831550446e-01
3.299093687770942383e+12 1.004203008954719811e+00
3.481817630688966309e+12 1.012713712656004406e+00
3.674661940736687988e+12 1.021334588125476062e+00
3.878187145610719727e+12 1.030067482120177846e+00
4.092984818452434082e+12 1.038914219763968472e+00
4.319679297334164551e+12 1.047876576478892652e+00
4.558929499981049805e+12 1.056956697650947463e+00
4.811430839003245117e+12 1.066156335806541122e+00
5.077917243205382812e+12 1.075477806718947216e+00
5.359163290848514648e+12 1.084922879904619331e+00
5.655986461065001953e+12 1.094493791873852873e+00
5.969249509970727539e+12 1.104192648180607916e+00
6.299862978380680664e+12 1.114021711843339757e+00
6.648787838417276367e+12 1.123983251970937181e+00
7.017038286703836914e+12 1.134079105278889887e+00
7.405684692262442383e+12 1.144312276449876542e+00
7.815856707684090820e+12 1.154684667197142689e+00
8.248746552614581055e+12 1.165198742503941842e+00
8.705612479099856445e+12 1.175857219198881864e+00
9.187782428863320312e+12 1.186662415398124448e+00
9.696657893145500000e+12 1.197616871434275199e+00
1.023371798632517188e+13 1.208723494642176322e+00
1.080052374516249609e+13 1.219984575099313462e+00
1.139872266616047852e+13 1.231403046779518951e+00
1.203005349423324219e+13 1.242981986268381078e+00
1.269635127659972852e+13 1.254723613772612989e+00
1.339955269659337109e+13 1.266631382175954279e+00
1.414170170289021094e+13 1.278707993460411085e+00
1.492495545051832227e+13 1.290956425721586642e+00
1.575159057091624414e+13 1.303380131093733407e+00
1.662400978926613477e+13 1.315981931879152578e+00
1.754474890833459570e+13 1.328765435015116347e+00
1.851648417912153906e+13 1.341733344160774832e+00
1.954204007974051562e+13 1.354889582017857474e+00
2.062439752514088281e+13 1.368237392746898262e+00
2.176670253153454688e+13 1.381780337853665719e+00
2.297227536071146484e+13 1.395522090186882558e+00
2.424462017082320703e+13 1.409466106621582782e+00
2.558743520168578516e+13 1.423616351589630513e+00
2.700462352420682031e+13 1.437976590735575266e+00
2.850030438518105078e+13 1.452550658623714686e+00
3.007882518043095703e+13 1.467342770061493162e+00
3.174477409109187109e+13 1.482356920926731325e+00
3.350299341977236719e+13 1.497597137315054061e+00
3.535859366535182812e+13 1.513067681886663296e+00
3.731696837732755469e+13 1.528773501542248781e+00
3.938380983288489062e+13 1.544718518070986812e+00
4.156512558225988281e+13 1.560907363570582795e+00
4.386725591048494531e+13 1.577344910594260297e+00
4.629689226627258594e+13 1.594035759090036697e+00
4.886109671160316406e+13 1.610984982769348317e+00
5.156732244854953125e+13 1.628197238844145911e+00
5.442343548300250000e+13 1.645677876475251766e+00
5.743773748826563281e+13 1.663432044604706173e+00
6.061898993497571875e+13 1.681465398070809636e+00
6.397643955748423438e+13 1.699782869820877895e+00
6.751984523072494531e+13 1.718390439513739487e+00
7.125950633568396875e+13 1.737293700674583885e+00
7.520629269592421875e+13 1.756498680361729070e+00
7.937167617217559375e+13 1.776011110094218415e+00
8.376776400682925000e+13 1.795837009518601146e+00
8.840733401525062500e+13 1.815983200635741923e+00
9.330387172620360938e+13 1.836455702645695576e+00
9.847160957933764062e+13 1.857261084585087207e+00
1.039255682936710938e+14 1.878406028425295027e+00
1.096816005273135781e+14 1.899897581184281536e+00
1.157564369553301094e+14 1.921742550354408774e+00
1.221677348996788125e+14 1.943948161934520025e+00
1.289341296525710469e+14 1.966522190267204984e+00
1.360752886424333125e+14 1.989471748280997820e+00
1.436119685999077188e+14 2.012804432021394252e+00
1.515660758900601250e+14 2.036528571686468947e+00
1.599607301861484688e+14 2.060652097949439376e+00
1.688203316700366250e+14 2.085183230465939452e+00
1.781706319545732500e+14 2.110130417253602619e+00
1.880388089340916562e+14 2.135502552168493828e+00
1.984535457805803125e+14 2.161308658097588875e+00
2.094451143151468750e+14 2.187557283427389976e+00
2.210454629971019375e+14 2.214258088514220013e+00
2.332883097864153438e+14 2.241420932348228146e+00
2.462092401494620625e+14 2.269054809587449650e+00
2.598458104929241875e+14 2.297170650312044593e+00
2.742376573264941250e+14 2.325778234513552256e+00
2.894266124716740000e+14 2.354887968860921443e+00
3.054568246515431875e+14 2.384511327003945969e+00
3.223748878149026875e+14 2.414658594740258568e+00
3.402299765678064375e+14 2.445341694835046376e+00
3.590739891061047500e+14 2.476571560970085795e+00
3.789616980644723750e+14 2.508360973340759692e+00
3.999509097203669375e+14 2.540721446003770811e+00
4.221026320156903125e+14 2.573665929238655892e+00
4.454812518844988750e+14 2.607206450477904003e+00
4.701547224022129375e+14 2.641357247181667312e+00
4.961947603002898125e+14 2.676131060493025959e+00
5.236770544204645000e+14 2.711541675927702677e+00
5.526814857144591875e+14 2.747604197240037571e+00
5.832923594286188750e+14 2.784332008123291846e+00
6.155986501483488750e+14 2.821740271454371562e+00
6.496942604146098750e+14 2.859844577757289841e+00
6.856782936641737500e+14 2.898660094806728260e+00
7.236553422869650000e+14 2.938203989089031243e+00
7.637357916378011250e+14 2.978491182724856134e+00
8.060361408861328750e+14 3.019539889380661979e+00
8.506793416364170000e+14 3.061366250817234569e+00
8.977951553033331250e+14 3.103990031360838842e+00
9.475205302806547500e+14 3.147427071972720647e+00
1.000000000000000000e+15 3.191697658809587335e+00
