1.000000000000000000e+08 7.183425847029106803e-01
1.055386103036523014e+08 7.187910934445923550e-01
1.113839826482618302e+08 7.192555899693976462e-01
1.175531073878367543e+08 7.197365805430416819e-01
1.240639159058834314e+08 7.202346022743237874e-01
1.309353327353612185e+08 7.207503920168101263e-01
1.381873305653633475e+08 7.212843555806663920e-01
1.458409882943986356e+08 7.218373104778252891e-01
1.539185522990205288e+08 7.224097417445839442e-01
1.624435010958865285e+08 7.230024053988706179e-01
1.714406135851968527e+08 7.236159565188512444e-01
1.809360410738712847e+08 7.242510729241534717e-01
1.909573832878100574e+08 7.249085033366876596e-01
2.015337685941735208e+08 7.255889752086419620e-01
2.126959386668691933e+08 7.262932381589674025e-01
2.244763378413223922e+08 7.270222249137389126e-01
2.369092074182631969e+08 7.277765163408891347e-01
2.500306851906321347e+08 7.285571710414868729e-01
2.638789104828929305e+08 7.293648741020600790e-01
2.784941350080649853e+08 7.302005401723781208e-01
2.939188398646890521e+08 7.310652190370577896e-01
3.101978590138099790e+08 7.319595076303240244e-01
3.273785095948576927e+08 7.328848135362524552e-01
3.455107294592218399e+08 7.338417979727782647e-01
3.646472223212745190e+08 7.348315277387813538e-01
3.848436109487425089e+08 7.358550854983754164e-01
4.061585988376971483e+08 7.369133929419449114e-01
4.286541408420934081e+08 7.380076670008297590e-01
4.523956232538058162e+08 7.391390459888904640e-01
4.774520538566131592e+08 7.403084629948302187e-01
5.038962625065150261e+08 7.415171570395382439e-01
5.318051128214197159e+08 7.427661903838171931e-01
5.612597255954965353e+08 7.440570532707512230e-01
5.923457145875793695e+08 7.453906413749914472e-01
6.251534353689699173e+08 7.467682360836384037e-01
6.597782479539546967e+08 7.481912547202405062e-01
6.963207939763890505e+08 7.496608634908820123e-01
7.348872892180387974e+08 7.511782801121895670e-01
7.755898323389002085e+08 7.527449870202035376e-01
8.185467307069020271e+08 7.543621450809989692e-01
8.638828442740435600e+08 7.560310336613598192e-01
9.117299484984903336e+08 7.577531517252451554e-01
9.622271173675154448e+08 7.595298471300717669e-01
1.015521127634569168e+09 7.613622115364565568e-01
1.071766885445503354e+09 7.632518746773350182e-01
1.131127876593921423e+09 7.652000136677467035e-01
1.193776641714435816e+09 7.672080387507949073e-01
1.259895277795025826e+09 7.692772888908261386e-01
1.329675967466209888e+09 7.714090585131438971e-01
1.403321537605481863e+09 7.736046195926623570e-01
1.481046048880676985e+09 7.758652740362074196e-01
1.563075417945817471e+09 7.781924219089739747e-01
1.649648074098020792e+09 7.805869874323239088e-01
1.741015652304015398e+09 7.830503596864174520e-01
1.837443724610724926e+09 7.855835583867679661e-01
1.939212572065826893e+09 7.881877998764139637e-01
2.046617999391993999e+09 7.908639013631174608e-01
2.159972194782721519e+09 7.936130381332775485e-01
2.279604637318982124e+09 7.964358439016225866e-01
2.405863054644066811e+09 7.993334028227261356e-01
2.539114433680346966e+09 8.023062983472162291e-01
2.679746087325689316e+09 8.053550561284339437e-01
2.828166780230029583e+09 8.084803007019927268e-01
2.984807916924321175e+09 8.116823917292711466e-01
3.150124795755321503e+09 8.149616297381661045e-01
3.324597932270945072e+09 8.183182403369079205e-01
3.508734455902714729e+09 8.217520178774901929e-01
3.703069584005141258e+09 8.252632169087975589e-01
3.908168177536263943e+09 8.288512537721753892e-01
4.124626382901348114e+09 8.325157915799517028e-01
4.353073364731883049e+09 8.362562915508954253e-01
4.594173134636466980e+09 8.400719925780578690e-01
4.848626481239088058e+09 8.439620858966581096e-01
5.117173007114609718e+09 8.479254364775513642e-01
5.400593278542373657e+09 8.519609986858167616e-01
5.699711094326075554e+09 8.560673162825370719e-01
6.015395880274832726e+09 8.602427386410409493e-01
6.348565216305210114e+09 8.644858959887512517e-01
6.700187503509576797e+09 8.687949290073863073e-01
7.071284778942981720e+09 8.731679695556768817e-01
7.462935686310145378e+09 8.776029988837600326e-01
7.876278611187063217e+09 8.820979907464159275e-01
8.312514989890631676e+09 8.866509201787853289e-01
8.772912801613355637e+09 8.912596600901280253e-01
9.258810253973945618e+09 8.959220600999233675e-01
9.771619672696161270e+09 9.006359434961088706e-01
1.031283160672186852e+10 9.053993671887679007e-01
1.088401916069007683e+10 9.102103428042379596e-01
1.148684256737554741e+10 9.150670524448104581e-01
1.212305401337652779e+10 9.199678364440426748e-01
1.279450273207873344e+10 9.249111098236145745e-01
1.350314037869872093e+10 9.298957454196241645e-01
1.425102670302996254e+10 9.349205349436116030e-01
1.504033553638022041e+10 9.399848542929263306e-01
1.587336111010205460e+10 9.450881362889842485e-01
1.675252472408210373e+10 9.502302078177693456e-01
1.768038178457208633e+10 9.554112204448402812e-01
1.865962923181745911e+10 9.606316176428090214e-01
1.969311337907421875e+10 9.658921271306561973e-01
2.078383818579755020e+10 9.711937176028744290e-01
2.193497398905055618e+10 9.765377760336572122e-01
2.314986671851165771e+10 9.819254705440263464e-01
2.443204762186491776e+10 9.873590766153335085e-01
2.578524352884276581e+10 9.928400877466195817e-01
2.721338768375308609e+10 9.983705173331236526e-01
2.872063117797828293e+10 1.003952414383334046e+00
3.031135501567576218e+10 1.009587714279681192e+00
3.199018284775060654e+10 1.015278476902459648e+00
3.376199441111333084e+10 1.021026398286605907e+00
3.563193971228576660e+10 1.026833109366055652e+00
3.760545399658160400e+10 1.032700013436634867e+00
3.968827354637165833e+10 1.038628264665797385e+00
4.188645235435270691e+10 1.044618872900066942e+00
4.420637972028530121e+10 1.050672355197233454e+00
4.665479882234468079e+10 1.056789043277564621e+00
4.923882631706731415e+10 1.062968941756348151e+00
5.196597302486207581e+10 1.069212052581233419e+00
5.484416576121026611e+10 1.075518088917140958e+00
5.788177037701280212e+10 1.081886373266311097e+00
6.108761607505039978e+10 1.088316825622726691e+00
6.447102107323869324e+10 1.094808700850158356e+00
6.804181968927093506e+10 1.101362098346962970e+00
7.181039092537341309e+10 1.107976752993872660e+00
7.578768863625914001e+10 1.114652850816073792e+00
7.998527336796691895e+10 1.121390960695380468e+00
8.441534596012959290e+10 1.128191941898606165e+00
8.909078300934143066e+10 1.135056748725042697e+00
9.402517429670132446e+10 1.141986994253371801e+00
9.923286228832545471e+10 1.148984040291394892e+00
1.047289838236357422e+11 1.156049802629838918e+00
1.105295141126019745e+11 1.163186309004069052e+00
1.166513131698198547e+11 1.170394827288135930e+00
1.231121748203892059e+11 1.177677544895713302e+00
1.299308784200417175e+11 1.185035593211785754e+00
1.371272434398400879e+11 1.192470269025767138e+00
1.447221870741134338e+11 1.199982493538318096e+00
1.527377850390712280e+11 1.207572782157415814e+00
1.611973357388155518e+11 1.215241577878826806e+00
1.701254279852585754e+11 1.222989238356588348e+00
1.795480124687826843e+11 1.230815929594605951e+00
1.894924771873815918e+11 1.238721874582749294e+00
1.999877270535286865e+11 1.246707866249884944e+00
2.110642679101554871e+11 1.254774420512363875e+00
2.227542951999556274e+11 1.262922472971780063e+00
2.350917875457284546e+11 1.271153684460813338e+00
2.481126055137765198e+11 1.279469713176027090e+00
2.618545958474237976e+11 1.287872255600697402e+00
2.763577014736163330e+11 1.296363292026972758e+00
2.916640776023706665e+11 1.304944527975369306e+00
3.078182142565079956e+11 1.313617782056226702e+00
3.248670655878374634e+11 1.322384092310844084e+00
3.428601863556583252e+11 1.331244543035734251e+00
3.618498759642742920e+11 1.340200109414265039e+00
3.818913304781846313e+11 1.349251373696892076e+00
4.030428030568041992e+11 1.358399117130567380e+00
4.253657732750374146e+11 1.367644074050558656e+00
4.489251258218607788e+11 1.376987754128971675e+00
4.737893390963143921e+11 1.386431299458251720e+00
5.000306842491090088e+11 1.395976973902725904e+00
5.277254352483532104e+11 1.405626392896595966e+00
5.569540905800124512e+11 1.415381910497709006e+00
5.878016072274924316e+11 1.425245321289834166e+00
6.203576476104281006e+11 1.435218089495874594e+00
6.547168402004742432e+11 1.445301546848696272e+00
6.909790545715645752e+11 1.455496907339320023e+00
7.292496916841444092e+11 1.465805229764748363e+00
7.696399902471151123e+11 1.476227768293851605e+00
8.122673500479703369e+11 1.486766157494707308e+00
8.572556731909306641e+11 1.497422126472318871e+00
9.047357242349274902e+11 1.508198084770115299e+00
9.548455102782264404e+11 1.519096126763658239e+00
1.007730682094457642e+12 1.530118107937771921e+00
1.063544957486011230e+12 1.541266416070518508e+00
1.122450568085305908e+12 1.552541965363902765e+00
1.184618730902682373e+12 1.563946823265969455e+00
1.250230145991453369e+12 1.575482332498715055e+00
1.319475521676708740e+12 1.587150025629769923e+00
1.392556128874464844e+12 1.598952585496155931e+00
1.469684386112447510e+12 1.610892205002738775e+00
1.551084476952840576e+12 1.622971237621159579e+00
1.636993001611701904e+12 1.635191926809336671e+00
1.727659664669034668e+12 1.647556538232803236e+00
1.823348000868438477e+12 1.660066425033258630e+00
1.924336141115976074e+12 1.672723777059679673e+00
2.030917620904730713e+12 1.685530869110666519e+00
2.143402233514850098e+12 1.698489883117177968e+00
2.262116930469017090e+12 1.711604099866502748e+00
2.387406771860646973e+12 1.724875804272229418e+00
2.519635929317013672e+12 1.738307284921372542e+00
2.659188744512690918e+12 1.751900524091433820e+00
2.806470846309833008e+12 1.765657994733365932e+00
2.961910329772559570e+12 1.779582477984305688e+00
3.125959000482284180e+12 1.793676725410576323e+00
3.299093687770942383e+12 1.807943988707373384e+00
3.481817630688966309e+12 1.822386257657654607e+00
3.674661940736687988e+12 1.837006593208402538e+00
3.878187145610719727e+12 1.851807743980187215e+00
4.092984818452434082e+12 1.866791959068945683e+00
4.319679297334164551e+12 1.881963302603665733e+00
4.558929499981049805e+12 1.897324287182304836e+00
4.811430839003245117e+12 1.912877982081083950e+00
5.077917243205382812e+12 1.928627353836427805e+00
5.359163290848514648e+12 1.944575747674037514e+00
5.655986461065001953e+12 1.960726068929435018e+00
5.969249509970727539e+12 1.977082105991450955e+00
6.299862978380680664e+12 1.993647479935669153e+00
6.648787838417276367e+12 2.010424670698184091e+00
7.017038286703836914e+12 2.027417903815028843e+00
7.405684692262442383e+12 2.044629856648408683e+00
7.815856707684090820e+12 2.062065562449546530e+00
8.248746552614581055e+12 2.079727929751508775e+00
8.705612479099856445e+12 2.097620658779946634e+00
9.187782428863320312e+12 2.115747903929351192e+00
9.696657893145500000e+12 2.134113478026629096e+00
1.023371798632517188e+13 2.152721251129409374e+00
1.080052374516249609e+13 2.171575485957052187e+00
1.139872266616047852e+13 2.190680167823295665e+00
1.203005349423324219e+13 2.210039963321223766e+00
1.269635127659972852e+13 2.229658961318179866e+00
1.339955269659337109e+13 2.249541691564853618e+00
1.414170170289021094e+13 2.269692015937812890e+00
1.492495545051832227e+13 2.290116075317881084e+00
1.575159057091624414e+13 2.310816798227421476e+00
1.662400978926613477e+13 2.331800097455160259e+00
1.754474890833459570e+13 2.353070872510593325e+00
1.851648417912153906e+13 2.374633498800525544e+00
1.954204007974051562e+13 2.396493696437215437e+00
2.062439752514088281e+13 2.418656581584520016e+00
2.176670253153454688e+13 2.441127089254242044e+00
2.297227536071146484e+13 2.463910847141240978e+00
2.424462017082320703e+13 2.487014075769216515e+00
2.558743520168578516e+13 2.510441617468708753e+00
2.700462352420682031e+13 2.534199053642562482e+00
2.850030438518105078e+13 2.558293155996206547e+00
3.007882518043095703e+13 2.582729487448057082e+00
3.174477409109187109e+13 2.607514337817809391e+00
3.350299341977236719e+13 2.632654107984586656e+00
3.535859366535182812e+13 2.658154803161861590e+00
3.731696837732755469e+13 2.684023278317447581e+00
3.938380983288489062e+13 2.710266307775052397e+00
4.156512558225988281e+13 2.736890274456793115e+00
4.386725591048494531e+13 2.763902976224892338e+00
4.629689226627258594e+13 2.791310891524869220e+00
4.886109671160316406e+13 2.819121618061442458e+00
5.156732244854953125e+13 2.847343232928639889e+00
5.442343548300250000e+13 2.875981444001098897e+00
5.743773748826563281e+13 2.905046029958194609e+00
6.061898993497571875e+13 2.934543618071534077e+00
6.397643955748423438e+13 2.964483698442440751e+00
6.751984523072494531e+13 2.994873352913188569e+00
7.125950633568396875e+13 3.025722027471486442e+00
7.520629269592421875e+13 3.057037415412746206e+00
7.937167617217559375e+13 3.088829438874419520e+00
8.376776400682925000e+13 3.121106237134463779e+00
8.840733401525062500e+13 3.153877565337335653e+00
9.330387172620360938e+13 3.187152920207807050e+00
9.847160957933764062e+13 3.220941677476996112e+00
1.039255682936710938e+14 3.255254265666388758e+00
1.096816005273135781e+14 3.290100719241801475e+00
1.157564369553301094e+14 3.325491238226369717e+00
1.221677348996788125e+14 3.361436615833747421e+00
1.289341296525710469e+14 3.397947537355458181e+00
1.360752886424333125e+14 3.435034493548741796e+00
1.436119685999077188e+14 3.472710555167650703e+00
1.515660758900601250e+14 3.510985506691230551e+00
1.599607301861484688e+14 3.549872389556039121e+00
1.688203316700366250e+14 3.589382585650368274e+00
1.781706319545732500e+14 3.629528670600302043e+00
1.880388089340916562e+14 3.670324232920378460e+00
1.984535457805803125e+14 3.711780729409085211e+00
2.094451143151468750e+14 3.753913195652495371e+00
2.210454629971019375e+14 3.796735127232670592e+00
2.332883097864153438e+14 3.840258456322393155e+00
2.462092401494620625e+14 3.884499366268512333e+00
2.598458104929241875e+14 3.929471779782498064e+00
2.742376573264941250e+14 3.975191431526852170e+00
2.894266124716740000e+14 4.021672490479706319e+00
3.054568246515431875e+14 4.068931196363648972e+00
3.223748878149026875e+14 4.116983266802145991e+00
3.402299765678064375e+14 4.165845703338718842e+00
3.590739891061047500e+14 4.215535191072473431e+00
3.789616980644723750e+14 4.266069618705737199e+00
3.999509097203669375e+14 4.317465103940934412e+00
4.221026320156903125e+14 4.369740463665489294e+00
4.454812518844988750e+14 4.422914946399451708e+00
4.701547224022129375e+14 4.477005899019157908e+00
4.961947603002898125e+14 4.532033614373546904e+00
5.236770544204645000e+14 4.588018628544619837e+00
5.526814857144591875e+14 4.644980750674785774e+00
5.832923594286188750e+14 4.702941121894244070e+00
6.155986501483488750e+14 4.761920467783587796e+00
6.496942604146098750e+14 4.821940403877650994e+00
6.856782936641737500e+14 4.883026002816461819e+00
7.236553422869650000e+14 4.945196154973041658e+00
7.637357916378011250e+14 5.008478244953881386e+00
8.060361408861328750e+14 5.072894768546383659e+00
8.506793416364170000e+14 5.138469491667143174e+00
8.977951553033331250e+14 5.205230266748908541e+00
9.475205302806547500e+14 5.273201284916775755e+00
1.000000000000000000e+15 5.342408910451147186e+00
