1.000000000000000000e+08 1.263025977087561813e+00
1.055386103036523014e+08 1.263775429144436746e+00
1.113839826482618302e+08 1.264551856289960252e+00
1.175531073878367543e+08 1.265355810226916677e+00
1.240639159058834314e+08 1.266188482654318603e+00
1.309353327353612185e+08 1.267050854165528317e+00
1.381873305653633475e+08 1.267943604304686778e+00
1.458409882943986356e+08 1.268868155169997403e+00
1.539185522990205288e+08 1.269825265809239268e+00
1.624435010958865285e+08 1.270816411932423007e+00
1.714406135851968527e+08 1.271842343313119406e+00
1.809360410738712847e+08 1.272904754835483931e+00
1.909573832878100574e+08 1.274004222551997634e+00
2.015337685941735208e+08 1.275142496766809908e+00
2.126959386668691933e+08 1.276320758964067270e+00
2.244763378413223922e+08 1.277540297371210443e+00
2.369092074182631969e+08 1.278802518531239940e+00
2.500306851906321347e+08 1.280108593219501767e+00
2.638789104828929305e+08 1.281460387508369658e+00
2.784941350080649853e+08 1.282859149787602071e+00
2.939188398646890521e+08 1.284306354061542699e+00
3.101978590138099790e+08 1.285803691389942438e+00
3.273785095948576927e+08 1.287352809241006923e+00
3.455107294592218399e+08 1.288955246768080931e+00
3.646472223212745190e+08 1.290612777365542696e+00
3.848436109487425089e+08 1.292327072716654701e+00
4.061585988376971483e+08 1.294100063284350011e+00
4.286541408420934081e+08 1.295933528344082930e+00
4.523956232538058162e+08 1.297829183134425524e+00
4.774520538566131592e+08 1.299789057904820799e+00
5.038962625065150261e+08 1.301815074870124933e+00
5.318051128214197159e+08 1.303909285472528046e+00
5.612597255954965353e+08 1.306073789338916713e+00
5.923457145875793695e+08 1.308310537729785228e+00
6.251534353689699173e+08 1.310621486695312310e+00
6.597782479539546967e+08 1.313009065612505744e+00
6.963207939763890505e+08 1.315475453657495741e+00
7.348872892180387974e+08 1.318022757942800549e+00
7.755898323389002085e+08 1.320653177750483298e+00
8.185467307069020271e+08 1.323369032966749792e+00
8.638828442740435600e+08 1.326172801704192272e+00
9.117299484984903336e+08 1.329066591173721168e+00
9.622271173675154448e+08 1.332052778608440624e+00
1.015521127634569168e+09 1.335133649684362878e+00
1.071766885445503354e+09 1.338311802927733218e+00
1.131127876593921423e+09 1.341589442676604627e+00
1.193776641714435816e+09 1.344968822217835980e+00
1.259895277795025826e+09 1.348452794472384531e+00
1.329675967466209888e+09 1.352043079858950225e+00
1.403321537605481863e+09 1.355742397295842450e+00
1.481046048880676985e+09 1.359553051391813927e+00
1.563075417945817471e+09 1.363477211512833742e+00
1.649648074098020792e+09 1.367516964819292413e+00
1.741015652304015398e+09 1.371674658541400138e+00
1.837443724610724926e+09 1.375952502160942892e+00
1.939212572065826893e+09 1.380352194797737075e+00
2.046617999391993999e+09 1.384875999745140529e+00
2.159972194782721519e+09 1.389525583708014267e+00
2.279604637318982124e+09 1.394302763970066250e+00
2.405863054644066811e+09 1.399209103724167402e+00
2.539114433680346966e+09 1.404246152463670683e+00
2.679746087325689316e+09 1.409415106456611833e+00
2.828166780230029583e+09 1.414717230506359558e+00
2.984807916924321175e+09 1.420153587986984212e+00
3.150124795755321503e+09 1.425724773793814126e+00
3.324597932270945072e+09 1.431431438808959511e+00
3.508734455902714729e+09 1.437274280535393745e+00
3.703069584005141258e+09 1.443253090156314089e+00
3.908168177536263943e+09 1.449367911465075043e+00
4.124626382901348114e+09 1.455618356104520172e+00
4.353073364731883049e+09 1.462003897627365934e+00
4.594173134636466980e+09 1.468523554211701887e+00
4.848626481239088058e+09 1.475176171963793470e+00
5.117173007114609718e+09 1.481960593219349809e+00
5.400593278542373657e+09 1.488874817937042794e+00
5.699711094326075554e+09 1.495916869198776755e+00
6.015395880274832726e+09 1.503084704470482702e+00
6.348565216305210114e+09 1.510375711585772329e+00
6.700187503509576797e+09 1.517787003014293035e+00
7.071284778942981720e+09 1.525315958591171750e+00
7.462935686310145378e+09 1.532958894367247193e+00
7.876278611187063217e+09 1.540712589798742815e+00
8.312514989890631676e+09 1.548573543830620514e+00
8.772912801613355637e+09 1.556538355312101940e+00
9.258810253973945618e+09 1.564602929802436204e+00
9.771619672696161270e+09 1.572763847298877637e+00
1.031283160672186852e+10 1.581016962656541569e+00
1.088401916069007683e+10 1.589359054141078476e+00
1.148684256737554741e+10 1.597786309097029678e+00
1.212305401337652779e+10 1.606295609638543453e+00
1.279450273207873344e+10 1.614883986698650187e+00
1.350314037869872093e+10 1.623548018780796243e+00
1.425102670302996254e+10 1.632285828736490085e+00
1.504033553638022041e+10 1.641095397188576221e+00
1.587336111010205460e+10 1.649974917357617699e+00
1.675252472408210373e+10 1.658923489846151123e+00
1.768038178457208633e+10 1.667940289289690847e+00
1.865962923181745911e+10 1.677025542109389367e+00
1.969311337907421875e+10 1.686179592204683608e+00
2.078383818579755020e+10 1.695403414130718156e+00
2.193497398905055618e+10 1.704699050972484642e+00
2.314986671851165771e+10 1.714067780744449543e+00
2.443204762186491776e+10 1.723512734965451765e+00
2.578524352884276581e+10 1.733036230409403577e+00
2.721338768375308609e+10 1.742641876151785674e+00
2.872063117797828293e+10 1.752332994736119476e+00
3.031135501567576218e+10 1.762112870982151858e+00
3.199018284775060654e+10 1.771985160071471332e+00
3.376199441111333084e+10 1.781953338064414805e+00
3.563193971228576660e+10 1.792020623627568643e+00
3.760545399658160400e+10 1.802190177732793330e+00
3.968827354637165833e+10 1.812464439394938509e+00
4.188645235435270691e+10 1.822846154330303170e+00
4.420637972028530121e+10 1.833336329811495080e+00
4.665479882234468079e+10 1.843936972220401316e+00
4.923882631706731415e+10 1.854648685117598284e+00
5.196597302486207581e+10 1.865471805068276145e+00
5.484416576121026611e+10 1.876405953757264600e+00
5.788177037701280212e+10 1.887451356329909125e+00
6.108761607505039978e+10 1.898606503509113974e+00
6.447102107323869324e+10 1.909871205600398136e+00
6.804181968927093506e+10 1.921244601410355468e+00
7.181039092537341309e+10 1.932726647680753862e+00
7.578768863625914001e+10 1.944316260143231556e+00
7.998527336796691895e+10 1.956013737787900997e+00
8.441534596012959290e+10 1.967819969872546482e+00
8.909078300934143066e+10 1.979735944346928900e+00
9.402517429670132446e+10 1.991763549357149721e+00
9.923286228832545471e+10 2.003904776986666469e+00
1.047289838236357422e+11 2.016162120341605135e+00
1.105295141126019745e+11 2.028539173165766929e+00
1.166513131698198547e+11 2.041038802134362395e+00
1.231121748203892059e+11 2.053664412209227130e+00
1.299308784200417175e+11 2.066418707897336837e+00
1.371272434398400879e+11 2.079304539011441300e+00
1.447221870741134338e+11 2.092324321552627264e+00
1.527377850390712280e+11 2.105479658362883644e+00
1.611973357388155518e+11 2.118772163072559778e+00
1.701254279852585754e+11 2.132202617931877153e+00
1.795480124687826843e+11 2.145771385140355925e+00
1.894924771873815918e+11 2.159479343507172633e+00
1.999877270535286865e+11 2.173326429208837229e+00
2.110642679101554871e+11 2.187313793734309453e+00
2.227542951999556274e+11 2.201441692347782642e+00
2.350917875457284546e+11 2.215713074612734257e+00
2.481126055137765198e+11 2.230128913542595903e+00
2.618545958474237976e+11 2.244692738082877614e+00
2.763577014736163330e+11 2.259407336251431975e+00
2.916640776023706665e+11 2.274276009856800673e+00
3.078182142565079956e+11 2.289302111931503347e+00
3.248670655878374634e+11 2.304488806600422990e+00
3.428601863556583252e+11 2.319838165546311615e+00
3.618498759642742920e+11 2.335352468187877228e+00
3.818913304781846313e+11 2.351033505432677195e+00
4.030428030568041992e+11 2.366882635996003348e+00
4.253657732750374146e+11 2.382900262337888098e+00
4.489251258218607788e+11 2.399088629125338379e+00
4.737893390963143921e+11 2.415449482140013426e+00
5.000306842491090088e+11 2.431985104592555569e+00
5.277254352483532104e+11 2.448698213902350762e+00
5.569540905800124512e+11 2.465593054107027005e+00
5.878016072274924316e+11 2.482672303207642095e+00
6.203576476104281006e+11 2.499940054959284730e+00
6.547168402004742432e+11 2.517399034083457554e+00
6.909790545715645752e+11 2.535052133290938148e+00
7.292496916841444092e+11 2.552900841871567295e+00
7.696399902471151123e+11 2.570947285956535655e+00
8.122673500479703369e+11 2.589193987130848473e+00
8.572556731909306641e+11 2.607642860564462151e+00
9.047357242349274902e+11 2.626297383482865566e+00
9.548455102782264404e+11 2.645161015974083707e+00
1.007730682094457642e+12 2.664237133848418981e+00
1.063544957486011230e+12 2.683530493652066085e+00
1.122450568085305908e+12 2.703044166937025761e+00
1.184618730902682373e+12 2.722781144300463030e+00
1.250230145991453369e+12 2.742743917567600942e+00
1.319475521676708740e+12 2.762935122188555859e+00
1.392556128874464844e+12 2.783357859531426115e+00
1.469684386112447510e+12 2.804016059597323363e+00
1.551084476952840576e+12 2.824913075581861222e+00
1.636993001611701904e+12 2.846053101253687156e+00
1.727659664669034668e+12 2.867441369552378827e+00
1.823348000868438477e+12 2.889080601315750840e+00
1.924336141115976074e+12 2.910975016581171637e+00
2.030917620904730713e+12 2.933126444986028591e+00
2.143402233514850098e+12 2.955539587373600785e+00
2.262116930469017090e+12 2.978217964174996180e+00
2.387406771860646973e+12 3.001167463003171498e+00
2.519635929317013672e+12 3.024391536998630503e+00
2.659188744512690918e+12 3.047895095286937472e+00
2.806470846309833008e+12 3.071681877684870443e+00
2.961910329772559570e+12 3.095756112770907453e+00
3.125959000482284180e+12 3.120120961727683273e+00
3.299093687770942383e+12 3.144782901121121466e+00
3.481817630688966309e+12 3.169746045294313586e+00
3.674661940736687988e+12 3.195015901554913551e+00
3.878187145610719727e+12 3.220596576958413504e+00
4.092984818452434082e+12 3.246492864567060987e+00
4.319679297334164551e+12 3.272709412347792224e+00
4.558929499981049805e+12 3.299252368651275802e+00
4.811430839003245117e+12 3.326126144529369721e+00
5.077917243205382812e+12 3.353336711391449398e+00
5.359163290848514648e+12 3.380889924676361957e+00
5.655986461065001953e+12 3.408789971324522661e+00
5.969249509970727539e+12 3.437042920322477713e+00
6.299862978380680664e+12 3.465655498636587062e+00
6.648787838417276367e+12 3.494632615885434834e+00
7.017038286703836914e+12 3.523980714256178981e+00
7.405684692262442383e+12 3.553705210488468325e+00
7.815856707684090820e+12 3.583812624394594248e+00
8.248746552614581055e+12 3.614309782337328691e+00
8.705612479099856445e+12 3.645203551813434029e+00
9.187782428863320312e+12 3.676499238468573516e+00
9.696657893145500000e+12 3.708203647666914904e+00
1.023371798632517188e+13 3.740324603981909579e+00
1.080052374516249609e+13 3.772868935630198983e+00
1.139872266616047852e+13 3.805843442282294209e+00
1.203005349423324219e+13 3.839255140834051616e+00
1.269635127659972852e+13 3.873111753111523559e+00
1.339955269659337109e+13 3.907421208257089607e+00
1.414170170289021094e+13 3.942191008378390205e+00
1.492495545051832227e+13 3.977429181582410767e+00
1.575159057091624414e+13 4.013143096169099699e+00
1.662400978926613477e+13 4.049341240286407739e+00
1.754474890833459570e+13 4.086032998053883425e+00
1.851648417912153906e+13 4.123224970969638470e+00
1.954204007974051562e+13 4.160928310479708792e+00
2.062439752514088281e+13 4.199149889854394857e+00
2.176670253153454688e+13 4.237899739850309544e+00
2.297227536071146484e+13 4.277186250017534164e+00
2.424462017082320703e+13 4.317021317836553074e+00
2.558743520168578516e+13 4.357411575113854241e+00
2.700462352420682031e+13 4.398368628710349171e+00
2.850030438518105078e+13 4.439902316030238438e+00
3.007882518043095703e+13 4.482023451442288753e+00
3.174477409109187109e+13 4.524740715433143379e+00
3.350299341977236719e+13 4.568066737063362304e+00
3.535859366535182812e+13 4.612011535225853720e+00
3.731696837732755469e+13 4.656586797928918386e+00
3.938380983288489062e+13 4.701803654139458999e+00
4.156512558225988281e+13 4.747673880700196136e+00
4.386725591048494531e+13 4.794210317052046477e+00
4.629689226627258594e+13 4.841422855909240042e+00
4.886109671160316406e+13 4.889325236787227524e+00
5.156732244854953125e+13 4.937931102146639439e+00
5.442343548300250000e+13 4.987252351446129772e+00
5.743773748826563281e+13 5.037303146057474201e+00
6.061898993497571875e+13 5.088095743378029390e+00
6.397643955748423438e+13 5.139645557205587245e+00
6.751984523072494531e+13 5.191964071560805749e+00
7.125950633568396875e+13 5.245069523973930892e+00
7.520629269592421875e+13 5.298973819485566672e+00
7.937167617217559375e+13 5.353694021758176547e+00
8.376776400682925000e+13 5.409244832794077418e+00
8.840733401525062500e+13 5.465640848619069736e+00
9.330387172620360938e+13 5.522899238634485286e+00
9.847160957933764062e+13 5.581037651515668330e+00
1.039255682936710938e+14 5.640070752327680736e+00
1.096816005273135781e+14 5.700018041883059716e+00
1.157564369553301094e+14 5.760895643730178151e+00
1.221677348996788125e+14 5.822722611382073588e+00
1.289341296525710469e+14 5.885515635628990161e+00
1.360752886424333125e+14 5.949296380572617338e+00
1.436119685999077188e+14 6.014082257184202973e+00
1.515660758900601250e+14 6.079892341943177847e+00
1.599607301861484688e+14 6.146748647601333992e+00
1.688203316700366250e+14 6.214671982829873542e+00
1.781706319545732500e+14 6.283681664648472776e+00
1.880388089340916562e+14 6.353801281005598156e+00
1.984535457805803125e+14 6.425052009013969112e+00
2.094451143151468750e+14 6.497456020944692767e+00
2.210454629971019375e+14 6.571037597758678572e+00
2.332883097864153438e+14 6.645819792179802121e+00
2.462092401494620625e+14 6.721827462589923030e+00
2.598458104929241875e+14 6.799085105786596195e+00
2.742376573264941250e+14 6.877617254473266328e+00
2.894266124716740000e+14 6.957450772630072500e+00
3.054568246515431875e+14 7.038614363183701705e+00
3.223748878149026875e+14 7.121131946873522800e+00
3.402299765678064375e+14 7.205031854653153545e+00
3.590739891061047500e+14 7.290344367431307759e+00
3.789616980644723750e+14 7.377098515460290606e+00
3.999509097203669375e+14 7.465324347694083151e+00
4.221026320156903125e+14 7.555050589917124526e+00
4.454812518844988750e+14 7.646309561943533062e+00
4.701547224022129375e+14 7.739137780868143857e+00
4.961947603002898125e+14 7.833560722198783743e+00
5.236770544204645000e+14 7.929620041944599684e+00
5.526814857144591875e+14 8.027344173000619421e+00
5.832923594286188750e+14 8.126771181917378684e+00
6.155986501483488750e+14 8.227937285441775828e+00
6.496942604146098750e+14 8.330875904143425714e+00
6.856782936641737500e+14 8.435636419364085370e+00
7.236553422869650000e+14 8.542244211799490117e+00
7.637357916378011250e+14 8.650748780657586678e+00
8.060361408861328750e+14 8.761188433088749505e+00
8.506793416364170000e+14 8.873596215924742125e+00
8.977951553033331250e+14 8.988030439722647813e+00
9.475205302806547500e+14 9.104526140991749728e+00
1.000000000000000000e+15 9.223130837684518468e+00
