1.000000000000000000e+08 4.836611391894405365e-01
1.055386103036523014e+08 4.840101496698867578e-01
1.113839826482618302e+08 4.843714775594126776e-01
1.175531073878367543e+08 4.847456158311759800e-01
1.240639159058834314e+08 4.851329802962237037e-01
1.309353327353612185e+08 4.855339894458159944e-01
1.381873305653633475e+08 4.859491480755457338e-01
1.458409882943986356e+08 4.863788503422680209e-01
1.539185522990205288e+08 4.868237023148934139e-01
1.624435010958865285e+08 4.872841115448938720e-01
1.714406135851968527e+08 4.877606392406349523e-01
1.809360410738712847e+08 4.882538165152338627e-01
1.909573832878100574e+08 4.887642059762971058e-01
2.015337685941735208e+08 4.892922870422721227e-01
2.126959386668691933e+08 4.898387485281740505e-01
2.244763378413223922e+08 4.904041264861606075e-01
2.369092074182631969e+08 4.909891126205330747e-01
2.500306851906321347e+08 4.915941644275256817e-01
2.638789104828929305e+08 4.922201024996431529e-01
2.784941350080649853e+08 4.928675231624091158e-01
2.939188398646890521e+08 4.935369950994237254e-01
3.101978590138099790e+08 4.942294316868788839e-01
3.273785095948576927e+08 4.949453916193102820e-01
3.455107294592218399e+08 4.956855901019838750e-01
3.646472223212745190e+08 4.964507976769050313e-01
3.848436109487425089e+08 4.972418230813214213e-01
4.061585988376971483e+08 4.980593565590842320e-01
4.286541408420934081e+08 4.989041755744274553e-01
4.523956232538058162e+08 4.997772035324382078e-01
4.774520538566131592e+08 5.006791445203209179e-01
5.038962625065150261e+08 5.016109073541915597e-01
5.318051128214197159e+08 5.025731962619264248e-01
5.612597255954965353e+08 5.035670463606860547e-01
5.923457145875793695e+08 5.045931873321940486e-01
6.251534353689699173e+08 5.056525803354526838e-01
6.597782479539546967e+08 5.067460262982765862e-01
6.963207939763890505e+08 5.078745104539656996e-01
7.348872892180387974e+08 5.090388274319364026e-01
7.755898323389002085e+08 5.102399919061220146e-01
8.185467307069020271e+08 5.114788525692602894e-01
8.638828442740435600e+08 5.127563026378986200e-01
9.117299484984903336e+08 5.140732149144018326e-01
9.622271173675154448e+08 5.154305327485091404e-01
1.015521127634569168e+09 5.168292021233610312e-01
1.071766885445503354e+09 5.182699953287246419e-01
1.131127876593921423e+09 5.197538802093270016e-01
1.193776641714435816e+09 5.212816156912660759e-01
1.259895277795025826e+09 5.228540988081423757e-01
1.329675967466209888e+09 5.244721460972986415e-01
1.403321537605481863e+09 5.261365369690619298e-01
1.481046048880676985e+09 5.278479417768618953e-01
1.563075417945817471e+09 5.296071874968044657e-01
1.649648074098020792e+09 5.314149395064546866e-01
1.741015652304015398e+09 5.332717411290759379e-01
1.837443724610724926e+09 5.351782292102765792e-01
1.939212572065826893e+09 5.371350240055091652e-01
2.046617999391993999e+09 5.391423493237743614e-01
2.159972194782721519e+09 5.412008333908766566e-01
2.279604637318982124e+09 5.433106854454182733e-01
2.405863054644066811e+09 5.454722088430075111e-01
2.539114433680346966e+09 5.476855676387677452e-01
2.679746087325689316e+09 5.499508354262252485e-01
2.828166780230029583e+09 5.522679823631254648e-01
2.984807916924321175e+09 5.546370018998783014e-01
3.150124795755321503e+09 5.570575631887185741e-01
3.324597932270945072e+09 5.595294634060007377e-01
3.508734455902714729e+09 5.620523082325589170e-01
3.703069584005141258e+09 5.646254169156764702e-01
3.908168177536263943e+09 5.672484051687298745e-01
4.124626382901348114e+09 5.699204267769516497e-01
4.353073364731883049e+09 5.726406476113278243e-01
4.594173134636466980e+09 5.754081402807150747e-01
4.848626481239088058e+09 5.782218851146021521e-01
5.117173007114609718e+09 5.810808567457642626e-01
5.400593278542373657e+09 5.839837615812596416e-01
5.699711094326075554e+09 5.869293350816809918e-01
6.015395880274832726e+09 5.899162487538958111e-01
6.348565216305210114e+09 5.929431727048172229e-01
6.700187503509576797e+09 5.960085949167195363e-01
7.071284778942981720e+09 5.991111519811123109e-01
7.462935686310145378e+09 6.022494777898342866e-01
7.876278611187063217e+09 6.054219894766061927e-01
8.312514989890631676e+09 6.086275419998322667e-01
8.772912801613355637e+09 6.118646882143708998e-01
9.258810253973945618e+09 6.151323417246797876e-01
9.771619672696161270e+09 6.184293164405652021e-01
1.031283160672186852e+10 6.217546057283985794e-01
1.088401916069007683e+10 6.251074582758174847e-01
1.148684256737554741e+10 6.284871888038547905e-01
1.212305401337652779e+10 6.318934050807970548e-01
1.279450273207873344e+10 6.353257111150732994e-01
1.350314037869872093e+10 6.387840328307957671e-01
1.425102670302996254e+10 6.422685939847974090e-01
1.504033553638022041e+10 6.457796643693544114e-01
1.587336111010205460e+10 6.493177807695895698e-01
1.675252472408210373e+10 6.528836895936815932e-01
1.768038178457208633e+10 6.564782531706725432e-01
1.865962923181745911e+10 6.601026755220036346e-01
1.969311337907421875e+10 6.637578379015823815e-01
2.078383818579755020e+10 6.674451370913897508e-01
2.193497398905055618e+10 6.711660910678555192e-01
2.314986671851165771e+10 6.749217447458981667e-01
2.443204762186491776e+10 6.787136297372525773e-01
2.578524352884276581e+10 6.825430409430882639e-01
2.721338768375308609e+10 6.864110523710312828e-01
2.872063117797828293e+10 6.903187115915041527e-01
3.031135501567576218e+10 6.942671212029356553e-01
3.199018284775060654e+10 6.982568139549741870e-01
3.376199441111333084e+10 7.022884733959674497e-01
3.563193971228576660e+10 7.063624340982549432e-01
3.760545399658160400e+10 7.104787822956655230e-01
3.968827354637165833e+10 7.146376336022265408e-01
4.188645235435270691e+10 7.188388254844466640e-01
4.420637972028530121e+10 7.230821764683783570e-01
4.665479882234468079e+10 7.273673640046075528e-01
4.923882631706731415e+10 7.316941479304874818e-01
5.196597302486207581e+10 7.360622354868530115e-01
5.484416576121026611e+10 7.404714225549928752e-01
5.788177037701280212e+10 7.449220138326433371e-01
6.108761607505039978e+10 7.494137701047263178e-01
6.447102107323869324e+10 7.539472850743423882e-01
6.804181968927093506e+10 7.585230520902611628e-01
7.181039092537341309e+10 7.631421264152011830e-01
7.578768863625914001e+10 7.678050216093097458e-01
7.998527336796691895e+10 7.725133293139520019e-01
8.441534596012959290e+10 7.772679806653081114e-01
8.909078300934143066e+10 7.820702466107319895e-01
9.402517429670132446e+10 7.869213535825866357e-01
9.923286228832545471e+10 7.918223997354779664e-01
1.047289838236357422e+11 7.967741031032905541e-01
1.105295141126019745e+11 8.017775605111586712e-01
1.166513131698198547e+11 8.068331432013217119e-01
1.231121748203892059e+11 8.119411329652433951e-01
1.299308784200417175e+11 8.171019899982812085e-01
1.371272434398400879e+11 8.223158461852786427e-01
1.447221870741134338e+11 8.275828149431736502e-01
1.527377850390712280e+11 8.329030789453099048e-01
1.611973357388155518e+11 8.382769907708668145e-01
1.701254279852585754e+11 8.437052197648553520e-01
1.795480124687826843e+11 8.491884389403850930e-01
1.894924771873815918e+11 8.547276621408326225e-01
1.999877270535286865e+11 8.603240804820528886e-01
2.110642679101554871e+11 8.659789505554700284e-01
2.227542951999556274e+11 8.716934300799927815e-01
2.350917875457284546e+11 8.774688929495040313e-01
2.481126055137765198e+11 8.833061415310212716e-01
2.618545958474237976e+11 8.892061078235096172e-01
2.763577014736163330e+11 8.951695858783789150e-01
2.916640776023706665e+11 9.011968439636411921e-01
3.078182142565079956e+11 9.072884951480536531e-01
3.248670655878374634e+11 9.134449194286903273e-01
3.428601863556583252e+11 9.196671186153669852e-01
3.618498759642742920e+11 9.259554341662438182e-01
3.818913304781846313e+11 9.323112777014574970e-01
4.030428030568041992e+11 9.387359906129486564e-01
4.253657732750374146e+11 9.452306620043331442e-01
4.489251258218607788e+11 9.517968720710489050e-01
4.737893390963143921e+11 9.584356670319056359e-01
5.000306842491090088e+11 9.651481373487341697e-01
5.277254352483532104e+11 9.719351831857548918e-01
5.569540905800124512e+11 9.787975721909615290e-01
5.878016072274924316e+11 9.857358757743051036e-01
6.203576476104281006e+11 9.927511937933474195e-01
6.547168402004742432e+11 9.998443638772465114e-01
6.909790545715645752e+11 1.007016899673699006e+00
7.292496916841444092e+11 1.014270294398671446e+00
7.696399902471151123e+11 1.021605982097557819e+00
8.122673500479703369e+11 1.029025319280089112e+00
8.572556731909306641e+11 1.036529505718692512e+00
9.047357242349274902e+11 1.044119617344458684e+00
9.548455102782264404e+11 1.051796481037215347e+00
1.007730682094457642e+12 1.059561401166269290e+00
1.063544957486011230e+12 1.067415596735456829e+00
1.122450568085305908e+12 1.075360393021720151e+00
1.184618730902682373e+12 1.083397690120464274e+00
1.250230145991453369e+12 1.091529079356226228e+00
1.319475521676708740e+12 1.099755909947427890e+00
1.392556128874464844e+12 1.108079349339131214e+00
1.469684386112447510e+12 1.116500822048167141e+00
1.551084476952840576e+12 1.125021647890774856e+00
1.636993001611701904e+12 1.133643292675717174e+00
1.727659664669034668e+12 1.142367353754448978e+00
1.823348000868438477e+12 1.151195997391599946e+00
1.924336141115976074e+12 1.160130776083708737e+00
2.030917620904730713e+12 1.169173067788051856e+00
2.143402233514850098e+12 1.178324481802536239e+00
2.262116930469017090e+12 1.187586661536399024e+00
2.387406771860646973e+12 1.196961067657459576e+00
2.519635929317013672e+12 1.206450187584181988e+00
2.659188744512690918e+12 1.216055519056769896e+00
2.806470846309833008e+12 1.225779073137599262e+00
2.961910329772559570e+12 1.235622418741167738e+00
3.125959000482284180e+12 1.245587616799301189e+00
3.299093687770942383e+12 1.255676329499618937e+00
3.481817630688966309e+12 1.265890899844750006e+00
3.674661940736687988e+12 1.276233247458384623e+00
3.878187145610719727e+12 1.286705672097663289e+00
4.092984818452434082e+12 1.297309829277653259e+00
4.319679297334164551e+12 1.308048025095811528e+00
4.558929499981049805e+12 1.318922549351992490e+00
4.811430839003245117e+12 1.329935507185113774e+00
5.077917243205382812e+12 1.341089542506144205e+00
5.359163290848514648e+12 1.352386332707484096e+00
5.655986461065001953e+12 1.363828461639336576e+00
5.969249509970727539e+12 1.375418659741092675e+00
6.299862978380680664e+12 1.387159015308513599e+00
6.648787838417276367e+12 1.399052416752389005e+00
7.017038286703836914e+12 1.411100968557925439e+00
7.405684692262442383e+12 1.423307471875522534e+00
7.815856707684090820e+12 1.435674488825159578e+00
8.248746552614581055e+12 1.448205265848419687e+00
8.705612479099856445e+12 1.460901649124523471e+00
9.187782428863320312e+12 1.473767030221433405e+00
9.696657893145500000e+12 1.486804284236537654e+00
1.023371798632517188e+13 1.500016140497005601e+00
1.080052374516249609e+13 1.513405572505149843e+00
1.139872266616047852e+13 1.526976068571040290e+00
1.203005349423324219e+13 1.540730341179878948e+00
1.269635127659972852e+13 1.554671633575431811e+00
1.339955269659337109e+13 1.568803116838437539e+00
1.414170170289021094e+13 1.583128328124375317e+00
1.492495545051832227e+13 1.597650318319705720e+00
1.575159057091624414e+13 1.612372621421277463e+00
1.662400978926613477e+13 1.627299199311359246e+00
1.754474890833459570e+13 1.642433390539908444e+00
1.851648417912153906e+13 1.657778657626039820e+00
1.954204007974051562e+13 1.673338697758165905e+00
2.062439752514088281e+13 1.689117678232995079e+00
2.176670253153454688e+13 1.705119306718470673e+00
2.297227536071146484e+13 1.721347547375673415e+00
2.424462017082320703e+13 1.737806657820354372e+00
2.558743520168578516e+13 1.754500899289696214e+00
2.700462352420682031e+13 1.771433747660041469e+00
2.850030438518105078e+13 1.788610476226609514e+00
3.007882518043095703e+13 1.806034889912144781e+00
3.174477409109187109e+13 1.823711598577740345e+00
3.350299341977236719e+13 1.841645889751078347e+00
3.535859366535182812e+13 1.859841375502682137e+00
3.731696837732755469e+13 1.878303891886866861e+00
3.938380983288489062e+13 1.897037751576816644e+00
4.156512558225988281e+13 1.916048271116085555e+00
4.386725591048494531e+13 1.935340570154311823e+00
4.629689226627258594e+13 1.954919516226596210e+00
4.886109671160316406e+13 1.974791163185187992e+00
5.156732244854953125e+13 1.994960502257447699e+00
5.442343548300250000e+13 2.015433117542294372e+00
5.743773748826563281e+13 2.036215023707252048e+00
6.061898993497571875e+13 2.057312177049253066e+00
6.397643955748423438e+13 2.078729949721934034e+00
6.751984523072494531e+13 2.100475015214259056e+00
7.125950633568396875e+13 2.122553897455150995e+00
7.520629269592421875e+13 2.144971862021981313e+00
7.937167617217559375e+13 2.167736868899125202e+00
8.376776400682925000e+13 2.190854400431800908e+00
8.840733401525062500e+13 2.214332329532747501e+00
9.330387172620360938e+13 2.238176769842417979e+00
9.847160957933764062e+13 2.262395511036513707e+00
1.039255682936710938e+14 2.286995530162355905e+00
1.096816005273135781e+14 2.311984534939703462e+00
1.157564369553301094e+14 2.337369966996317050e+00
1.221677348996788125e+14 2.363159684999623256e+00
1.289341296525710469e+14 2.389361896524294426e+00
1.360752886424333125e+14 2.415985114422375180e+00
1.436119685999077188e+14 2.443036698503840309e+00
1.515660758900601250e+14 2.470526158384443782e+00
1.599607301861484688e+14 2.498461963176907386e+00
1.688203316700366250e+14 2.526853041268765754e+00
1.781706319545732500e+14 2.555708627218358675e+00
1.880388089340916562e+14 2.585038259550923812e+00
1.984535457805803125e+14 2.614851637227277870e+00
2.094451143151468750e+14 2.645158537308925251e+00
2.210454629971019375e+14 2.675968865919314599e+00
2.332883097864153438e+14 2.707293212575135666e+00
2.462092401494620625e+14 2.739141747631615775e+00
2.598458104929241875e+14 2.771526349146054002e+00
2.742376573264941250e+14 2.804456380755172340e+00
2.894266124716740000e+14 2.837944940769033586e+00
3.054568246515431875e+14 2.872002779652564008e+00
3.223748878149026875e+14 2.906642252733178555e+00
3.402299765678064375e+14 2.941874462340190455e+00
3.590739891061047500e+14 2.977713317861356401e+00
3.789616980644723750e+14 3.014171065308984598e+00
3.999509097203669375e+14 3.051260202936722177e+00
4.221026320156903125e+14 3.088995195804450145e+00
4.454812518844988750e+14 3.127389773216632474e+00
4.701547224022129375e+14 3.166456872152926927e+00
4.961947603002898125e+14 3.206212338153086705e+00
5.236770544204645000e+14 3.246669321815150333e+00
5.526814857144591875e+14 3.287844860341750497e+00
5.832923594286188750e+14 3.329753109275727319e+00
6.155986501483488750e+14 3.372410841145947913e+00
6.496942604146098750e+14 3.415833380441128497e+00
6.856782936641737500e+14 3.460039472547071782e+00
7.236553422869650000e+14 3.505043152828750230e+00
7.637357916378011250e+14 3.550865096210455985e+00
8.060361408861328750e+14 3.597521597257065995e+00
8.506793416364170000e+14 3.645031239939301670e+00
8.977951553033331250e+14 3.693413264935600182e+00
9.475205302806547500e+14 3.742688055380535062e+00
1.000000000000000000e+15 3.792873748535537270e+00
