1.000000000000000000e+08 3.793966189189805771e-01
1.055386103036523014e+08 3.797436564082298238e-01
1.113839826482618302e+08 3.801028772157534763e-01
1.175531073878367543e+08 3.804746197705738409e-01
1.240639159058834314e+08 3.808593706200529283e-01
1.309353327353612185e+08 3.812575393444520566e-01
1.381873305653633475e+08 3.816695509627023308e-01
1.458409882943986356e+08 3.820958727538247279e-01
1.539185522990205288e+08 3.825369326122690095e-01
1.624435010958865285e+08 3.829932927374256613e-01
1.714406135851968527e+08 3.834653635788347614e-01
1.809360410738712847e+08 3.839536739275883903e-01
1.909573832878100574e+08 3.844587375593758738e-01
2.015337685941735208e+08 3.849810583122342256e-01
2.126959386668691933e+08 3.855212459521653590e-01
2.244763378413223922e+08 3.860797620126604768e-01
2.369092074182631969e+08 3.866572632068658311e-01
2.500306851906321347e+08 3.872542342798103721e-01
2.638789104828929305e+08 3.878713127345078115e-01
2.784941350080649853e+08 3.885090977475903484e-01
2.939188398646890521e+08 3.891682410200668629e-01
3.101978590138099790e+08 3.898493040304225055e-01
3.273785095948576927e+08 3.905529391084799351e-01
3.455107294592218399e+08 3.912798760457877889e-01
3.646472223212745190e+08 3.920306272176447004e-01
3.848436109487425089e+08 3.928059814416970941e-01
4.061585988376971483e+08 3.936064959837519694e-01
4.286541408420934081e+08 3.944329312028826973e-01
4.523956232538058162e+08 3.952859867839969565e-01
4.774520538566131592e+08 3.961663733864763670e-01
5.038962625065150261e+08 3.970747077704906425e-01
5.318051128214197159e+08 3.980117903407009439e-01
5.612597255954965353e+08 3.989782638331512143e-01
5.923457145875793695e+08 3.999748366684693357e-01
6.251534353689699173e+08 4.010022357565386497e-01
6.597782479539546967e+08 4.020611755985061819e-01
6.963207939763890505e+08 4.031522463616716290e-01
7.348872892180387974e+08 4.042763242089789655e-01
7.755898323389002085e+08 4.054339121286124059e-01
8.185467307069020271e+08 4.066257415889900084e-01
8.638828442740435600e+08 4.078525417941336051e-01
9.117299484984903336e+08 4.091148094356388265e-01
9.622271173675154448e+08 4.104131777409622539e-01
1.015521127634569168e+09 4.117483671615462804e-01
1.071766885445503354e+09 4.131208142071845502e-01
1.131127876593921423e+09 4.145310698944564276e-01
1.193776641714435816e+09 4.159796122158331277e-01
1.259895277795025826e+09 4.174669372647960564e-01
1.329675967466209888e+09 4.189933776378337305e-01
1.403321537605481863e+09 4.205593559297150508e-01
1.481046048880676985e+09 4.221652595592979007e-01
1.563075417945817471e+09 4.238112315815825704e-01
1.649648074098020792e+09 4.254974647884469108e-01
1.741015652304015398e+09 4.272241218209694713e-01
1.837443724610724926e+09 4.289912739214852277e-01
1.939212572065826893e+09 4.307989753403794753e-01
2.046617999391993999e+09 4.326470427096982818e-01
2.159972194782721519e+09 4.345353540245619484e-01
2.279604637318982124e+09 4.364636647750554932e-01
2.405863054644066811e+09 4.384317194360990988e-01
2.539114433680346966e+09 4.404390710081111937e-01
2.679746087325689316e+09 4.424852617338776439e-01
2.828166780230029583e+09 4.445697000452254466e-01
2.984807916924321175e+09 4.466917430643499443e-01
3.150124795755321503e+09 4.488506561392245353e-01
3.324597932270945072e+09 4.510456740345717419e-01
3.508734455902714729e+09 4.532759079761484733e-01
3.703069584005141258e+09 4.555403836875575041e-01
3.908168177536263943e+09 4.578382089662705323e-01
4.124626382901348114e+09 4.601682164775326433e-01
4.353073364731883049e+09 4.625294999853287181e-01
4.594173134636466980e+09 4.649207547212487190e-01
4.848626481239088058e+09 4.673410072410795757e-01
5.117173007114609718e+09 4.697890824685196365e-01
5.400593278542373657e+09 4.722639784472620894e-01
5.699711094326075554e+09 4.747644856574504413e-01
6.015395880274832726e+09 4.772897332506471080e-01
6.348565216305210114e+09 4.798386991759648335e-01
6.700187503509576797e+09 4.824105293802204986e-01
7.071284778942981720e+09 4.850045156559664172e-01
7.462935686310145378e+09 4.876200291891875094e-01
7.876278611187063217e+09 4.902563875389858716e-01
8.312514989890631676e+09 4.929134552100739031e-01
8.772912801613355637e+09 4.955908486690754899e-01
9.258810253973945618e+09 4.982886508918327184e-01
9.771619672696161270e+09 5.010068202233617374e-01
1.031283160672186852e+10 5.037456426288330347e-01
1.088401916069007683e+10 5.065056146932069847e-01
1.148684256737554741e+10 5.092872766587119848e-01
1.212305401337652779e+10 5.120912861996780308e-01
1.279450273207873344e+10 5.149184911751572002e-01
1.350314037869872093e+10 5.177698067369583823e-01
1.425102670302996254e+10 5.206461572203987531e-01
1.504033553638022041e+10 5.235487402148061298e-01
1.587336111010205460e+10 5.264784786277179052e-01
1.675252472408210373e+10 5.294364560719140300e-01
1.768038178457208633e+10 5.324236016134186178e-01
1.865962923181745911e+10 5.354409455674180585e-01
1.969311337907421875e+10 5.384893232446418265e-01
2.078383818579755020e+10 5.415693079192012149e-01
2.193497398905055618e+10 5.446815785122925968e-01
2.314986671851165771e+10 5.478264744719065771e-01
2.443204762186491776e+10 5.510044342485240776e-01
2.578524352884276581e+10 5.542155431319312209e-01
2.721338768375308609e+10 5.574597760804159696e-01
2.872063117797828293e+10 5.607370146555297197e-01
3.031135501567576218e+10 5.640471627701452162e-01
3.199018284775060654e+10 5.673899005463319822e-01
3.376199441111333084e+10 5.707650979261942314e-01
3.563193971228576660e+10 5.741724729265328397e-01
3.760545399658160400e+10 5.776119416602500944e-01
3.968827354637165833e+10 5.810836790816232833e-01
4.188645235435270691e+10 5.845875908849670344e-01
4.420637972028530121e+10 5.881240713622674088e-01
4.665479882234468079e+10 5.916936127577583360e-01
4.923882631706731415e+10 5.952966724514495711e-01
5.196597302486207581e+10 5.989341689485114806e-01
5.484416576121026611e+10 6.026070270406452822e-01
5.788177037701280212e+10 6.063158850475290906e-01
6.108761607505039978e+10 6.100620240781834402e-01
6.447102107323869324e+10 6.138462379831672866e-01
6.804181968927093506e+10 6.176693173754389532e-01
7.181039092537341309e+10 6.215321805411555545e-01
7.578768863625914001e+10 6.254352268908182078e-01
7.998527336796691895e+10 6.293788347964862639e-01
8.441534596012959290e+10 6.333635231186534043e-01
8.909078300934143066e+10 6.373894017072486706e-01
9.402517429670132446e+10 6.414565778332929069e-01
9.923286228832545471e+10 6.455651357091156672e-01
1.047289838236357422e+11 6.497153254876093520e-01
1.105295141126019745e+11 6.539073876065849555e-01
1.166513131698198547e+11 6.581418285478293217e-01
1.231121748203892059e+11 6.624190908181312176e-01
1.299308784200417175e+11 6.667401587774369753e-01
1.371272434398400879e+11 6.711057318334159305e-01
1.447221870741134338e+11 6.755170109946131429e-01
1.527377850390712280e+11 6.799747204642312415e-01
1.611973357388155518e+11 6.844800105662076639e-01
1.701254279852585754e+11 6.890335126435130908e-01
1.795480124687826843e+11 6.936359597450513226e-01
1.894924771873815918e+11 6.982878320939340799e-01
1.999877270535286865e+11 7.029895527650691367e-01
2.110642679101554871e+11 7.077414275552942335e-01
2.227542951999556274e+11 7.125440080274311194e-01
2.350917875457284546e+11 7.173976954793629401e-01
2.481126055137765198e+11 7.223030798737501978e-01
2.618545958474237976e+11 7.272612141336167735e-01
2.763577014736163330e+11 7.322728671521767652e-01
2.916640776023706665e+11 7.373393071058563786e-01
3.078182142565079956e+11 7.424613583305507136e-01
3.248670655878374634e+11 7.476401402781732708e-01
3.428601863556583252e+11 7.528763867853621727e-01
3.618498759642742920e+11 7.581708064795779078e-01
3.818913304781846313e+11 7.635239371952213805e-01
4.030428030568041992e+11 7.689363940269241526e-01
4.253657732750374146e+11 7.744088142783276396e-01
4.489251258218607788e+11 7.799420279216024987e-01
4.737893390963143921e+11 7.855372305899007701e-01
5.000306842491090088e+11 7.911953814237949745e-01
5.277254352483532104e+11 7.969178335122149015e-01
5.569540905800124512e+11 8.027054347005694313e-01
5.878016072274924316e+11 8.085592776933847592e-01
6.203576476104281006e+11 8.144802184521202637e-01
6.547168402004742432e+11 8.204687245401139917e-01
6.909790545715645752e+11 8.265259917529882427e-01
7.292496916841444092e+11 8.326528377646866819e-01
7.696399902471151123e+11 8.388504509863546899e-01
8.122673500479703369e+11 8.451201778755716987e-01
8.572556731909306641e+11 8.514632153175190066e-01
9.047357242349274902e+11 8.578807876037820579e-01
9.548455102782264404e+11 8.643737644148516974e-01
1.007730682094457642e+12 8.709431603378313680e-01
1.063544957486011230e+12 8.775900994700152058e-01
1.122450568085305908e+12 8.843155735192894662e-01
1.184618730902682373e+12 8.911211286506042217e-01
1.250230145991453369e+12 8.980081966987892850e-01
1.319475521676708740e+12 9.049779800625287196e-01
1.392556128874464844e+12 9.120315984265796594e-01
1.469684386112447510e+12 9.191705396122281657e-01
1.551084476952840576e+12 9.263956158750984438e-01
1.636993001611701904e+12 9.337084955801350228e-01
1.727659664669034668e+12 9.411107220186689659e-01
1.823348000868438477e+12 9.486036368555664788e-01
1.924336141115976074e+12 9.561888720685751686e-01
2.030917620904730713e+12 9.638674639090815122e-01
2.143402233514850098e+12 9.716410300085356333e-01
2.262116930469017090e+12 9.795111057037093616e-01
2.387406771860646973e+12 9.874792480163223640e-01
2.519635929317013672e+12 9.955472196357638692e-01
2.659188744512690918e+12 1.003716554690697427e+00
2.806470846309833008e+12 1.011988649232337778e+00
2.961910329772559570e+12 1.020365240093262127e+00
3.125959000482284180e+12 1.028848179804970453e+00
3.299093687770942383e+12 1.037439275445657616e+00
3.481817630688966309e+12 1.046140273616976035e+00
3.674661940736687988e+12 1.054952793954062829e+00
3.878187145610719727e+12 1.063878635115683258e+00
4.092984818452434082e+12 1.072919741093767421e+00
4.319679297334164551e+12 1.082078321790286290e+00
4.558929499981049805e+12 1.091356142928447071e+00
4.811430839003245117e+12 1.100754993429119422e+00
5.077917243205382812e+12 1.110276992447758904e+00
5.359163290848514648e+12 1.119924426855409605e+00
5.655986461065001953e+12 1.129699315032134610e+00
5.969249509970727539e+12 1.139603609342952906e+00
6.299862978380680664e+12 1.149639789423824165e+00
6.648787838417276367e+12 1.159809814341922207e+00
7.017038286703836914e+12 1.170116231167423582e+00
7.405684692262442383e+12 1.180561269088870491e+00
7.815856707684090820e+12 1.191147177659196421e+00
8.248746552614581055e+12 1.201876588214910280e+00
8.705612479099856445e+12 1.212751946846251094e+00
9.187782428863320312e+12 1.223775894498619898e+00
9.696657893145500000e+12 1.234950640335987559e+00
1.023371798632517188e+13 1.246279035578272243e+00
1.080052374516249609e+13 1.257763877441746114e+00
1.139872266616047852e+13 1.269407704227021982e+00
1.203005349423324219e+13 1.281213762276743218e+00
1.269635127659972852e+13 1.293184142701722994e+00
1.339955269659337109e+13 1.305322438160703147e+00
1.414170170289021094e+13 1.317631317257190737e+00
1.492495545051832227e+13 1.330114087812213075e+00
1.575159057091624414e+13 1.342773531797129882e+00
1.662400978926613477e+13 1.355613055585582982e+00
1.754474890833459570e+13 1.368635875021593451e+00
1.851648417912153906e+13 1.381845074857201761e+00
1.954204007974051562e+13 1.395244331732242715e+00
2.062439752514088281e+13 1.408836988880515007e+00
2.176670253153454688e+13 1.422626463268384045e+00
2.297227536071146484e+13 1.436616662236176456e+00
2.424462017082320703e+13 1.450810852465673317e+00
2.558743520168578516e+13 1.465213120737602015e+00
2.700462352420682031e+13 1.479827167412965494e+00
2.850030438518105078e+13 1.494656921325433263e+00
3.007882518043095703e+13 1.509706711206375118e+00
3.174477409109187109e+13 1.524980144139292726e+00
3.350299341977236719e+13 1.540481534256683549e+00
3.535859366535182812e+13 1.556215491737568568e+00
3.731696837732755469e+13 1.572185814872017806e+00
3.938380983288489062e+13 1.588398170189596170e+00
4.156512558225988281e+13 1.604855278221860360e+00
4.386725591048494531e+13 1.621563145594443256e+00
4.629689226627258594e+13 1.638526176805203516e+00
4.886109671160316406e+13 1.655749623569031881e+00
5.156732244854953125e+13 1.673237894834427752e+00
5.442343548300250000e+13 1.690996174716841827e+00
5.743773748826563281e+13 1.709030376437104426e+00
6.061898993497571875e+13 1.727345172492574576e+00
6.397643955748423438e+13 1.745945844902461408e+00
6.751984523072494531e+13 1.764838840744153092e+00
7.125950633568396875e+13 1.784029046537572549e+00
7.520629269592421875e+13 1.803522721583586730e+00
7.937167617217559375e+13 1.823325590282628639e+00
8.376776400682925000e+13 1.843444178014607138e+00
8.840733401525062500e+13 1.863884467862685357e+00
9.330387172620360938e+13 1.884652511411991194e+00
9.847160957933764062e+13 1.905755558368909197e+00
1.039255682936710938e+14 1.927199771484624069e+00
1.096816005273135781e+14 1.948992140400900741e+00
1.157564369553301094e+14 1.971139832260714542e+00
1.221677348996788125e+14 1.993650158760648328e+00
1.289341296525710469e+14 2.016529913710357391e+00
1.360752886424333125e+14 2.039787254416641549e+00
1.436119685999077188e+14 2.063429431285241478e+00
1.515660758900601250e+14 2.087464149670119173e+00
1.599607301861484688e+14 2.111899847378967188e+00
1.688203316700366250e+14 2.136745005274029108e+00
1.781706319545732500e+14 2.162007691850236224e+00
1.880388089340916562e+14 2.187696808205267462e+00
1.984535457805803125e+14 2.213820999514494403e+00
2.094451143151468750e+14 2.240389146828528855e+00
2.210454629971019375e+14 2.267411090207707591e+00
2.332883097864153438e+14 2.294895898195386419e+00
2.462092401494620625e+14 2.322853598677621090e+00
2.598458104929241875e+14 2.351293583792056996e+00
2.742376573264941250e+14 2.380227585051345685e+00
2.894266124716740000e+14 2.409664073422919106e+00
3.054568246515431875e+14 2.439615023904038171e+00
3.223748878149026875e+14 2.470091751184633644e+00
3.402299765678064375e+14 2.501104323024236908e+00
3.590739891061047500e+14 2.532665068250636864e+00
3.789616980644723750e+14 2.564785638111150234e+00
3.999509097203669375e+14 2.597478414050344853e+00
4.221026320156903125e+14 2.630755423064699894e+00
4.454812518844988750e+14 2.664629548406189041e+00
4.701547224022129375e+14 2.699114066807880796e+00
4.961947603002898125e+14 2.734221961068386886e+00
5.236770544204645000e+14 2.769968006278087813e+00
5.526814857144591875e+14 2.806364378752006505e+00
5.832923594286188750e+14 2.843426512460087707e+00
6.155986501483488750e+14 2.881169124102408663e+00
6.496942604146098750e+14 2.919608505638310092e+00
6.856782936641737500e+14 2.958758839297328969e+00
7.236553422869650000e+14 2.998635582179642434e+00
7.637357916378011250e+14 3.039256220373121486e+00
8.060361408861328750e+14 3.080637039589132709e+00
8.506793416364170000e+14 3.122796265410307637e+00
8.977951553033331250e+14 3.165750353044220589e+00
9.475205302806547500e+14 3.209517144590188220e+00
1.000000000000000000e+15 3.254116258299480258e+00
