1.000000000000000000e+08 1.163105486553267065e+00
1.055386103036523014e+08 1.163797959596274634e+00
1.113839826482618302e+08 1.164515130421789335e+00
1.175531073878367543e+08 1.165258017539297919e+00
1.240639159058834314e+08 1.166027116986797507e+00
1.309353327353612185e+08 1.166823713021479803e+00
1.381873305653633475e+08 1.167648490988134169e+00
1.458409882943986356e+08 1.168502564377876585e+00
1.539185522990205288e+08 1.169386756574937403e+00
1.624435010958865285e+08 1.170302326375806778e+00
1.714406135851968527e+08 1.171250257620475077e+00
1.809360410738712847e+08 1.172231470007585319e+00
1.909573832878100574e+08 1.173247362663820903e+00
2.015337685941735208e+08 1.174298896715481488e+00
2.126959386668691933e+08 1.175387232180100661e+00
2.244763378413223922e+08 1.176513810113987146e+00
2.369092074182631969e+08 1.177679792378119261e+00
2.500306851906321347e+08 1.178886491570719341e+00
2.638789104828929305e+08 1.180135111303139306e+00
2.784941350080649853e+08 1.181427071912256155e+00
2.939188398646890521e+08 1.182764082508461101e+00
3.101978590138099790e+08 1.184147279196017699e+00
3.273785095948576927e+08 1.185578109309997297e+00
3.455107294592218399e+08 1.187058322676451283e+00
3.646472223212745190e+08 1.188589395150329686e+00
3.848436109487425089e+08 1.190173139858400564e+00
4.061585988376971483e+08 1.191810683885650590e+00
4.286541408420934081e+08 1.193504245307664524e+00
4.523956232538058162e+08 1.195255204280704087e+00
4.774520538566131592e+08 1.197065597567221307e+00
5.038962625065150261e+08 1.198936949080629866e+00
5.318051128214197159e+08 1.200871292706328308e+00
5.612597255954965353e+08 1.202870427463794467e+00
5.923457145875793695e+08 1.204936323867011216e+00
6.251534353689699173e+08 1.207070876294119133e+00
6.597782479539546967e+08 1.209276051706424049e+00
6.963207939763890505e+08 1.211553884775759204e+00
7.348872892180387974e+08 1.213906545387727354e+00
7.755898323389002085e+08 1.216335935687187897e+00
8.185467307069020271e+08 1.218844242561404778e+00
8.638828442740435600e+08 1.221433621633374988e+00
9.117299484984903336e+08 1.224105958031077135e+00
9.622271173675154448e+08 1.226863777633154351e+00
1.015521127634569168e+09 1.229709103509816881e+00
1.071766885445503354e+09 1.232644047845657509e+00
1.131127876593921423e+09 1.235670792709617327e+00
1.193776641714435816e+09 1.238791516223054501e+00
1.259895277795025826e+09 1.242008611902711834e+00
1.329675967466209888e+09 1.245323919271519086e+00
1.403321537605481863e+09 1.248739757947416207e+00
1.481046048880676985e+09 1.252258223900653222e+00
1.563075417945817471e+09 1.255881499520830946e+00
1.649648074098020792e+09 1.259611487208593061e+00
1.741015652304015398e+09 1.263450340383582615e+00
1.837443724610724926e+09 1.267399638902642289e+00
1.939212572065826893e+09 1.271461745120447739e+00
2.046617999391993999e+09 1.275637921902422978e+00
2.159972194782721519e+09 1.279930368232645943e+00
2.279604637318982124e+09 1.284340135948398132e+00
2.405863054644066811e+09 1.288869173626134179e+00
2.539114433680346966e+09 1.293518635723567067e+00
2.679746087325689316e+09 1.298289708218684835e+00
2.828166780230029583e+09 1.303183490840934988e+00
2.984807916924321175e+09 1.308200919299515652e+00
3.150124795755321503e+09 1.313342546418895251e+00
3.324597932270945072e+09 1.318609320358534953e+00
3.508734455902714729e+09 1.324001075482672762e+00
3.703069584005141258e+09 1.329518112564429089e+00
3.908168177536263943e+09 1.335160488320761063e+00
4.124626382901348114e+09 1.340927767804707127e+00
4.353073364731883049e+09 1.346819186165941096e+00
4.594173134636466980e+09 1.352834176145728096e+00
4.848626481239088058e+09 1.358971461730074104e+00
5.117173007114609718e+09 1.365229921457826290e+00
5.400593278542373657e+09 1.371607767095243124e+00
5.699711094326075554e+09 1.378103233263148875e+00
6.015395880274832726e+09 1.384714175323123575e+00
6.348565216305210114e+09 1.391438464431224098e+00
6.700187503509576797e+09 1.398273054577552132e+00
7.071284778942981720e+09 1.405215652035377127e+00
7.462935686310145378e+09 1.412263219793765012e+00
7.876278611187063217e+09 1.419412553444643343e+00
8.312514989890631676e+09 1.426660265609283718e+00
8.772912801613355637e+09 1.434003027429799459e+00
9.258810253973945618e+09 1.441437590999520513e+00
9.771619672696161270e+09 1.448960463306077084e+00
1.031283160672186852e+10 1.456568125127603031e+00
1.088401916069007683e+10 1.464257006228660618e+00
1.148684256737554741e+10 1.472024266976338147e+00
1.212305401337652779e+10 1.479866888342561859e+00
1.279450273207873344e+10 1.487781738900246120e+00
1.350314037869872093e+10 1.495766584537841615e+00
1.425102670302996254e+10 1.503818842410485024e+00
1.504033553638022041e+10 1.511936993291457698e+00
1.587336111010205460e+10 1.520119390152154804e+00
1.675252472408210373e+10 1.528365434868110384e+00
1.768038178457208633e+10 1.536674486279067997e+00
1.865962923181745911e+10 1.545046260794768145e+00
1.969311337907421875e+10 1.553481608014883220e+00
2.078383818579755020e+10 1.561981237176456316e+00
2.193497398905055618e+10 1.570547110286142134e+00
2.314986671851165771e+10 1.579180776181482448e+00
2.443204762186491776e+10 1.587884426865246112e+00
2.578524352884276581e+10 1.596661025397637212e+00
2.721338768375308609e+10 1.605513392629236646e+00
2.872063117797828293e+10 1.614444596489181150e+00
3.031135501567576218e+10 1.623458190403485490e+00
3.199018284775060654e+10 1.632556698646356885e+00
3.376199441111333084e+10 1.641744300345604257e+00
3.563193971228576660e+10 1.651023193767525044e+00
3.760545399658160400e+10 1.660396564220867566e+00
3.968827354637165833e+10 1.669866676066849465e+00
4.188645235435270691e+10 1.679435684607676116e+00
4.420637972028530121e+10 1.689104849307317302e+00
4.665479882234468079e+10 1.698875807459909959e+00
4.923882631706731415e+10 1.708749107512511634e+00
5.196597302486207581e+10 1.718724705888657445e+00
5.484416576121026611e+10 1.728802728053282056e+00
5.788177037701280212e+10 1.738983033762341313e+00
6.108761607505039978e+10 1.749264611181924778e+00
6.447102107323869324e+10 1.759646921764874916e+00
6.804181968927093506e+10 1.770129232274783693e+00
7.181039092537341309e+10 1.780711286593719800e+00
7.578768863625914001e+10 1.791392748959288461e+00
7.998527336796691895e+10 1.802173590405738102e+00
8.441534596012959290e+10 1.813054529455229824e+00
8.909078300934143066e+10 1.824036535247993696e+00
9.402517429670132446e+10 1.835121594603499551e+00
9.923286228832545471e+10 1.846311305919906776e+00
1.047289838236357422e+11 1.857608655239273876e+00
1.105295141126019745e+11 1.869016405680001158e+00
1.166513131698198547e+11 1.880537193469597579e+00
1.231121748203892059e+11 1.892174085341601142e+00
1.299308784200417175e+11 1.903929570698899898e+00
1.371272434398400879e+11 1.915806730844812789e+00
1.447221870741134338e+11 1.927807321050847955e+00
1.527377850390712280e+11 1.939932928565271109e+00
1.611973357388155518e+11 1.952184869637414000e+00
1.701254279852585754e+11 1.964563974060300477e+00
1.795480124687826843e+11 1.977070562147183574e+00
1.894924771873815918e+11 1.989705229836546074e+00
1.999877270535286865e+11 2.002467901845193854e+00
2.110642679101554871e+11 2.015359839895357830e+00
2.227542951999556274e+11 2.028381784117333275e+00
2.350917875457284546e+11 2.041535228475728658e+00
2.481126055137765198e+11 2.054822701454688705e+00
2.618545958474237976e+11 2.068246244441645842e+00
2.763577014736163330e+11 2.081809114353632140e+00
2.916640776023706665e+11 2.095513931142217956e+00
3.078182142565079956e+11 2.109364108849724140e+00
3.248670655878374634e+11 2.123362211818019318e+00
3.428601863556583252e+11 2.137510680429465015e+00
3.618498759642742920e+11 2.151811004431756214e+00
3.818913304781846313e+11 2.166265015326083176e+00
4.030428030568041992e+11 2.180873454016167390e+00
4.253657732750374146e+11 2.195637939143705530e+00
4.489251258218607788e+11 2.210559218313959740e+00
4.737893390963143921e+11 2.225639554040091284e+00
5.000306842491090088e+11 2.240881296436185721e+00
5.277254352483532104e+11 2.256286763174718768e+00
5.569540905800124512e+11 2.271859689179702713e+00
5.878016072274924316e+11 2.287602983150204494e+00
6.203576476104281006e+11 2.303519908168706554e+00
6.547168402004742432e+11 2.319613336885546051e+00
6.909790545715645752e+11 2.335885193538965510e+00
7.292496916841444092e+11 2.352337746417823450e+00
7.696399902471151123e+11 2.368972954815545151e+00
8.122673500479703369e+11 2.385792265132797407e+00
8.572556731909306641e+11 2.402797952154748451e+00
9.047357242349274902e+11 2.419993453344850831e+00
9.548455102782264404e+11 2.437381763660501743e+00
1.007730682094457642e+12 2.454966392892002691e+00
1.063544957486011230e+12 2.472751097063264680e+00
1.122450568085305908e+12 2.490738635483729535e+00
1.184618730902682373e+12 2.508932361511411635e+00
1.250230145991453369e+12 2.527334108577808713e+00
1.319475521676708740e+12 2.545946721904830401e+00
1.392556128874464844e+12 2.564772622204518182e+00
1.469684386112447510e+12 2.583815362156203221e+00
1.551084476952840576e+12 2.603078672788808223e+00
1.636993001611701904e+12 2.622566448813003603e+00
1.727659664669034668e+12 2.642282886627892680e+00
1.823348000868438477e+12 2.662230881466431498e+00
1.924336141115976074e+12 2.682413393177244920e+00
2.030917620904730713e+12 2.702833786051433762e+00
2.143402233514850098e+12 2.723495026158051058e+00
2.262116930469017090e+12 2.744401277389213689e+00
2.387406771860646973e+12 2.765557015749837255e+00
2.519635929317013672e+12 2.786966148553239542e+00
2.659188744512690918e+12 2.808633225158387869e+00
2.806470846309833008e+12 2.830561420196169742e+00
2.961910329772559570e+12 2.852754223607559148e+00
3.125959000482284180e+12 2.875215504629836438e+00
3.299093687770942383e+12 2.897950216931604928e+00
3.481817630688966309e+12 2.920963553468975515e+00
3.674661940736687988e+12 2.944259058075796798e+00
3.878187145610719727e+12 2.967841552098474889e+00
4.092984818452434082e+12 2.991715126903776945e+00
4.319679297334164551e+12 3.015883977324428145e+00
4.558929499981049805e+12 3.040353227521745083e+00
4.811430839003245117e+12 3.065128518724145490e+00
5.077917243205382812e+12 3.090214011274078132e+00
5.359163290848514648e+12 3.115615353145730015e+00
5.655986461065001953e+12 3.141336745836238453e+00
5.969249509970727539e+12 3.167383219633900460e+00
6.299862978380680664e+12 3.193761412525050858e+00
6.648787838417276367e+12 3.220476104401536865e+00
7.017038286703836914e+12 3.247532930793383787e+00
7.405684692262442383e+12 3.274936849101807823e+00
7.815856707684090820e+12 3.302694120851070725e+00
8.248746552614581055e+12 3.330810406608786689e+00
8.705612479099856445e+12 3.359292438295620187e+00
9.187782428863320312e+12 3.388144962240119185e+00
9.696657893145500000e+12 3.417374695336065304e+00
1.023371798632517188e+13 3.446989068210381646e+00
1.080052374516249609e+13 3.476993283933201173e+00
1.139872266616047852e+13 3.507394507338605916e+00
1.203005349423324219e+13 3.538199015004728221e+00
1.269635127659972852e+13 3.569413640288084277e+00
1.339955269659337109e+13 3.601046491589492859e+00
1.414170170289021094e+13 3.633103358009967643e+00
1.492495545051832227e+13 3.665591430634159931e+00
1.575159057091624414e+13 3.698519030947128972e+00
1.662400978926613477e+13 3.731893673147379520e+00
1.754474890833459570e+13 3.765722989892704931e+00
1.851648417912153906e+13 3.800014278073761798e+00
1.954204007974051562e+13 3.834775772162435370e+00
2.062439752514088281e+13 3.870017556909308709e+00
2.176670253153454688e+13 3.905745130772367624e+00
2.297227536071146484e+13 3.941968539462457066e+00
2.424462017082320703e+13 3.978696642084214030e+00
2.558743520168578516e+13 4.015937230606287933e+00
2.700462352420682031e+13 4.053700908427313898e+00
2.850030438518105078e+13 4.091995861272007318e+00
3.007882518043095703e+13 4.130833113461868322e+00
3.174477409109187109e+13 4.170220828637490662e+00
3.350299341977236719e+13 4.210169359981644099e+00
3.535859366535182812e+13 4.250688586090516807e+00
3.731696837732755469e+13 4.291789380275671029e+00
3.938380983288489062e+13 4.333481649627720422e+00
4.156512558225988281e+13 4.375776661321505223e+00
4.386725591048494531e+13 4.418685969085510479e+00
4.629689226627258594e+13 4.462219976673091892e+00
4.886109671160316406e+13 4.506389310789748137e+00
5.156732244854953125e+13 4.551208288221133103e+00
5.442343548300250000e+13 4.596686187190544892e+00
5.743773748826563281e+13 4.642838028362293201e+00
6.061898993497571875e+13 4.689672853951359244e+00
6.397643955748423438e+13 4.737206719128234766e+00
6.751984523072494531e+13 4.785450959094318613e+00
7.125950633568396875e+13 4.834419916333203560e+00
7.520629269592421875e+13 4.884126106065206585e+00
7.937167617217559375e+13 4.934584092886399986e+00
8.376776400682925000e+13 4.985809308344167690e+00
8.840733401525062500e+13 5.037813457443137466e+00
9.330387172620360938e+13 5.090613730548045446e+00
9.847160957933764062e+13 5.144225932120683353e+00
1.039255682936710938e+14 5.198662789441960363e+00
1.096816005273135781e+14 5.253942933948214211e+00
1.157564369553301094e+14 5.310081023080839735e+00
1.221677348996788125e+14 5.367095911167962363e+00
1.289341296525710469e+14 5.425001170990928046e+00
1.360752886424333125e+14 5.483818262034114710e+00
1.436119685999077188e+14 5.543561178871879491e+00
1.515660758900601250e+14 5.604250299342020014e+00
1.599607301861484688e+14 5.665905540133368667e+00
1.688203316700366250e+14 5.728541848880432497e+00
1.781706319545732500e+14 5.792182719340356556e+00
1.880388089340916562e+14 5.856847343294824704e+00
1.984535457805803125e+14 5.922554491743547977e+00
2.094451143151468750e+14 5.989326037220743970e+00
2.210454629971019375e+14 6.057184440835865935e+00
2.332883097864153438e+14 6.126150194833382301e+00
2.462092401494620625e+14 6.196247307005625871e+00
2.598458104929241875e+14 6.267497002201833922e+00
2.742376573264941250e+14 6.339922504070083065e+00
2.894266124716740000e+14 6.413547850547336893e+00
3.054568246515431875e+14 6.488398997731147588e+00
3.223748878149026875e+14 6.564501354266321087e+00
3.402299765678064375e+14 6.641878973251017726e+00
3.590739891061047500e+14 6.720560294272381441e+00
3.789616980644723750e+14 6.800569842414017074e+00
3.999509097203669375e+14 6.881937482809025397e+00
4.221026320156903125e+14 6.964690563542236923e+00
4.454812518844988750e+14 7.048860257457418399e+00
4.701547224022129375e+14 7.134472156302991586e+00
4.961947603002898125e+14 7.221560284989969603e+00
5.236770544204645000e+14 7.310153707267360801e+00
5.526814857144591875e+14 7.400285812457632062e+00
5.832923594286188750e+14 7.491988398330024168e+00
6.155986501483488750e+14 7.585293557270877507e+00
6.496942604146098750e+14 7.680241744384132652e+00
6.856782936641737500e+14 7.776861816418832341e+00
7.236553422869650000e+14 7.875189992827195340e+00
7.637357916378011250e+14 7.975266655723482145e+00
8.060361408861328750e+14 8.077128496525883605e+00
8.506793416364170000e+14 8.180811385791676216e+00
8.977951553033331250e+14 8.286357804190160437e+00
9.475205302806547500e+14 8.393813099376853160e+00
1.000000000000000000e+15 8.503208453962225022e+00
