1.000000000000000000e+08 5.287788568466399441e-01
1.055386103036523014e+08 5.291419811473494494e-01
1.113839826482618302e+08 5.295179587117980757e-01
1.175531073878367543e+08 5.299072529610526772e-01
1.240639159058834314e+08 5.303103774386030977e-01
1.309353327353612185e+08 5.307277228656038792e-01
1.381873305653633475e+08 5.311598110062940581e-01
1.458409882943986356e+08 5.316071170325643580e-01
1.539185522990205288e+08 5.320702075144847498e-01
1.624435010958865285e+08 5.325495238352290217e-01
1.714406135851968527e+08 5.330456672817142083e-01
1.809360410738712847e+08 5.335591816289777523e-01
1.909573832878100574e+08 5.340906451857435622e-01
2.015337685941735208e+08 5.346407003700833771e-01
2.126959386668691933e+08 5.352097963898073685e-01
2.244763378413223922e+08 5.357987743512810930e-01
2.369092074182631969e+08 5.364081364879632607e-01
2.500306851906321347e+08 5.370386003712820377e-01
2.638789104828929305e+08 5.376908410488557832e-01
2.784941350080649853e+08 5.383655225649053300e-01
2.939188398646890521e+08 5.390634053776330870e-01
3.101978590138099790e+08 5.397851110365242677e-01
3.273785095948576927e+08 5.405315201507677747e-01
3.455107294592218399e+08 5.413033610339207380e-01
3.646472223212745190e+08 5.421013396684368768e-01
3.848436109487425089e+08 5.429264583575520442e-01
4.061585988376971483e+08 5.437793118093589007e-01
4.286541408420934081e+08 5.446608707355987677e-01
4.523956232538058162e+08 5.455719201449624745e-01
4.774520538566131592e+08 5.465134286376823747e-01
5.038962625065150261e+08 5.474861447737919828e-01
5.318051128214197159e+08 5.484910144805364984e-01
5.612597255954965353e+08 5.495290922154505431e-01
5.923457145875793695e+08 5.506011241702412073e-01
6.251534353689699173e+08 5.517081059047787006e-01
6.597782479539546967e+08 5.528510473918942791e-01
6.963207939763890505e+08 5.540308158745675948e-01
7.348872892180387974e+08 5.552484944560187596e-01
7.755898323389002085e+08 5.565049458006332550e-01
8.185467307069020271e+08 5.578012820028127594e-01
8.638828442740435600e+08 5.591383993299389177e-01
9.117299484984903336e+08 5.605173256232135470e-01
9.622271173675154448e+08 5.619390427671512311e-01
1.015521127634569168e+09 5.634044612058449752e-01
1.071766885445503354e+09 5.649147028758643163e-01
1.131127876593921423e+09 5.664706679660233002e-01
1.193776641714435816e+09 5.680732918860361691e-01
1.259895277795025826e+09 5.697235965778630895e-01
1.329675967466209888e+09 5.714223700524543315e-01
1.403321537605481863e+09 5.731706660559717781e-01
1.481046048880676985e+09 5.749692194138442680e-01
1.563075417945817471e+09 5.768189141580754020e-01
1.649648074098020792e+09 5.787206647433635887e-01
1.741015652304015398e+09 5.806750489583445418e-01
1.837443724610724926e+09 5.826829065003277242e-01
1.939212572065826893e+09 5.847449156456708819e-01
2.046617999391993999e+09 5.868615450386401866e-01
2.159972194782721519e+09 5.890334258706517723e-01
2.279604637318982124e+09 5.912610543277866393e-01
2.405863054644066811e+09 5.935447380230860492e-01
2.539114433680346966e+09 5.958848455460042937e-01
2.679746087325689316e+09 5.982816136128329410e-01
2.828166780230029583e+09 6.007351827417338752e-01
2.984807916924321175e+09 6.032455592170807845e-01
3.150124795755321503e+09 6.058126441477724722e-01
3.324597932270945072e+09 6.084364300286502214e-01
3.508734455902714729e+09 6.111164065160040737e-01
3.703069584005141258e+09 6.138523649155548378e-01
3.908168177536263943e+09 6.166436891734319303e-01
4.124626382901348114e+09 6.194898532063372043e-01
4.353073364731883049e+09 6.223900064989225100e-01
4.594173134636466980e+09 6.253434988854175147e-01
4.848626481239088058e+09 6.283490662606147081e-01
5.117173007114609718e+09 6.314058343913246940e-01
5.400593278542373657e+09 6.345125159960525174e-01
5.699711094326075554e+09 6.376679502182263093e-01
6.015395880274832726e+09 6.408707549758329014e-01
6.348565216305210114e+09 6.441194640697295304e-01
6.700187503509576797e+09 6.474125793281434449e-01
7.071284778942981720e+09 6.507486007067361244e-01
7.462935686310145378e+09 6.541258932453513086e-01
7.876278611187063217e+09 6.575430174308205533e-01
8.312514989890631676e+09 6.609983842298716716e-01
8.772912801613355637e+09 6.644904252794751054e-01
9.258810253973945618e+09 6.680177552397855711e-01
9.771619672696161270e+09 6.715789771454441226e-01
1.031283160672186852e+10 6.751728063269013536e-01
1.088401916069007683e+10 6.787981628222631292e-01
1.148684256737554741e+10 6.824540260221806376e-01
1.212305401337652779e+10 6.861396191288680058e-01
1.279450273207873344e+10 6.898543641958230221e-01
1.350314037869872093e+10 6.935977624353528714e-01
1.425102670302996254e+10 6.973697290415032946e-01
1.504033553638022041e+10 7.011702420771844801e-01
1.587336111010205460e+10 7.049995861962260468e-01
1.675252472408210373e+10 7.088583058518729274e-01
1.768038178457208633e+10 7.127469480695924897e-01
1.865962923181745911e+10 7.166665250693385891e-01
1.969311337907421875e+10 7.206181925411471179e-01
2.078383818579755020e+10 7.246030721281878639e-01
2.193497398905055618e+10 7.286223787703371979e-01
2.314986671851165771e+10 7.326777945063558395e-01
2.443204762186491776e+10 7.367707358059357725e-01
2.578524352884276581e+10 7.409025525724236561e-01
2.721338768375308609e+10 7.450748296035111240e-01
2.872063117797828293e+10 7.492887547483504385e-01
3.031135501567576218e+10 7.535455375021742341e-01
3.199018284775060654e+10 7.578464843372449966e-01
3.376199441111333084e+10 7.621923076515076945e-01
3.563193971228576660e+10 7.665838881827092832e-01
3.760545399658160400e+10 7.710214314647028111e-01
3.968827354637165833e+10 7.755054658007719537e-01
4.188645235435270691e+10 7.800360123965360826e-01
4.420637972028530121e+10 7.846128351958394642e-01
4.665479882234468079e+10 7.892360716484984051e-01
4.923882631706731415e+10 7.939052355620620505e-01
5.196597302486207581e+10 7.986199583887034770e-01
5.484416576121026611e+10 8.033800354824880419e-01
5.788177037701280212e+10 8.081851816945936351e-01
6.108761607505039978e+10 8.130353559397747176e-01
6.447102107323869324e+10 8.179307385363895344e-01
6.804181968927093506e+10 8.228715611723362855e-01
7.181039092537341309e+10 8.278583583114098587e-01
7.578768863625914001e+10 8.328920220275896069e-01
7.998527336796691895e+10 8.379733552623560566e-01
8.441534596012959290e+10 8.431035196149543332e-01
8.909078300934143066e+10 8.482840119835213244e-01
9.402517429670132446e+10 8.535159323632498518e-01
9.923286228832545471e+10 8.588007329185569638e-01
1.047289838236357422e+11 8.641396207818600184e-01
1.105295141126019745e+11 8.695336510535561780e-01
1.166513131698198547e+11 8.749839068297211586e-01
1.231121748203892059e+11 8.804908449587548480e-01
1.299308784200417175e+11 8.860551949439322561e-01
1.371272434398400879e+11 8.916771370656461082e-01
1.447221870741134338e+11 8.973570351241599852e-01
1.527377850390712280e+11 9.030949894185364979e-01
1.611973357388155518e+11 9.088910808309162981e-01
1.701254279852585754e+11 9.147458025673226301e-01
1.795480124687826843e+11 9.206595621175733823e-01
1.894924771873815918e+11 9.266331331017230166e-01
1.999877270535286865e+11 9.326675038266732942e-01
2.110642679101554871e+11 9.387639211138296691e-01
2.227542951999556274e+11 9.449236032962960996e-01
2.350917875457284546e+11 9.511479469053892855e-01
2.481126055137765198e+11 9.574383681125013812e-01
2.618545958474237976e+11 9.637960253171307112e-01
2.763577014736163330e+11 9.702219809028340691e-01
2.916640776023706665e+11 9.767169597389455671e-01
3.078182142565079956e+11 9.832816365409012827e-01
3.248670655878374634e+11 9.899165315976626855e-01
3.428601863556583252e+11 9.966221402883473912e-01
3.618498759642742920e+11 1.003399107825096337e+00
3.818913304781846313e+11 1.010248329811473722e+00
4.030428030568041992e+11 1.017170735459274056e+00
4.253657732750374146e+11 1.024167723279241216e+00
4.489251258218607788e+11 1.031240860216792399e+00
4.737893390963143921e+11 1.038391456202023777e+00
5.000306842491090088e+11 1.045620974632972766e+00
5.277254352483532104e+11 1.052930624215064448e+00
5.569540905800124512e+11 1.060321461344232219e+00
5.878016072274924316e+11 1.067794379413992356e+00
6.203576476104281006e+11 1.075350062285951980e+00
6.547168402004742432e+11 1.082989550052169125e+00
6.909790545715645752e+11 1.090713773458592106e+00
7.292496916841444092e+11 1.098524123044272383e+00
7.696399902471151123e+11 1.106422116046145598e+00
8.122673500479703369e+11 1.114409568311536036e+00
8.572556731909306641e+11 1.122487895074271824e+00
9.047357242349274902e+11 1.130658422249896322e+00
9.548455102782264404e+11 1.138922574443561819e+00
1.007730682094457642e+12 1.147281167744083286e+00
1.063544957486011230e+12 1.155735581135462375e+00
1.122450568085305908e+12 1.164286985640683003e+00
1.184618730902682373e+12 1.172936922757361167e+00
1.250230145991453369e+12 1.181687139729839853e+00
1.319475521676708740e+12 1.190539389622506716e+00
1.392556128874464844e+12 1.199495639198883801e+00
1.469684386112447510e+12 1.208556957465546589e+00
1.551084476952840576e+12 1.217724945558969818e+00
1.636993001611701904e+12 1.227001059035062625e+00
1.727659664669034668e+12 1.236386332078188710e+00
1.823348000868438477e+12 1.245883418278963539e+00
1.924336141115976074e+12 1.255493774598473777e+00
2.030917620904730713e+12 1.265219344390564382e+00
2.143402233514850098e+12 1.275062107184686822e+00
2.262116930469017090e+12 1.285023442275328165e+00
2.387406771860646973e+12 1.295105115913299798e+00
2.519635929317013672e+12 1.305308845626097725e+00
2.659188744512690918e+12 1.315636964641067941e+00
2.806470846309833008e+12 1.326091384919612981e+00
2.961910329772559570e+12 1.336674292317968193e+00
3.125959000482284180e+12 1.347387572303334835e+00
3.299093687770942383e+12 1.358233104965680171e+00
3.481817630688966309e+12 1.369212928013133324e+00
3.674661940736687988e+12 1.380329501232561151e+00
3.878187145610719727e+12 1.391584988268134815e+00
4.092984818452434082e+12 1.402981612110216991e+00
4.319679297334164551e+12 1.414521736453203893e+00
4.558929499981049805e+12 1.426207131636050729e+00
4.811430839003245117e+12 1.438040708311096871e+00
5.077917243205382812e+12 1.450024698271341839e+00
5.359163290848514648e+12 1.462161803494268497e+00
5.655986461065001953e+12 1.474454376596882499e+00
5.969249509970727539e+12 1.486904652468447496e+00
6.299862978380680664e+12 1.499515667857743706e+00
6.648787838417276367e+12 1.512290003839995345e+00
7.017038286703836914e+12 1.525230442616166915e+00
7.405684692262442383e+12 1.538339341936779903e+00
7.815856707684090820e+12 1.551619964574045607e+00
8.248746552614581055e+12 1.565074990556820200e+00
8.705612479099856445e+12 1.578707574813783321e+00
9.187782428863320312e+12 1.592520379042239309e+00
9.696657893145500000e+12 1.606516764728286972e+00
1.023371798632517188e+13 1.620699489735116128e+00
1.080052374516249609e+13 1.635072192484200437e+00
1.139872266616047852e+13 1.649637640186308651e+00
1.203005349423324219e+13 1.664399626616047678e+00
1.269635127659972852e+13 1.679361173967333976e+00
1.339955269659337109e+13 1.694525828922087030e+00
1.414170170289021094e+13 1.709897199949046209e+00
1.492495545051832227e+13 1.725478744012425958e+00
1.575159057091624414e+13 1.741274210262472755e+00
1.662400978926613477e+13 1.757287373070010483e+00
1.754474890833459570e+13 1.773521883386528275e+00
1.851648417912153906e+13 1.789981713664420715e+00
1.954204007974051562e+13 1.806671093775834347e+00
2.062439752514088281e+13 1.823593543538474027e+00
2.176670253153454688e+13 1.840753777831262150e+00
2.297227536071146484e+13 1.858155738808477064e+00
2.424462017082320703e+13 1.875803620898359059e+00
2.558743520168578516e+13 1.893702169455075524e+00
2.700462352420682031e+13 1.911855758612161837e+00
2.850030438518105078e+13 1.930268884988180389e+00
3.007882518043095703e+13 1.948946593261474014e+00
3.174477409109187109e+13 1.967893015884028651e+00
3.350299341977236719e+13 1.987113828421517292e+00
3.535859366535182812e+13 2.006613351587831495e+00
3.731696837732755469e+13 2.026397217348491875e+00
3.938380983288489062e+13 2.046470323623769794e+00
4.156512558225988281e+13 2.066838138861463836e+00
4.386725591048494531e+13 2.087506198249356792e+00
4.629689226627258594e+13 2.108480189470548272e+00
4.886109671160316406e+13 2.129765558754754817e+00
5.156732244854953125e+13 2.151368034580000366e+00
5.442343548300250000e+13 2.173293763443103987e+00
5.743773748826563281e+13 2.195549126408190777e+00
6.061898993497571875e+13 2.218139733583525341e+00
6.397643955748423438e+13 2.241072126267404041e+00
6.751984523072494531e+13 2.264352787174452875e+00
7.125950633568396875e+13 2.287988824804961574e+00
7.520629269592421875e+13 2.311986620626614641e+00
7.937167617217559375e+13 2.336352338117845484e+00
8.376776400682925000e+13 2.361094808029390979e+00
8.840733401525062500e+13 2.386220042609157321e+00
9.330387172620360938e+13 2.411735860283747090e+00
9.847160957933764062e+13 2.437649724926138628e+00
1.039255682936710938e+14 2.463969115271082977e+00
1.096816005273135781e+14 2.490702905840104897e+00
1.157564369553301094e+14 2.517858086864293909e+00
1.221677348996788125e+14 2.545443517480566964e+00
1.289341296525710469e+14 2.573467529247424057e+00
1.360752886424333125e+14 2.601939176509496576e+00
1.436119685999077188e+14 2.630866540869634562e+00
1.515660758900601250e+14 2.660259941803497785e+00
1.599607301861484688e+14 2.690127540047068777e+00
1.688203316700366250e+14 2.720479608197393873e+00
1.781706319545732500e+14 2.751325093797847732e+00
1.880388089340916562e+14 2.782674956466992811e+00
1.984535457805803125e+14 2.814538556801413627e+00
2.094451143151468750e+14 2.846926423102157155e+00
2.210454629971019375e+14 2.879849645158965465e+00
2.332883097864153438e+14 2.913319237187731670e+00
2.462092401494620625e+14 2.947345787548701246e+00
2.598458104929241875e+14 2.981941599266798804e+00
2.742376573264941250e+14 3.017117304769228348e+00
2.894266124716740000e+14 3.052885694617572199e+00
3.054568246515431875e+14 3.089259229090117298e+00
3.223748878149026875e+14 3.126250014879367711e+00
3.402299765678064375e+14 3.163870839311769600e+00
3.590739891061047500e+14 3.202135570380261420e+00
3.789616980644723750e+14 3.241057632574007474e+00
3.999509097203669375e+14 3.280650176225328618e+00
4.221026320156903125e+14 3.320928289786857057e+00
4.454812518844988750e+14 3.361905452903972691e+00
4.701547224022129375e+14 3.403596907609162781e+00
4.961947603002898125e+14 3.446019167193966393e+00
5.236770544204645000e+14 3.489186269142339647e+00
5.526814857144591875e+14 3.533114743375093347e+00
5.832923594286188750e+14 3.577821723972955059e+00
6.155986501483488750e+14 3.623322962877713938e+00
6.496942604146098750e+14 3.669636241021308809e+00
6.856782936641737500e+14 3.716779304328256206e+00
7.236553422869650000e+14 3.764769373579344158e+00
7.637357916378011250e+14 3.813626483033551562e+00
8.060361408861328750e+14 3.863368956301768353e+00
8.506793416364170000e+14 3.914016628041015355e+00
8.977951553033331250e+14 3.965588845099600857e+00
9.475205302806547500e+14 4.018106170162497826e+00
1.000000000000000000e+15 4.071589217089250923e+00
