1.000000000000000000e+08 7.914605710301839681e-01
1.055386103036523014e+08 7.919470767786480625e-01
1.113839826482618302e+08 7.924508293049213892e-01
1.175531073878367543e+08 7.929725307937217638e-01
1.240639159058834314e+08 7.935127758573563561e-01
1.309353327353612185e+08 7.940722292209609900e-01
1.381873305653633475e+08 7.946514832854496557e-01
1.458409882943986356e+08 7.952512298364050602e-01
1.539185522990205288e+08 7.958721600792320050e-01
1.624435010958865285e+08 7.965150353944322470e-01
1.714406135851968527e+08 7.971806732527141337e-01
1.809360410738712847e+08 7.978696174921274809e-01
1.909573832878100574e+08 7.985828149057409009e-01
2.015337685941735208e+08 7.993210110151093284e-01
2.126959386668691933e+08 8.000851866547363800e-01
2.244763378413223922e+08 8.008760287533365219e-01
2.369092074182631969e+08 8.016944739220512872e-01
2.500306851906321347e+08 8.025414032995262792e-01
2.638789104828929305e+08 8.034178002003025121e-01
2.784941350080649853e+08 8.043245704722975509e-01
2.939188398646890521e+08 8.052627392633096015e-01
3.101978590138099790e+08 8.062334371084084461e-01
3.273785095948576927e+08 8.072374129770364393e-01
3.455107294592218399e+08 8.082759660888113595e-01
3.646472223212745190e+08 8.093500736915171245e-01
3.848436109487425089e+08 8.104610060689916295e-01
4.061585988376971483e+08 8.116096342182570478e-01
4.286541408420934081e+08 8.127974041593430954e-01
4.523956232538058162e+08 8.140254713891195149e-01
4.774520538566131592e+08 8.152949212071927132e-01
5.038962625065150261e+08 8.166070283881006198e-01
5.318051128214197159e+08 8.179631653598271601e-01
5.612597255954965353e+08 8.193645721790034919e-01
5.923457145875793695e+08 8.208125995438192435e-01
6.251534353689699173e+08 8.223085382871796467e-01
6.597782479539546967e+08 8.238538302768808608e-01
6.963207939763890505e+08 8.254497577542792008e-01
7.348872892180387974e+08 8.270979209121162024e-01
7.755898323389002085e+08 8.287995955346261212e-01
8.185467307069020271e+08 8.305561702365569232e-01
8.638828442740435600e+08 8.323692429964356654e-01
9.117299484984903336e+08 8.342401596440329747e-01
9.622271173675154448e+08 8.361705004044581724e-01
1.015521127634569168e+09 8.381618076624389735e-01
1.071766885445503354e+09 8.402153000690417706e-01
1.131127876593921423e+09 8.423326769975273409e-01
1.193776641714435816e+09 8.445154106565498919e-01
1.259895277795025826e+09 8.467648367116253905e-01
1.329675967466209888e+09 8.490826114111941214e-01
1.403321537605481863e+09 8.514700656167948356e-01
1.481046048880676985e+09 8.539285981377479073e-01
1.563075417945817471e+09 8.564596131379870192e-01
1.649648074098020792e+09 8.590644733486868523e-01
1.741015652304015398e+09 8.617445181387349828e-01
1.837443724610724926e+09 8.645010061201835461e-01
1.939212572065826893e+09 8.673352098783979613e-01
2.046617999391993999e+09 8.702481402026555068e-01
2.159972194782721519e+09 8.732410881732183272e-01
2.279604637318982124e+09 8.763148918674302790e-01
2.405863054644066811e+09 8.794704737717302656e-01
2.539114433680346966e+09 8.827088574257186959e-01
2.679746087325689316e+09 8.860305275018606208e-01
2.828166780230029583e+09 8.894363807976271019e-01
2.984807916924321175e+09 8.929265690868479766e-01
3.150124795755321503e+09 8.965017175400172844e-01
3.324597932270945072e+09 9.001619776498570591e-01
3.508734455902714729e+09 9.039075488625605281e-01
3.703069584005141258e+09 9.077382021790185718e-01
3.908168177536263943e+09 9.116538366768758284e-01
4.124626382901348114e+09 9.156540924799961845e-01
4.353073364731883049e+09 9.197382482683197358e-01
4.594173134636466980e+09 9.239057745007527300e-01
4.848626481239088058e+09 9.281557114885058413e-01
5.117173007114609718e+09 9.324870441893918782e-01
5.400593278542373657e+09 9.368982123895960301e-01
5.699711094326075554e+09 9.413883534061125991e-01
6.015395880274832726e+09 9.459554455272340956e-01
6.348565216305210114e+09 9.505980610623804283e-01
6.700187503509576797e+09 9.553140569356121103e-01
7.071284778942981720e+09 9.601014691135948409e-01
7.462935686310145378e+09 9.649583824083495243e-01
7.876278611187063217e+09 9.698823926340616186e-01
8.312514989890631676e+09 9.748712592436930002e-01
8.772912801613355637e+09 9.799226325301420015e-01
9.258810253973945618e+09 9.850343614141494619e-01
9.771619672696161270e+09 9.902038632314030808e-01
1.031283160672186852e+10 9.954287552502504299e-01
1.088401916069007683e+10 1.000707359809535291e+00
1.148684256737554741e+10 1.006037115700286533e+00
1.212305401337652779e+10 1.011416226518703221e+00
1.279450273207873344e+10 1.016842861824415190e+00
1.350314037869872093e+10 1.022315755539314974e+00
1.425102670302996254e+10 1.027833586402339794e+00
1.504033553638022041e+10 1.033395006897786850e+00
1.587336111010205460e+10 1.038999712864888680e+00
1.675252472408210373e+10 1.044647334525075522e+00
1.768038178457208633e+10 1.050337579674594179e+00
1.865962923181745911e+10 1.056071067908323391e+00
1.969311337907421875e+10 1.061848306269924214e+00
2.078383818579755020e+10 1.067670218692934103e+00
2.193497398905055618e+10 1.073538371374352485e+00
2.314986671851165771e+10 1.079453943763422963e+00
2.443204762186491776e+10 1.085418895196486933e+00
2.578524352884276581e+10 1.091435414342239785e+00
2.721338768375308609e+10 1.097505136552540561e+00
2.872063117797828293e+10 1.103630726282519348e+00
3.031135501567576218e+10 1.109814142125476577e+00
3.199018284775060654e+10 1.116057634898090622e+00
3.376199441111333084e+10 1.122363439304270072e+00
3.563193971228576660e+10 1.128733197251629905e+00
3.760545399658160400e+10 1.135168504438810233e+00
3.968827354637165833e+10 1.141671077926207367e+00
4.188645235435270691e+10 1.148241774241886670e+00
4.420637972028530121e+10 1.154881555665515647e+00
4.665479882234468079e+10 1.161590807216479115e+00
4.923882631706731415e+10 1.168369777926361985e+00
5.196597302486207581e+10 1.175218462512604534e+00
5.484416576121026611e+10 1.182136728375750678e+00
5.788177037701280212e+10 1.189123719695082793e+00
6.108761607505039978e+10 1.196179428082852381e+00
6.447102107323869324e+10 1.203303272823747605e+00
6.804181968927093506e+10 1.210494772227802773e+00
7.181039092537341309e+10 1.217753852813818982e+00
7.578768863625914001e+10 1.225080527478273895e+00
7.998527336796691895e+10 1.232475243681220523e+00
8.441534596012959290e+10 1.239938754794144060e+00
8.909078300934143066e+10 1.247472228304562947e+00
9.402517429670132446e+10 1.255076726332062576e+00
9.923286228832545471e+10 1.262754140599936292e+00
1.047289838236357422e+11 1.270506630666136116e+00
1.105295141126019745e+11 1.278335607010876451e+00
1.166513131698198547e+11 1.286243666066763325e+00
1.231121748203892059e+11 1.294232439808896240e+00
1.299308784200417175e+11 1.302303489889584664e+00
1.371272434398400879e+11 1.310458538636184000e+00
1.447221870741134338e+11 1.318698473264400928e+00
1.527377850390712280e+11 1.327024258863312323e+00
1.611973357388155518e+11 1.335436390299182596e+00
1.701254279852585754e+11 1.343935408654291619e+00
1.795480124687826843e+11 1.352521121929439962e+00
1.894924771873815918e+11 1.361194549215135163e+00
1.999877270535286865e+11 1.369955319003187677e+00
2.110642679101554871e+11 1.378804569999578122e+00
2.227542951999556274e+11 1.387743273164725233e+00
2.350917875457284546e+11 1.396772708545670705e+00
2.481126055137765198e+11 1.405894811088032048e+00
2.618545958474237976e+11 1.415111253312665074e+00
2.763577014736163330e+11 1.424424537602160701e+00
2.916640776023706665e+11 1.433836130504861472e+00
3.078182142565079956e+11 1.443348299552744907e+00
3.248670655878374634e+11 1.452962625450441525e+00
3.428601863556583252e+11 1.462680140612477420e+00
3.618498759642742920e+11 1.472501874453687298e+00
3.818913304781846313e+11 1.482429031291712551e+00
4.030428030568041992e+11 1.492461847379580320e+00
4.253657732750374146e+11 1.502601563421254838e+00
4.489251258218607788e+11 1.512849200593515908e+00
4.737893390963143921e+11 1.523206329335686560e+00
5.000306842491090088e+11 1.533674835260221636e+00
5.277254352483532104e+11 1.544257001700954479e+00
5.569540905800124512e+11 1.554954753618009056e+00
5.878016072274924316e+11 1.565770424321277998e+00
6.203576476104281006e+11 1.576706115540992492e+00
6.547168402004742432e+11 1.587763347909734390e+00
6.909790545715645752e+11 1.598943022982862727e+00
7.292496916841444092e+11 1.610246745311856964e+00
7.696399902471151123e+11 1.621675895571961679e+00
8.122673500479703369e+11 1.633231241968388758e+00
8.572556731909306641e+11 1.644915625620786637e+00
9.047357242349274902e+11 1.656731084205649740e+00
9.548455102782264404e+11 1.668679825745129630e+00
1.007730682094457642e+12 1.680764478305183385e+00
1.063544957486011230e+12 1.692986958366504924e+00
1.122450568085305908e+12 1.705349413161740824e+00
1.184618730902682373e+12 1.717853443558104987e+00
1.250230145991453369e+12 1.730500430946648960e+00
1.319475521676708740e+12 1.743292597159755930e+00
1.392556128874464844e+12 1.756231926965400980e+00
1.469684386112447510e+12 1.769320968076974587e+00
1.551084476952840576e+12 1.782562571102037863e+00
1.636993001611701904e+12 1.795959271787601619e+00
1.727659664669034668e+12 1.809513566905732063e+00
1.823348000868438477e+12 1.823227145661525883e+00
1.924336141115976074e+12 1.837102086010834689e+00
2.030917620904730713e+12 1.851141091241062187e+00
2.143402233514850098e+12 1.865346314543786743e+00
2.262116930469017090e+12 1.879720730804528950e+00
2.387406771860646973e+12 1.894267564216925770e+00
2.519635929317013672e+12 1.908989627838917791e+00
2.659188744512690918e+12 1.923888986856730821e+00
2.806470846309833008e+12 1.938968025232532755e+00
2.961910329772559570e+12 1.954229648120236362e+00
3.125959000482284180e+12 1.969676898962926748e+00
3.299093687770942383e+12 1.985313141921354996e+00
3.481817630688966309e+12 2.001141397121696475e+00
3.674661940736687988e+12 2.017164365957445860e+00
3.878187145610719727e+12 2.033385141547302766e+00
4.092984818452434082e+12 2.049806462031543042e+00
4.319679297334164551e+12 2.066431926782676065e+00
4.558929499981049805e+12 2.083265141808656296e+00
4.811430839003245117e+12 2.100309275020494582e+00
5.077917243205382812e+12 2.117567908842547642e+00
5.359163290848514648e+12 2.135043811492943533e+00
5.655986461065001953e+12 2.152740504700123125e+00
5.969249509970727539e+12 2.170662612268122960e+00
6.299862978380680664e+12 2.188813068558888020e+00
6.648787838417276367e+12 2.207196074814941955e+00
7.017038286703836914e+12 2.225814952678554448e+00
7.405684692262442383e+12 2.244673405950226019e+00
7.815856707684090820e+12 2.263776342006290854e+00
8.248746552614581055e+12 2.283126972720289416e+00
8.705612479099856445e+12 2.302729832875117122e+00
9.187782428863320312e+12 2.322589312736574207e+00
9.696657893145500000e+12 2.342709084750777659e+00
1.023371798632517188e+13 2.363093936218434443e+00
1.080052374516249609e+13 2.383748313020392029e+00
1.139872266616047852e+13 2.404677008749207534e+00
1.203005349423324219e+13 2.425884246353692930e+00
1.269635127659972852e+13 2.447374752028348865e+00
1.339955269659337109e+13 2.469153792812416537e+00
1.414170170289021094e+13 2.491226268818975687e+00
1.492495545051832227e+13 2.513596812947728854e+00
1.575159057091624414e+13 2.536270576174835423e+00
1.662400978926613477e+13 2.559253447293661665e+00
1.754474890833459570e+13 2.582550097092138675e+00
1.851648417912153906e+13 2.606166588228900238e+00
1.954204007974051562e+13 2.630108099028658941e+00
2.062439752514088281e+13 2.654380626825881162e+00
2.176670253153454688e+13 2.678989438927856348e+00
2.297227536071146484e+13 2.703940995564918293e+00
2.424462017082320703e+13 2.729241269864211894e+00
2.558743520168578516e+13 2.754895975366423500e+00
2.700462352420682031e+13 2.780912387846084410e+00
2.850030438518105078e+13 2.807295848586139897e+00
3.007882518043095703e+13 2.834053576682442177e+00
3.174477409109187109e+13 2.861192425032015763e+00
3.350299341977236719e+13 2.888718929884440012e+00
3.535859366535182812e+13 2.916640543440255584e+00
3.731696837732755469e+13 2.944963921375076232e+00
3.938380983288489062e+13 2.973696375224907484e+00
4.156512558225988281e+13 3.002845989832710671e+00
4.386725591048494531e+13 3.032419856611278774e+00
4.629689226627258594e+13 3.062425838085261809e+00
4.886109671160316406e+13 3.092872062867506155e+00
5.156732244854953125e+13 3.123766456641086986e+00
5.442343548300250000e+13 3.155117210945254325e+00
5.743773748826563281e+13 3.186933539170765162e+00
6.061898993497571875e+13 3.219223663764332777e+00
6.397643955748423438e+13 3.251996591464292763e+00
6.751984523072494531e+13 3.285261485391365976e+00
7.125950633568396875e+13 3.319027069901176574e+00
7.520629269592421875e+13 3.353302937092348390e+00
7.937167617217559375e+13 3.388098727651931874e+00
8.376776400682925000e+13 3.423425473776154693e+00
8.840733401525062500e+13 3.459292594619750805e+00
9.330387172620360938e+13 3.495710163372166335e+00
9.847160957933764062e+13 3.532689072455735602e+00
1.039255682936710938e+14 3.570238994299542057e+00
1.096816005273135781e+14 3.608373059041277919e+00
1.157564369553301094e+14 3.647101065487273530e+00
1.221677348996788125e+14 3.686435163696745398e+00
1.289341296525710469e+14 3.726386720035339106e+00
1.360752886424333125e+14 3.766968818532080654e+00
1.436119685999077188e+14 3.808192734533384805e+00
1.515660758900601250e+14 3.850071492131150297e+00
1.599607301861484688e+14 3.892619296102846516e+00
1.688203316700366250e+14 3.935847141741592115e+00
1.781706319545732500e+14 3.979770027794827136e+00
1.880388089340916562e+14 4.024401594074656252e+00
1.984535457805803125e+14 4.069756233559187919e+00
2.094451143151468750e+14 4.115848342136317228e+00
2.210454629971019375e+14 4.162691726648243495e+00
2.332883097864153438e+14 4.210303113399215924e+00
2.462092401494620625e+14 4.258698118301211366e+00
2.598458104929241875e+14 4.307890816265297573e+00
2.742376573264941250e+14 4.357900191660870171e+00
2.894266124716740000e+14 4.408740329876243536e+00
3.054568246515431875e+14 4.460430779420748948e+00
3.223748878149026875e+14 4.512986736574599256e+00
3.402299765678064375e+14 4.566428161640084582e+00
3.590739891061047500e+14 4.620771286816671264e+00
3.789616980644723750e+14 4.676036206393559880e+00
3.999509097203669375e+14 4.732242691096375964e+00
4.221026320156903125e+14 4.789409505951697454e+00
4.454812518844988750e+14 4.847557572290559058e+00
4.701547224022129375e+14 4.906705714796552265e+00
4.961947603002898125e+14 4.966877786173108156e+00
5.236770544204645000e+14 5.028093424174736370e+00
5.526814857144591875e+14 5.090374945044125354e+00
5.832923594286188750e+14 5.153748138775472221e+00
6.155986501483488750e+14 5.218232247985317152e+00
6.496942604146098750e+14 5.283852760139158278e+00
6.856782936641737500e+14 5.350634991190478473e+00
7.236553422869650000e+14 5.418602576326626341e+00
7.637357916378011250e+14 5.487782165340916229e+00
8.060361408861328750e+14 5.558200962819430657e+00
8.506793416364170000e+14 5.629884155001054324e+00
8.977951553033331250e+14 5.702858640079488062e+00
9.475205302806547500e+14 5.777156269042573733e+00
1.000000000000000000e+15 5.852803937776363874e+00
