1.000000000000000000e+08 1.513454949242950098e+00
1.055386103036523014e+08 1.514349131742759091e+00
1.113839826482618302e+08 1.515274938023094986e+00
1.175531073878367543e+08 1.516233837148535990e+00
1.240639159058834314e+08 1.517226941772462645e+00
1.309353327353612185e+08 1.518255018017254043e+00
1.381873305653633475e+08 1.519320113580419074e+00
1.458409882943986356e+08 1.520422463233154886e+00
1.539185522990205288e+08 1.521563996264164720e+00
1.624435010958865285e+08 1.522746190385125153e+00
1.714406135851968527e+08 1.523969860060318426e+00
1.809360410738712847e+08 1.525236680382831889e+00
1.909573832878100574e+08 1.526548202145623367e+00
2.015337685941735208e+08 1.527905949132743357e+00
2.126959386668691933e+08 1.529311075562745925e+00
2.244763378413223922e+08 1.530765445768515809e+00
2.369092074182631969e+08 1.532270998109028559e+00
2.500306851906321347e+08 1.533828903877066496e+00
2.638789104828929305e+08 1.535441182919915937e+00
2.784941350080649853e+08 1.537109441049093084e+00
2.939188398646890521e+08 1.538835734067962591e+00
3.101978590138099790e+08 1.540621459547087069e+00
3.273785095948576927e+08 1.542469442818364955e+00
3.455107294592218399e+08 1.544380879743212143e+00
3.646472223212745190e+08 1.546357965560092751e+00
3.848436109487425089e+08 1.548402867752587841e+00
4.061585988376971483e+08 1.550517858179598196e+00
4.286541408420934081e+08 1.552704821316334360e+00
4.523956232538058162e+08 1.554966004884033914e+00
4.774520538566131592e+08 1.557304003589297547e+00
5.038962625065150261e+08 1.559720899770794311e+00
5.318051128214197159e+08 1.562219091063429932e+00
5.612597255954965353e+08 1.564801098149740222e+00
5.923457145875793695e+08 1.567469471765699840e+00
6.251534353689699173e+08 1.570226505986554333e+00
6.597782479539546967e+08 1.573074998022249149e+00
6.963207939763890505e+08 1.576017423764517922e+00
7.348872892180387974e+08 1.579056371626408328e+00
7.755898323389002085e+08 1.582194846788764986e+00
8.185467307069020271e+08 1.585435019949284152e+00
8.638828442740435600e+08 1.588780251590687920e+00
9.117299484984903336e+08 1.592232916819589894e+00
9.622271173675154448e+08 1.595796135282036454e+00
1.015521127634569168e+09 1.599472484101359226e+00
1.071766885445503354e+09 1.603264785103477807e+00
1.131127876593921423e+09 1.607176050847603399e+00
1.193776641714435816e+09 1.611208933612413574e+00
1.259895277795025826e+09 1.615366389254952129e+00
1.329675967466209888e+09 1.619651309500241387e+00
1.403321537605481863e+09 1.624066307142064902e+00
1.481046048880676985e+09 1.628614281492276827e+00
1.563075417945817471e+09 1.633297644527708981e+00
1.649648074098020792e+09 1.638119812216414228e+00
1.741015652304015398e+09 1.643082843538541171e+00
1.837443724610724926e+09 1.648189059387567212e+00
1.939212572065826893e+09 1.653441391712697106e+00
2.046617999391993999e+09 1.658841757372734760e+00
2.159972194782721519e+09 1.664392919874950305e+00
2.279604637318982124e+09 1.670096476199614211e+00
2.405863054644066811e+09 1.675954600390249905e+00
2.539114433680346966e+09 1.681969073175230367e+00
2.679746087325689316e+09 1.688141532055519978e+00
2.828166780230029583e+09 1.694473380469306845e+00
2.984807916924321175e+09 1.700965817214834752e+00
3.150124795755321503e+09 1.707619995321427275e+00
3.324597932270945072e+09 1.714436378099548408e+00
3.508734455902714729e+09 1.721415776918702178e+00
3.703069584005141258e+09 1.728558058522001284e+00
3.908168177536263943e+09 1.735863549547087548e+00
4.124626382901348114e+09 1.743331523397067873e+00
4.353073364731883049e+09 1.750961397946583675e+00
4.594173134636466980e+09 1.758752268049548206e+00
4.848626481239088058e+09 1.766702845559344759e+00
5.117173007114609718e+09 1.774811411421947538e+00
5.400593278542373657e+09 1.783075887411128102e+00
5.699711094326075554e+09 1.791493868785036803e+00
6.015395880274832726e+09 1.800063055152266500e+00
6.348565216305210114e+09 1.808780253555738460e+00
6.700187503509576797e+09 1.817642165135293641e+00
7.071284778942981720e+09 1.826645288917497112e+00
7.462935686310145378e+09 1.835785574451910485e+00
7.876278611187063217e+09 1.845059643443403008e+00
8.312514989890631676e+09 1.854462524164672388e+00
8.772912801613355637e+09 1.863990185061417337e+00
9.258810253973945618e+09 1.873638560397776764e+00
9.771619672696161270e+09 1.883402519998653046e+00
1.031283160672186852e+10 1.893277992571286594e+00
1.088401916069007683e+10 1.903260379792777401e+00
1.148684256737554741e+10 1.913345637511045583e+00
1.212305401337652779e+10 1.923529476226950585e+00
1.279450273207873344e+10 1.933808645118531011e+00
1.350314037869872093e+10 1.944179236469813166e+00
1.425102670302996254e+10 1.954638502264371747e+00
1.504033553638022041e+10 1.965183872505530394e+00
1.587336111010205460e+10 1.975813153885211726e+00
1.675252472408210373e+10 1.986525575046702352e+00
1.768038178457208633e+10 1.997319870229681049e+00
1.865962923181745911e+10 2.008196098088581572e+00
1.969311337907421875e+10 2.019154710002473152e+00
2.078383818579755020e+10 2.030196805283642991e+00
2.193497398905055618e+10 2.041324184637984818e+00
2.314986671851165771e+10 2.052539320156897329e+00
2.443204762186491776e+10 2.063844957503961464e+00
2.578524352884276581e+10 2.075244655226943458e+00
2.721338768375308609e+10 2.086741712500006951e+00
2.872063117797828293e+10 2.098341061710488287e+00
3.031135501567576218e+10 2.110045991892729678e+00
3.199018284775060654e+10 2.121861388172238350e+00
3.376199441111333084e+10 2.133790771821220567e+00
3.563193971228576660e+10 2.145838536500209504e+00
3.760545399658160400e+10 2.158008332065552537e+00
3.968827354637165833e+10 2.170303295560756851e+00
4.188645235435270691e+10 2.182726562406583248e+00
4.420637972028530121e+10 2.195279835724593287e+00
4.665479882234468079e+10 2.207965052446021037e+00
4.923882631706731415e+10 2.220783269945810989e+00
5.196597302486207581e+10 2.233734666963441917e+00
5.484416576121026611e+10 2.246819814262763781e+00
5.788177037701280212e+10 2.260037539522126604e+00
6.108761607505039978e+10 2.273387383119117811e+00
6.447102107323869324e+10 2.286869214803993966e+00
6.804181968927093506e+10 2.300480951355857062e+00
7.181039092537341309e+10 2.314222356482298348e+00
7.578768863625914001e+10 2.328093213431578601e+00
7.998527336796691895e+10 2.342093374428543928e+00
8.441534596012959290e+10 2.356223716968323778e+00
8.909078300934143066e+10 2.370485239363472552e+00
9.402517429670132446e+10 2.384880033880811379e+00
9.923286228832545471e+10 2.399410842155917045e+00
1.047289838236357422e+11 2.414080372843862232e+00
1.105295141126019745e+11 2.428893011263927093e+00
1.166513131698198547e+11 2.443851535425611843e+00
1.231121748203892059e+11 2.458960625106427766e+00
1.299308784200417175e+11 2.474223427660747099e+00
1.371272434398400879e+11 2.489643672393572871e+00
1.447221870741134338e+11 2.505223805081137289e+00
1.527377850390712280e+11 2.520966592263468531e+00
1.611973357388155518e+11 2.536873197944581548e+00
1.701254279852585754e+11 2.552944827803382832e+00
1.795480124687826843e+11 2.569182591362809465e+00
1.894924771873815918e+11 2.585586756097922212e+00
1.999877270535286865e+11 2.602157696233641460e+00
2.110642679101554871e+11 2.618896266117906269e+00
2.227542951999556274e+11 2.635803646959565150e+00
2.350917875457284546e+11 2.652882253481351871e+00
2.481126055137765198e+11 2.670133635169768205e+00
2.618545958474237976e+11 2.687562092247354872e+00
2.763577014736163330e+11 2.705170692598698690e+00
2.916640776023706665e+11 2.722963052700400066e+00
3.078182142565079956e+11 2.740943845328130291e+00
3.248670655878374634e+11 2.759116177161454964e+00
3.428601863556583252e+11 2.777483473043147022e+00
3.618498759642742920e+11 2.796048166177859784e+00
3.818913304781846313e+11 2.814812132445291937e+00
4.030428030568041992e+11 2.833777066735074346e+00
4.253657732750374146e+11 2.852944430672698761e+00
4.489251258218607788e+11 2.872316207878161887e+00
4.737893390963143921e+11 2.891893641836932538e+00
5.000306842491090088e+11 2.911680381433262799e+00
5.277254352483532104e+11 2.931679507110416250e+00
5.569540905800124512e+11 2.951895333540610622e+00
5.878016072274924316e+11 2.972331917664684298e+00
6.203576476104281006e+11 2.992993770741358084e+00
6.547168402004742432e+11 3.013884392085126596e+00
6.909790545715645752e+11 3.035006713874962347e+00
7.292496916841444092e+11 3.056363725974970080e+00
7.696399902471151123e+11 3.077957653652369174e+00
8.122673500479703369e+11 3.099790552276290967e+00
8.572556731909306641e+11 3.121865565927622654e+00
9.047357242349274902e+11 3.144186665793140101e+00
9.548455102782264404e+11 3.166757180383412251e+00
1.007730682094457642e+12 3.189582421214431029e+00
1.063544957486011230e+12 3.212666931291683792e+00
1.122450568085305908e+12 3.236014809262655501e+00
1.184618730902682373e+12 3.259629848144299569e+00
1.250230145991453369e+12 3.283515242664921452e+00
1.319475521676708740e+12 3.307674371217346643e+00
1.392556128874464844e+12 3.332109736643778408e+00
1.469684386112447510e+12 3.356826226407942038e+00
1.551084476952840576e+12 3.381828746028893828e+00
1.636993001611701904e+12 3.407122575692716815e+00
1.727659664669034668e+12 3.432712258737582900e+00
1.823348000868438477e+12 3.458602470563331810e+00
1.924336141115976074e+12 3.484797252734728623e+00
2.030917620904730713e+12 3.511300795103814654e+00
2.143402233514850098e+12 3.538116267135578141e+00
2.262116930469017090e+12 3.565249697728532841e+00
2.387406771860646973e+12 3.592706263204111572e+00
2.519635929317013672e+12 3.620491600165311130e+00
2.659188744512690918e+12 3.648611559114158798e+00
2.806470846309833008e+12 3.677069454949223992e+00
2.961910329772559570e+12 3.705871827452801526e+00
3.125959000482284180e+12 3.735021942269186823e+00
3.299093687770942383e+12 3.764526151411311528e+00
3.481817630688966309e+12 3.794391281001552318e+00
3.674661940736687988e+12 3.824622430388691541e+00
3.878187145610719727e+12 3.855226119073377422e+00
4.092984818452434082e+12 3.886207576677253250e+00
4.319679297334164551e+12 3.917571227894612651e+00
4.558929499981049805e+12 3.949324863110851069e+00
4.811430839003245117e+12 3.981474991561326338e+00
5.077917243205382812e+12 4.014027851747783870e+00
5.359163290848514648e+12 4.046990073159091317e+00
5.655986461065001953e+12 4.080366452161577229e+00
5.969249509970727539e+12 4.114165363753746085e+00
6.299862978380680664e+12 4.148393467881493990e+00
6.648787838417276367e+12 4.183058442161431856e+00
7.017038286703836914e+12 4.218166775222021769e+00
7.405684692262442383e+12 4.253725383903174340e+00
7.815856707684090820e+12 4.289741761971507472e+00
8.248746552614581055e+12 4.326223493188889435e+00
8.705612479099856445e+12 4.363179454146546732e+00
9.187782428863320312e+12 4.400616821660362277e+00
9.696657893145500000e+12 4.438542561441289003e+00
1.023371798632517188e+13 4.476965995016183086e+00
1.080052374516249609e+13 4.515896094371352198e+00
1.139872266616047852e+13 4.555339951924217701e+00
1.203005349423324219e+13 4.595307284801921632e+00
1.269635127659972852e+13 4.635805939267634734e+00
1.339955269659337109e+13 4.676846149296331134e+00
1.414170170289021094e+13 4.718436534932381576e+00
1.492495545051832227e+13 4.760586103533889002e+00
1.575159057091624414e+13 4.803306045153128423e+00
1.662400978926613477e+13 4.846604859363988993e+00
1.754474890833459570e+13 4.890493138680813701e+00
1.851648417912153906e+13 4.934979606269433106e+00
1.954204007974051562e+13 4.980076714489218404e+00
2.062439752514088281e+13 5.025794402454577536e+00
2.176670253153454688e+13 5.072143153457929543e+00
2.297227536071146484e+13 5.119134277586241843e+00
2.424462017082320703e+13 5.166779615034374551e+00
2.558743520168578516e+13 5.215090743546114460e+00
2.700462352420682031e+13 5.264078107251068062e+00
2.850030438518105078e+13 5.313755062192666578e+00
3.007882518043095703e+13 5.364133629905141198e+00
3.174477409109187109e+13 5.415226011568262443e+00
3.350299341977236719e+13 5.467044893112575465e+00
3.535859366535182812e+13 5.519603964536326401e+00
3.731696837732755469e+13 5.572917300294931486e+00
3.938380983288489062e+13 5.626997400875992206e+00
4.156512558225988281e+13 5.681857402344534513e+00
4.386725591048494531e+13 5.737512684735198043e+00
4.629689226627258594e+13 5.793979547725051304e+00
4.886109671160316406e+13 5.851269888702274713e+00
5.156732244854953125e+13 5.909400188036322277e+00
5.442343548300250000e+13 5.968386818666977511e+00
5.743773748826563281e+13 6.028244642824061472e+00
6.061898993497571875e+13 6.088989737627432675e+00
6.397643955748423438e+13 6.150639214397230603e+00
6.751984523072494531e+13 6.213209451599135846e+00
7.125950633568396875e+13 6.276717994103036879e+00
7.520629269592421875e+13 6.341181712802637094e+00
7.937167617217559375e+13 6.406621252758267993e+00
8.376776400682925000e+13 6.473052581767328562e+00
8.840733401525062500e+13 6.540495833379080359e+00
9.330387172620360938e+13 6.608970075147266421e+00
9.847160957933764062e+13 6.678494213310895766e+00
1.039255682936710938e+14 6.749088574154527009e+00
1.096816005273135781e+14 6.820775794575678397e+00
1.157564369553301094e+14 6.893573754410336818e+00
1.221677348996788125e+14 6.967506598008871954e+00
1.289341296525710469e+14 7.042592962220976638e+00
1.360752886424333125e+14 7.118862839594529035e+00
1.436119685999077188e+14 7.196333167281204979e+00
1.515660758900601250e+14 7.275025620146756467e+00
1.599607301861484688e+14 7.354970648482622053e+00
1.688203316700366250e+14 7.436190553413264404e+00
1.781706319545732500e+14 7.518708303401217208e+00
1.880388089340916562e+14 7.602549829239338308e+00
1.984535457805803125e+14 7.687750346049293526e+00
2.094451143151468750e+14 7.774325767793175856e+00
2.210454629971019375e+14 7.862308115922102658e+00
2.332883097864153438e+14 7.951724892835575709e+00
2.462092401494620625e+14 8.042605679511014571e+00
2.598458104929241875e+14 8.134979622864452864e+00
2.742376573264941250e+14 8.228878429677244810e+00
2.894266124716740000e+14 8.324331124460606190e+00
3.054568246515431875e+14 8.421373342336751833e+00
3.223748878149026875e+14 8.520035947897506290e+00
3.402299765678064375e+14 8.620350003990504106e+00
3.590739891061047500e+14 8.722350900890129211e+00
3.789616980644723750e+14 8.826076449968756066e+00
3.999509097203669375e+14 8.931554335217979812e+00
4.221026320156903125e+14 9.038834532606843553e+00
4.454812518844988750e+14 9.147939171195270447e+00
4.701547224022129375e+14 9.258918593698522770e+00
4.961947603002898125e+14 9.371810887850919869e+00
5.236770544204645000e+14 9.486650627816240799e+00
5.526814857144591875e+14 9.603478968710811969e+00
5.832923594286188750e+14 9.722347610912986937e+00
6.155986501483488750e+14 9.843291889637130865e+00
6.496942604146098750e+14 9.966360126152567389e+00
6.856782936641737500e+14 1.009159236327712250e+01
7.236553422869650000e+14 1.021903984755638284e+01
7.637357916378011250e+14 1.034874880650139062e+01
8.060361408861328750e+14 1.048077112404545019e+01
8.506793416364170000e+14 1.061515562571873872e+01
8.977951553033331250e+14 1.075194997687767362e+01
9.475205302806547500e+14 1.089121318019067886e+01
1.000000000000000000e+15 1.103299358152047027e+01
