1.000000000000000000e+08 1.363110568472644335e+00
1.055386103036523014e+08 1.363917723235571255e+00
1.113839826482618302e+08 1.364753607816863390e+00
1.175531073878367543e+08 1.365619352761543004e+00
1.240639159058834314e+08 1.366516040614690786e+00
1.309353327353612185e+08 1.367444368037345148e+00
1.381873305653633475e+08 1.368405725967161368e+00
1.458409882943986356e+08 1.369401161366634589e+00
1.539185522990205288e+08 1.370431885215812828e+00
1.624435010958865285e+08 1.371499022007725443e+00
1.714406135851968527e+08 1.372603801693281111e+00
1.809360410738712847e+08 1.373747657078529416e+00
1.909573832878100574e+08 1.374931724241589492e+00
2.015337685941735208e+08 1.376157195216593410e+00
2.126959386668691933e+08 1.377426036019577804e+00
2.244763378413223922e+08 1.378739179236922352e+00
2.369092074182631969e+08 1.380098270092079860e+00
2.500306851906321347e+08 1.381504664519188186e+00
2.638789104828929305e+08 1.382960254954197277e+00
2.784941350080649853e+08 1.384466450814830107e+00
2.939188398646890521e+08 1.386024827624184663e+00
3.101978590138099790e+08 1.387637312718693616e+00
3.273785095948576927e+08 1.389305425831678598e+00
3.455107294592218399e+08 1.391030839688323084e+00
3.646472223212745190e+08 1.392815782388038715e+00
3.848436109487425089e+08 1.394661881867361730e+00
4.061585988376971483e+08 1.396571070331692033e+00
4.286541408420934081e+08 1.398545368121197008e+00
4.523956232538058162e+08 1.400586779515327285e+00
4.774520538566131592e+08 1.402697237125873686e+00
5.038962625065150261e+08 1.404879240048838573e+00
5.318051128214197159e+08 1.407134319008702894e+00
5.612597255954965353e+08 1.409465252231449250e+00
5.923457145875793695e+08 1.411874039709054784e+00
6.251534353689699173e+08 1.414362779158022443e+00
6.597782479539546967e+08 1.416933943339771851e+00
6.963207939763890505e+08 1.419590070019150829e+00
7.348872892180387974e+08 1.422333268351330338e+00
7.755898323389002085e+08 1.425166160134562876e+00
8.185467307069020271e+08 1.428091141444494561e+00
8.638828442740435600e+08 1.431110845557360012e+00
9.117299484984903336e+08 1.434227194054012111e+00
9.622271173675154448e+08 1.437443388055721805e+00
1.015521127634569168e+09 1.440761561113272471e+00
1.071766885445503354e+09 1.444184579958431636e+00
1.131127876593921423e+09 1.447714753877355376e+00
1.193776641714435816e+09 1.451354655708787300e+00
1.259895277795025826e+09 1.455107003042622527e+00
1.329675967466209888e+09 1.458974282192026406e+00
1.403321537605481863e+09 1.462958888430685001e+00
1.481046048880676985e+09 1.467063435147661465e+00
1.563075417945817471e+09 1.471290390838264406e+00
1.649648074098020792e+09 1.475642049804776645e+00
1.741015652304015398e+09 1.480120734569376761e+00
1.837443724610724926e+09 1.484728873676725458e+00
1.939212572065826893e+09 1.489468532183640281e+00
2.046617999391993999e+09 1.494341883138833316e+00
2.159972194782721519e+09 1.499350726926719002e+00
2.279604637318982124e+09 1.504497373650025782e+00
2.405863054644066811e+09 1.509783387527131815e+00
2.539114433680346966e+09 1.515210064148078573e+00
2.679746087325689316e+09 1.520779303905355651e+00
2.828166780230029583e+09 1.526492169438737223e+00
2.984807916924321175e+09 1.532349603319030695e+00
3.150124795755321503e+09 1.538352696658668473e+00
3.324597932270945072e+09 1.544502225090806702e+00
3.508734455902714729e+09 1.550798246416109194e+00
3.703069584005141258e+09 1.557241217563549052e+00
3.908168177536263943e+09 1.563830868200231983e+00
4.124626382901348114e+09 1.570567109669174455e+00
4.353073364731883049e+09 1.577448950836550567e+00
4.594173134636466980e+09 1.584475897506117503e+00
4.848626481239088058e+09 1.591646521003943882e+00
5.117173007114609718e+09 1.598959276859121426e+00
5.400593278542373657e+09 1.606412253185051098e+00
5.699711094326075554e+09 1.614003318638444595e+00
6.015395880274832726e+09 1.621730540744278581e+00
6.348565216305210114e+09 1.629590643896421831e+00
6.700187503509576797e+09 1.637581033535234987e+00
7.071284778942981720e+09 1.645698241438679155e+00
7.462935686310145378e+09 1.653938972007986674e+00
7.876278611187063217e+09 1.662299510681225945e+00
8.312514989890631676e+09 1.670776226776609308e+00
8.772912801613355637e+09 1.679364996366565776e+00
9.258810253973945618e+09 1.688061795611371485e+00
9.771619672696161270e+09 1.696862765713239796e+00
1.031283160672186852e+10 1.705763824456276057e+00
1.088401916069007683e+10 1.714760921323279952e+00
1.148684256737554741e+10 1.723850208936846817e+00
1.212305401337652779e+10 1.733028297826177067e+00
1.279450273207873344e+10 1.742291733470780146e+00
1.350314037869872093e+10 1.751637572301479651e+00
1.425102670302996254e+10 1.761062939811863570e+00
1.504033553638022041e+10 1.770565874088331437e+00
1.587336111010205460e+10 1.780144308175941825e+00
1.675252472408210373e+10 1.789797027036811983e+00
1.768038178457208633e+10 1.799523746765981924e+00
1.865962923181745911e+10 1.809324604847249995e+00
1.969311337907421875e+10 1.819199415964440236e+00
2.078383818579755020e+10 1.829149550943800939e+00
2.193497398905055618e+10 1.839176549495321611e+00
2.314986671851165771e+10 1.849282846929153123e+00
2.443204762186491776e+10 1.859470798793216417e+00
2.578524352884276581e+10 1.869743769869596672e+00
2.721338768375308609e+10 1.880104859173128862e+00
2.872063117797828293e+10 1.890557844555047273e+00
3.031135501567576218e+10 1.901106647350282453e+00
3.199018284775060654e+10 1.911754843586500829e+00
3.376199441111333084e+10 1.922506181754142451e+00
3.563193971228576660e+10 1.933364417896049181e+00
3.760545399658160400e+10 1.944332782828086525e+00
3.968827354637165833e+10 1.955414011450048450e+00
4.188645235435270691e+10 1.966610796459557386e+00
4.420637972028530121e+10 1.977924858688237642e+00
4.665479882234468079e+10 1.989358140564833954e+00
4.923882631706731415e+10 2.000910839189796953e+00
5.196597302486207581e+10 2.012583887825835749e+00
5.484416576121026611e+10 2.024377016022834042e+00
5.788177037701280212e+10 2.036289905702597380e+00
6.108761607505039978e+10 2.048321629021818246e+00
6.447102107323869324e+10 2.060471594265650186e+00
6.804181968927093506e+10 2.072738879945832835e+00
7.181039092537341309e+10 2.085123078330646251e+00
7.578768863625914001e+10 2.097623369788191194e+00
7.998527336796691895e+10 2.110240797469792096e+00
8.441534596012959290e+10 2.122975256913039122e+00
8.909078300934143066e+10 2.135827850348970713e+00
9.402517429670132446e+10 2.148800829089713815e+00
9.923286228832545471e+10 2.161896018243198103e+00
1.047289838236357422e+11 2.175116866438408181e+00
1.105295141126019745e+11 2.188466411799740996e+00
1.166513131698198547e+11 2.201948184898210759e+00
1.231121748203892059e+11 2.215565406777266766e+00
1.299308784200417175e+11 2.229321399558928718e+00
1.371272434398400879e+11 2.243219380041661548e+00
1.447221870741134338e+11 2.257261538190514560e+00
1.527377850390712280e+11 2.271450019739197579e+00
1.611973357388155518e+11 2.285786693655041280e+00
1.701254279852585754e+11 2.300271614724379354e+00
1.795480124687826843e+11 2.314906314069514082e+00
1.894924771873815918e+11 2.329690607280868520e+00
1.999877270535286865e+11 2.344625656918140510e+00
2.110642679101554871e+11 2.359711680149078727e+00
2.227542951999556274e+11 2.374949787572405047e+00
2.350917875457284546e+11 2.390341961654630865e+00
2.481126055137765198e+11 2.405890463577116112e+00
2.618545958474237976e+11 2.421597870569198285e+00
2.763577014736163330e+11 2.437467853740982182e+00
2.916640776023706665e+11 2.453504075402614060e+00
3.078182142565079956e+11 2.469710164222098658e+00
3.248670655878374634e+11 2.486088938503522083e+00
3.428601863556583252e+11 2.502643532467407450e+00
3.618498759642742920e+11 2.519375764282799413e+00
3.818913304781846313e+11 2.536288258068193358e+00
4.030428030568041992e+11 2.553381082498410226e+00
4.253657732750374146e+11 2.570656686109452860e+00
4.489251258218607788e+11 2.588115941831978351e+00
4.737893390963143921e+11 2.605761409779840498e+00
5.000306842491090088e+11 2.623595321647754108e+00
5.277254352483532104e+11 2.641620828025963874e+00
5.569540905800124512e+11 2.659841318951888578e+00
5.878016072274924316e+11 2.678261365152079687e+00
6.203576476104281006e+11 2.696884207225114238e+00
6.547168402004742432e+11 2.715713742796495023e+00
6.909790545715645752e+11 2.734751855920314778e+00
7.292496916841444092e+11 2.754001433013751665e+00
7.696399902471151123e+11 2.773464276142376672e+00
8.122673500479703369e+11 2.793143073555387712e+00
8.572556731909306641e+11 2.813039964565350548e+00
9.047357242349274902e+11 2.833158132208570823e+00
9.548455102782264404e+11 2.853502300134693748e+00
1.007730682094457642e+12 2.874075155666298453e+00
1.063544957486011230e+12 2.894882251990764210e+00
1.122450568085305908e+12 2.915927018898722078e+00
1.184618730902682373e+12 2.937212562252543346e+00
1.250230145991453369e+12 2.958741403055320518e+00
1.319475521676708740e+12 2.980516869461072638e+00
1.392556128874464844e+12 3.002542052604761036e+00
1.469684386112447510e+12 3.024820452324809672e+00
1.551084476952840576e+12 3.047356783813882419e+00
1.636993001611701904e+12 3.070155092885706427e+00
1.727659664669034668e+12 3.093220929115135576e+00
1.823348000868438477e+12 3.116557507810149286e+00
1.924336141115976074e+12 3.140168891779969940e+00
2.030917620904730713e+12 3.164058028683718771e+00
2.143402233514850098e+12 3.188229181505175536e+00
2.262116930469017090e+12 3.212686451495263551e+00
2.387406771860646973e+12 3.237435134716326157e+00
2.519635929317013672e+12 3.262480583327994399e+00
2.659188744512690918e+12 3.287827006423872600e+00
2.806470846309833008e+12 3.313479106129392004e+00
2.961910329772559570e+12 3.339440527966630157e+00
3.125959000482284180e+12 3.365716652875959003e+00
3.299093687770942383e+12 3.392311692747874474e+00
3.481817630688966309e+12 3.419231809847638637e+00
3.674661940736687988e+12 3.446482752569816288e+00
3.878187145610719727e+12 3.474068902749725130e+00
4.092984818452434082e+12 3.501995560416006903e+00
4.319679297334164551e+12 3.530267272651571808e+00
4.558929499981049805e+12 3.558890029045240322e+00
4.811430839003245117e+12 3.587870710114735573e+00
5.077917243205382812e+12 3.617214157046199308e+00
5.359163290848514648e+12 3.646926998006112530e+00
5.655986461065001953e+12 3.677013581215363924e+00
5.969249509970727539e+12 3.707480682360955182e+00
6.299862978380680664e+12 3.738334834449694277e+00
6.648787838417276367e+12 3.769582882506381960e+00
7.017038286703836914e+12 3.801230348395588710e+00
7.405684692262442383e+12 3.833284261354981126e+00
7.815856707684090820e+12 3.865750410846978458e+00
8.248746552614581055e+12 3.898637349439711741e+00
8.705612479099856445e+12 3.931950666083611434e+00
9.187782428863320312e+12 3.965698738006773194e+00
9.696657893145500000e+12 3.999886893994602399e+00
1.023371798632517188e+13 4.034524340032837664e+00
1.080052374516249609e+13 4.069617718810433438e+00
1.139872266616047852e+13 4.105174492572338352e+00
1.203005349423324219e+13 4.141203402264229894e+00
1.269635127659972852e+13 4.177712179720974639e+00
1.339955269659337109e+13 4.214708565602852453e+00
1.414170170289021094e+13 4.252201071807719224e+00
1.492495545051832227e+13 4.290198766063495484e+00
1.575159057091624414e+13 4.328708921280865596e+00
1.662400978926613477e+13 4.367742262842804202e+00
1.754474890833459570e+13 4.407306351724938231e+00
1.851648417912153906e+13 4.447410456607094886e+00
1.954204007974051562e+13 4.488065744459460049e+00
2.062439752514088281e+13 4.529280436984798541e+00
2.176670253153454688e+13 4.571062759299226563e+00
2.297227536071146484e+13 4.613426075765167944e+00
2.424462017082320703e+13 4.656378764553349647e+00
2.558743520168578516e+13 4.699931559223762711e+00
2.700462352420682031e+13 4.744093464986505637e+00
2.850030438518105078e+13 4.788877548880517310e+00
3.007882518043095703e+13 4.834294989349182892e+00
3.174477409109187109e+13 4.880355695808001215e+00
3.350299341977236719e+13 4.927072242886323394e+00
3.535859366535182812e+13 4.974456132341504855e+00
3.731696837732755469e+13 5.022518843089122775e+00
3.938380983288489062e+13 5.071273465441476169e+00
4.156512558225988281e+13 5.120732400724233635e+00
4.386725591048494531e+13 5.170909149093176005e+00
4.629689226627258594e+13 5.221816428883331085e+00
4.886109671160316406e+13 5.273465723259237237e+00
5.156732244854953125e+13 5.325873320966475255e+00
5.442343548300250000e+13 5.379052685313166826e+00
5.743773748826563281e+13 5.433017268800045763e+00
6.061898993497571875e+13 5.487783386578444222e+00
6.397643955748423438e+13 5.543364718114527356e+00
6.751984523072494531e+13 5.599775837156951930e+00
7.125950633568396875e+13 5.657032919818528960e+00
7.520629269592421875e+13 5.715153283292972120e+00
7.937167617217559375e+13 5.774150823966825108e+00
8.376776400682925000e+13 5.834045642223759209e+00
8.840733401525062500e+13 5.894850769330057361e+00
9.330387172620360938e+13 5.956585574783560766e+00
9.847160957933764062e+13 6.019268576380742530e+00
1.039255682936710938e+14 6.082917202797464284e+00
1.096816005273135781e+14 6.147550482421606510e+00
1.157564369553301094e+14 6.213185194463630268e+00
1.221677348996788125e+14 6.279845119852577540e+00
1.289341296525710469e+14 6.347545821137484445e+00
1.360752886424333125e+14 6.416310376259870552e+00
1.436119685999077188e+14 6.486158768360072102e+00
1.515660758900601250e+14 6.557112604288279023e+00
1.599607301861484688e+14 6.629194207883648104e+00
1.688203316700366250e+14 6.702424187213242845e+00
1.781706319545732500e+14 6.776824223038263817e+00
1.880388089340916562e+14 6.852421546535988561e+00
1.984535457805803125e+14 6.929237730720721800e+00
2.094451143151468750e+14 7.007300427656050879e+00
2.210454629971019375e+14 7.086627310483516240e+00
2.332883097864153438e+14 7.167252000489470198e+00
2.462092401494620625e+14 7.249194771165313078e+00
2.598458104929241875e+14 7.332485663117846109e+00
2.742376573264941250e+14 7.417150697159037520e+00
2.894266124716740000e+14 7.503217887859824131e+00
3.054568246515431875e+14 7.590718650987171578e+00
3.223748878149026875e+14 7.679679523980149192e+00
3.402299765678064375e+14 7.770122828931413039e+00
3.590739891061047500e+14 7.862102610635567146e+00
3.789616980644723750e+14 7.955628832477965595e+00
3.999509097203669375e+14 8.050743792759950779e+00
4.221026320156903125e+14 8.147471854612284403e+00
4.454812518844988750e+14 8.245857616447468175e+00
4.701547224022129375e+14 8.345927324725598950e+00
4.961947603002898125e+14 8.447721916138345222e+00
5.236770544204645000e+14 8.551275746296269631e+00
5.526814857144591875e+14 8.656623758304453631e+00
5.832923594286188750e+14 8.763810148900132546e+00
6.155986501483488750e+14 8.872865422648093414e+00
6.496942604146098750e+14 8.983845076030201326e+00
6.856782936641737500e+14 9.096763862412462487e+00
7.236553422869650000e+14 9.211693301763984820e+00
7.637357916378011250e+14 9.328661625509532485e+00
8.060361408861328750e+14 9.447706019424227719e+00
8.506793416364170000e+14 9.568890969830469828e+00
8.977951553033331250e+14 9.692248471403971166e+00
9.475205302806547500e+14 9.817829221448285182e+00
1.000000000000000000e+15 9.945682520578570163e+00
