6.725000003994951570e+00 2.081969926262975112e-01
8.175000004856316949e+00 1.977992284489868968e-01
9.625000005717682328e+00 1.879404805679318613e-01
1.107500000657904771e+01 1.785918644874065486e-01
1.252500000744041309e+01 1.697260906323269369e-01
1.397500000830177846e+01 1.613173738359121034e-01
1.542500000916314562e+01 1.533413480953812191e-01
1.687500001002450745e+01 1.457749862817911413e-01
1.832500001088587283e+01 1.385965245092371789e-01
1.977500001174723820e+01 1.317853908865705137e-01
2.122500001260860358e+01 1.253221383916003351e-01
2.267500001346996896e+01 1.191883816235242005e-01
2.412500001433133434e+01 1.133667372041253646e-01
2.557500001519269972e+01 1.078407676121577591e-01
2.702500001605406510e+01 1.025949282483627628e-01
2.847500001691543048e+01 9.761451754078338816e-02
2.992500001777679586e+01 9.288562991150865755e-02
3.137500001863816124e+01 8.839511143674153026e-02
3.282500001949952662e+01 8.413051804218715790e-02
3.427500002036089199e+01 8.008007608523705356e-02
3.572500002122225737e+01 7.623264518432509851e-02
3.717500002208362275e+01 7.257768316418618249e-02
3.862500002294498813e+01 6.910521299359385916e-02
4.007500002380635351e+01 6.580579159951691071e-02
4.152500002466771889e+01 6.267048044855268174e-02
4.297500002552908427e+01 5.969081779298995860e-02
4.442500002639044965e+01 5.685879248495460947e-02
4.587500002725181503e+01 5.416681926782096479e-02
4.732500002811318041e+01 5.160771545945466027e-02
4.877500002897454578e+01 4.917467894690945307e-02
5.022500002983591116e+01 4.686126741695031961e-02
5.167500003069727654e+01 4.466137875123997458e-02
5.312500003155864192e+01 4.256923251921974904e-02
5.457500003242000020e+01 4.057935250565730678e-02
5.602500003328136557e+01 3.868655021353958889e-02
5.747500003414273806e+01 3.688590928646959949e-02
5.892500003500410344e+01 3.517277079800046335e-02
6.037500003586546882e+01 3.354271935841620506e-02
6.182500003672683420e+01 3.199156999236180826e-02
6.327500003758818536e+01 3.051535574344515361e-02
6.472500003844955074e+01 2.911031596449118949e-02
6.617500003931093033e+01 2.777288525453372806e-02
6.762500004017229571e+01 2.649968300589202949e-02
6.907500004103366109e+01 2.528750352680787100e-02
7.052500004189502647e+01 2.413330670711872142e-02
7.197500004275639185e+01 2.303420919632673258e-02
7.342500004361774302e+01 2.198747606519303038e-02
7.487500004447910840e+01 2.099051292365456539e-02
7.632500004534048799e+01 2.004085846942777957e-02
7.777500004620185337e+01 1.913617744313973398e-02
7.922500004706321874e+01 1.827425396721540224e-02
8.067500004792458412e+01 1.745298524705757304e-02
8.212500004878594950e+01 1.667037561428557843e-02
8.357500004964730067e+01 1.592453089295719007e-02
8.502500005050866605e+01 1.521365307078906964e-02
8.647500005137004564e+01 1.453603525841646801e-02
8.792500005223141102e+01 1.389005692070071490e-02
8.937500005309277640e+01 1.327417936500237088e-02
9.082500005395414178e+01 1.268694147219548256e-02
9.227500005481549294e+01 1.212695565700564262e-02
9.372500005567685832e+01 1.159290404501490089e-02
9.517500005653822370e+01 1.108353485439299117e-02
9.662500005739960329e+01 1.059765897108904710e-02
9.807500005826096867e+01 1.013414670685382386e-02
9.952500005912233405e+01 9.691924730061422105e-03
1.009750000599836852e+02 9.269973159864039469e-03
1.024250000608450506e+02 8.867322814745118992e-03
1.038750000617064160e+02 8.483052607037857087e-03
1.053250000625677814e+02 8.116287075448114577e-03
1.067750000634291609e+02 7.766194048066747332e-03
1.082250000642905121e+02 7.431982428775823178e-03
1.096750000651518633e+02 7.112900100349253338e-03
1.111250000660132429e+02 6.808231937921686155e-03
1.125750000668746083e+02 6.517297926851176558e-03
1.140250000677359736e+02 6.239451379333414531e-03
1.154750000685973390e+02 5.974077244437925142e-03
1.169250000694587186e+02 5.720590506532147179e-03
1.183750000703200698e+02 5.478434667337595682e-03
1.198250000711814209e+02 5.247080307125026252e-03
1.212750000720428005e+02 5.026023720803423148e-03
1.227250000729041659e+02 4.814785624891217142e-03
1.241750000737655313e+02 4.612909931579052721e-03
1.256250000746268967e+02 4.419962586301271791e-03
1.270750000754882763e+02 4.235530465430049039e-03
1.285250000763496416e+02 4.059220330891248965e-03
1.299750000772110070e+02 3.890657838676328528e-03
1.314250000780723440e+02 3.729486598389638793e-03
1.328750000789337378e+02 3.575367281126476133e-03
1.343250000797950747e+02 3.427976773124565783e-03
1.357750000806564685e+02 3.287007372770494804e-03
1.372250000815178055e+02 3.152166028674097033e-03
1.386750000823791993e+02 3.023173616647543450e-03
1.401250000832405362e+02 2.899764253543154775e-03
1.415750000841019300e+02 2.781684646014392134e-03
1.430250000849632670e+02 2.668693472369005216e-03
1.444750000858246608e+02 2.560560795781928554e-03
1.459250000866859978e+02 2.457067507228811749e-03
1.473750000875473916e+02 2.358004796589019490e-03
1.488250000884087285e+02 2.263173650450262496e-03
1.502750000892701223e+02 2.172384375225616063e-03
